 -0.00247227271132475  0.00957104784063288  0.01974183511200961  0.03004241247109077
  0.04041878838046831  0.05085202727534153  0.06142286167972152  0.07183477115515222
  0.08222692442683531  0.09266623497884403  0.10309344407498218  0.11346397684949644
  0.12380455741363536  0.13436777926419816  0.14505253577576882  0.15553574838600948
  0.16592206459296752  0.17622415519979492  0.18667299472767343  0.19706499157586532
  0.20747133917421795  0.21785441270722491  0.22830482881592570  0.23882809500580637
  0.24938872644215321  0.25985219250177072  0.27038121665293507  0.28077806127251154
  0.29114687188259791  0.30156454305226332  0.31209094571727053  0.32270229923671939
  0.33315453970512265  0.34382264833393705  0.35446265501542656  0.36506106803843363
  0.37567499408203342  0.38619658066208273  0.39668024395416140  0.40695232279897031
  0.41722159081576271  0.42775687725196604  0.43825631660967523  0.44896546565533513
  0.45969097104052004  0.47038441193545028  0.48107672788093175  0.49152675821285075
  0.50204721906865213  0.51241618557189184  0.52279701755820340  0.53328639648913712
  0.54376015612205730  0.55437653772363060  0.56494806949653320  0.57577929958633312
  0.58641287845158474  0.59698271903573974  0.60734024699001610  0.61789805440549217
  0.62855968887296620  0.63942420776537323  0.65007091416225349  0.66055462411323851
  0.67097687142017037  0.68141876164888981  0.69187087100134259  0.70239125017776449
  0.71302165696648534  0.72381353419321171  0.73455447903901450  0.74527488328041547
  0.75596788890406641  0.76651039707063418  0.77703612737051841  0.78749214875330709
  0.79790650419771458  0.80825914562769985  0.81873873808295017  0.82936737814643302
  0.84016457497993680  0.85100525623790924  0.86185379230594927  0.87265928830199091
  0.88337726527580818  0.89396042973653245  0.90451627027980364  0.91499001679656167
  0.92549239457382981  0.93603376350359491  0.94676294944250705  0.95764772232937645
  0.96832282182748963  0.97886025133041632  0.98941396395634318  1.00000000000000000
 -0.00244076215219094  0.00932817366002977  0.01927831967671259  0.02964520326369673
  0.04009492457716544  0.05059925847299020  0.06113068035842958  0.07165458138226484
  0.08212414290619648  0.09260351371721849  0.10296347221334752  0.11354657630341626
  0.12411504704249243  0.13478180464752015  0.14540405010419857  0.15603893238817895
  0.16657223765921991  0.17704501247941548  0.18744204860694444  0.19796611325581445
  0.20850659893742141  0.21908908870377619  0.22962208571738926  0.24018318527374791
  0.25072999938264762  0.26125162111173383  0.27181438141970388  0.28260384122666576
  0.29331973093009372  0.30391362262785782  0.31445584392327025  0.32512593323414568
  0.33569562023338395  0.34629347110925984  0.35682588014814615  0.36741708838433412
  0.37777661718416272  0.38806603909072190  0.39831964769865874  0.40871891748830896
  0.41916489496522996  0.42976755225107927  0.44036270481304268  0.45083755788233132
  0.46142927226549074  0.47218425472586584  0.48290552749474469  0.49351175543024089
  0.50406030033013294  0.51463997941600070  0.52534362962737891  0.53601894006391193
  0.54667913291925196  0.55714109374836362  0.56758795133048523  0.57792440090449360
  0.58827446820152451  0.59863103357175984  0.60905250032224534  0.61952643276343178
  0.62996763742315065  0.64058538367151030  0.65121984473257166  0.66192564455377823
  0.67248233383523237  0.68306535139316349  0.69355888928889742  0.70413454092988481
  0.71466786420822948  0.72519277390306591  0.73573622685203099  0.74638880362121784
  0.75703479157783948  0.76797728924052477  0.77860362978423991  0.78925966801744873
  0.79962568237548026  0.81002825993790950  0.82043125195321487  0.83079816657336636
  0.84133153329640098  0.85178781911229595  0.86240771263465477  0.87297422694916404
  0.88366680812166332  0.89422741199406108  0.90461144261129245  0.91498067194540234
  0.92550899405660592  0.93594642011040985  0.94647020387467051  0.95694599610729780
  0.96768972138651144  0.97843640710012836  0.98923484241084159  1.00000000000000000
 -0.00242148842558296  0.00941872869277183  0.01933650230451286  0.02980127302800094
  0.04024963525509608  0.05065249603154601  0.06096558676912457  0.07163293989433094
  0.08216551510610354  0.09269516902788583  0.10320814759473365  0.11394533906875298
  0.12478180748748502  0.13551014823502330  0.14606613668155857  0.15656933980237348
  0.16709553901215302  0.17766721363631494  0.18828269258618344  0.19874789888745945
  0.20910619642564338  0.21935383289972174  0.22960832119548796  0.23994210330471621
  0.25025475120523827  0.26074444491576954  0.27123893522724468  0.28181503347441483
  0.29249041464394787  0.30320796977808628  0.31381987387716248  0.32435408840206936
  0.33483470182491243  0.34525452464379031  0.35577428724548538  0.36633563540226655
  0.37690454280643854  0.38731113239637366  0.39766573301804592  0.40791094735511285
  0.41818143479329783  0.42862086739142924  0.43900765083504101  0.44961074635083925
  0.46026985535297699  0.47108496004305389  0.48177440958603546  0.49232551753275727
  0.50289200670794743  0.51337141633293981  0.52384891215281482  0.53433737420031535
  0.54490291596276286  0.55539041135676459  0.56585700282739726  0.57619828532475947
  0.58660199650877942  0.59701069528307737  0.60754204701160364  0.61812632906935072
  0.62876000050634362  0.63947221438685919  0.65018303659251908  0.66091925249776318
  0.67160209972331009  0.68223341847596675  0.69292154490440594  0.70356750514958055
  0.71421867018390339  0.72469369850897947  0.73524112075131476  0.74588754690919123
  0.75651798230617351  0.76710876409819651  0.77782337644734001  0.78867965723101974
  0.79948958638260237  0.81025696860730489  0.82083101809026393  0.83133038499806766
  0.84180065380515634  0.85243318797978918  0.86317866463187665  0.87394516417959411
  0.88457263186659940  0.89515579683948188  0.90572557486256855  0.91643767187058944
  0.92713142198547605  0.93778672249509676  0.94822378444846267  0.95866003009530720
  0.96895388845481745  0.97932442579183454  0.98967375401962610  1.00000000000000000
 -0.01793522648022587  0.09967120706552209  0.13366473244025975  0.15531966962309030
  0.17320655229060716  0.18871792485373878  0.20262615485248842  0.21535270713444865
  0.22717878168566580  0.23823484952864965  0.24868592086605859  0.25858311455205890
  0.26804170954245066  0.27708037567964233  0.28578874296864260  0.29421297447086192
  0.30230439375002954  0.31020086676318159  0.31784378595559770  0.32529136484945048
  0.33262482622773853  0.33972250700934659  0.34670125071127278  0.35355995469118345
  0.36027209488943623  0.36688290063665302  0.37340340645750753  0.37981804097946958
  0.38614834092711608  0.39242529416019767  0.39863153455192629  0.40472919429148069
  0.41079100789216705  0.41679415093144051  0.42271196004078204  0.42859729934480284
  0.43446361941936712  0.44029801268760904  0.44608631524804931  0.45184617528426124
  0.45757369069025355  0.46326760037201486  0.46894242743700648  0.47461153203350909
  0.48027524047674663  0.48592897255854939  0.49157250820454473  0.49721318855650165
  0.50285119347761431  0.50848314083197055  0.51412227816347777  0.51977290298164536
  0.52543764172430052  0.53110915619801746  0.53679025275674730  0.54249102000718818
  0.54822302696369229  0.55398551662935136  0.55976627155735315  0.56559728976419577
  0.57147206092026737  0.57737518467029325  0.58331343363912169  0.58933303637928669
  0.59539563382790661  0.60149427551241419  0.60769511096556394  0.61397165136731913
  0.62030519701187070  0.62672360309934105  0.63324294802425707  0.63984742037938647
  0.64655624507919107  0.65341899350056631  0.66040048308221855  0.66748959674355457
  0.67481006521984188  0.68223415703178980  0.68986493104072433  0.69776213777697249
  0.70584774069025880  0.71427494131408742  0.72298108533219352  0.73202669640584284
  0.74148291788766696  0.75137260893064606  0.76181311503829718  0.77285775391894052
  0.78466504589290154  0.79738493468828020  0.81130083432109046  0.82678637847147918
  0.84467428322938265  0.86625008141388793  0.90016933886831485  1.00000000000000000
   1.8006289666239376E-005  -1.0000000000000000     
 F F F F F F F F
  <DiscreteSampler_grid>
  grouped_processes
  1 # 1 for a reference and 2 for a running grid.
  10 # Attribute 'min_bin_probing_points' of the grid.
  1 # Attribute 'grid_mode' of the grid. 1=='default',2=='initialization'
  0.0000000000000000 # Attribute 'small_contrib_threshold' of the grid.
  0.5000000000000000 # Attribute 'damping_power' of the grid.
 # binID   n_entries weight   weight_sqr   abs_weight
    10   10   1.874150440499865E+010   4.458717570693384E+020   1.874150440499865E+010
    11   10   1.874150440499865E+010   4.458717570693384E+020   1.874150440499865E+010
  </DiscreteSampler_grid>
