  0.00329984062729625  0.01109105206147889  0.02022973968096441  0.02992549801666255
  0.03981979586296349  0.05003697867211458  0.06002972744081039  0.07052653517635551
  0.08146220776162924  0.09306944868817218  0.10453463331463830  0.11617386743440487
  0.12737235516120854  0.13810322970948383  0.14881780186480087  0.15980583355523928
  0.17074608801097332  0.18136132083688247  0.19145205640596077  0.20161141030823471
  0.21149186436000167  0.22148947597012822  0.23136887016662344  0.24105950116265792
  0.25059802665715714  0.26014543323628747  0.27002522843453547  0.28054723820911354
  0.29141740761923818  0.30183177164065833  0.31185734427857492  0.32177721517628061
  0.33179540075467767  0.34166740684990660  0.35129517453466813  0.36101293805106360
  0.37074792368536014  0.38051349382984984  0.39042411650674907  0.40068485039136809
  0.41134899576108275  0.42222917672579030  0.43316767049835847  0.44405923465438729
  0.45475945388236289  0.46511682219876205  0.47512894354268859  0.48531689032398440
  0.49593900579952044  0.50666908209069650  0.51725223805719189  0.52764519906126617
  0.53813765696572236  0.54871077173288718  0.55917555621870474  0.56958157164821066
  0.57996360530206503  0.59029493441474479  0.60058498540532712  0.61116504665057014
  0.62212726510374206  0.63322702382632057  0.64419947086528750  0.65479237853279282
  0.66525063010244523  0.67588611979068325  0.68660882865996697  0.69743299887925558
  0.70851134239781932  0.71995934349095314  0.73146387951360226  0.74275367179237750
  0.75363709439140170  0.76405756742013597  0.77442459965366783  0.78457268941923508
  0.79448291675693661  0.80429919453809851  0.81408260186533843  0.82412984320658178
  0.83416620314917633  0.84425874474550733  0.85457882646334427  0.86525743484021778
  0.87616298820518634  0.88728968843266143  0.89843213224643603  0.90945352649288447
  0.91968499626979960  0.92971416080503277  0.93959666113432716  0.95062541377367149
  0.96174644100453655  0.97235820952281604  0.98273356063485884  1.00000000000000000
  0.00954517847460674  0.01569231085417696  0.02494771060006888  0.03627466820927653
  0.04686517981715156  0.05686242053175568  0.06683072117599062  0.07726158297175108
  0.08782516039440366  0.09832226932740287  0.10895768304830604  0.11976430460110253
  0.13044063847724779  0.14100317119975833  0.15156888567365176  0.16226297812541610
  0.17256362923694010  0.18289174261100341  0.19303010643919874  0.20301049821530434
  0.21317752504482715  0.22306041692728079  0.23299247750192151  0.24327076759806729
  0.25359043255311270  0.26503516148686734  0.27626129067559879  0.28764787225990501
  0.29823215243029050  0.30760198124382043  0.31692384901617687  0.32664877200420334
  0.33692985346182242  0.34758952681112204  0.35819788554967036  0.36865389557488015
  0.37883580852840071  0.38882650372744415  0.39895573180687616  0.40901677119697222
  0.41921934035015262  0.42993554123286365  0.44084182750670520  0.45153673465833882
  0.46187797560829408  0.47199077291159791  0.48176861736579174  0.49136669735449728
  0.50108196120390369  0.51114922338090496  0.52135906155441858  0.53136300938870917
  0.54129655705798885  0.55099627304620391  0.56084165369453487  0.57088639879109071
  0.58123461183651026  0.59171780542455432  0.60213024214584454  0.61239377595564681
  0.62262380181295574  0.63293395347879333  0.64317762662921907  0.65338731399899819
  0.66363728539661626  0.67392504029478129  0.68428636079166039  0.69494339498854274
  0.70600852598318709  0.71693477624529500  0.72754479068483657  0.73775200502263594
  0.74776541593299173  0.75791318172498878  0.76842125987436016  0.77950296518389139
  0.79051194790626589  0.80122054684067889  0.81184264931490868  0.82242247033233162
  0.83293535522296192  0.84321611725525447  0.85343749949865089  0.86369169067907048
  0.87394087214535332  0.88470085698121914  0.89589861169412488  0.90713656646324992
  0.91806238517287764  0.92846012207736606  0.93843759293314133  0.94832739657890441
  0.95863978774218495  0.96915011774552917  0.98009248865885856  1.00000000000000000
  0.00000022258918797  0.00000575406288927  0.00000965708338724  0.00001373970204502
  0.00001782509175118  0.00002211489428139  0.00002714412085930  0.00003293909728170
  0.00003943169265011  0.00004675307764449  0.00005490911302354  0.00006417653702270
  0.00007449045348878  0.00008551132439477  0.00009704915428701  0.00010914723714351
  0.00012185891347492  0.00013522596106316  0.00014964755128026  0.00016503606041761
  0.00018097408728791  0.00019745718234546  0.00021414420899689  0.00023162867963973
  0.00024955202661425  0.00026783762012466  0.00028707478122110  0.00030763547223690
  0.00032942223394394  0.00035188449862075  0.00037553554898196  0.00040044359745532
  0.00042643776826644  0.00045308996061610  0.00048086741907144  0.00050899080808869
  0.00053748172804080  0.00056685727386821  0.00059776656487107  0.00063111025634044
  0.00066586910024692  0.00070225956108205  0.00074035363547104  0.00077933447023799
  0.00081933852013393  0.00086047068325033  0.00090205755974806  0.00094461546738140
  0.00099062854655717  0.00104074728804717  0.00109523487033594  0.00114600172045972
  0.00119945535530905  0.00125516238885921  0.00131435112170816  0.00137629188863352
  0.00144299517716138  0.00151257824279891  0.00158276650319557  0.00164865249179551
  0.00171031666652217  0.00177719387738949  0.00184688371545153  0.00192728737912786
  0.00201499649318771  0.00209163116948561  0.00217027328956991  0.00224919426935633
  0.00233819777564967  0.00242353093487318  0.00252062262502142  0.00261919627163533
  0.00272877175801852  0.00287469006760462  0.00307655677415720  0.00329003436734593
  0.00348179824967360  0.00364104294860185  0.00380169576265766  0.00396685077285297
  0.00412756835037127  0.00427510165713116  0.00443489884006922  0.00462762271841581
  0.00493515976326222  0.00540829422998760  0.00600377861855748  0.00686512188254994
  0.00772646514654240  0.00873296240716956  0.00985435951498124  0.01097575662279293
  0.01178229707009870  0.01254118702332190  0.06938466956444944  1.00000000000000000
 -0.00220576482940935  0.00965895809504067  0.01950327165897472  0.03006204163933815
  0.04045032531724402  0.05158904418830261  0.06278406869923597  0.07388342554710255
  0.08461193288822820  0.09507801028122594  0.10552037669072889  0.11592245718866866
  0.12670997085634544  0.13772571451798313  0.14895954345060511  0.16012485736893725
  0.17133866157150626  0.18256171760865836  0.19344025445895904  0.20386680434912707
  0.21409883074741051  0.22443154841638363  0.23496948668199891  0.24552776965744283
  0.25628013015136764  0.26734696060475788  0.27889548053013569  0.29074216832308597
  0.30252358254018213  0.31415418425325697  0.32558932759161396  0.33723413690257420
  0.34879835796125641  0.36038980367736195  0.37194394770158828  0.38344314441211519
  0.39485487160161842  0.40604019841359995  0.41691649329710262  0.42748604431134918
  0.43793837984075462  0.44829661038980173  0.45880864203218935  0.46951367546454736
  0.48059846666211076  0.49175200074060765  0.50276750348439403  0.51389117363469505
  0.52519770278799682  0.53665583211833168  0.54774751557197798  0.55853665069372993
  0.56933170503627561  0.57996875135782555  0.59104755845201518  0.60261053705174972
  0.61404558203798421  0.62472016539589581  0.63510780558242841  0.64568662100655283
  0.65638158629160748  0.66677748651927604  0.67708523798384646  0.68694247886828019
  0.69691431493947209  0.70680027864803052  0.71732911764751317  0.72769795485803079
  0.73770065221512438  0.74751359521683802  0.75765612351965561  0.76803014546184933
  0.77831094710924764  0.78843195117537046  0.79806058700599192  0.80779849744434840
  0.81708640611979366  0.82677050611576419  0.83652124429763763  0.84694799076501848
  0.85705303609427430  0.86662950505835934  0.87588322866557033  0.88535263745753012
  0.89481592775691710  0.90400627929812638  0.91307944447172207  0.92281449717031228
  0.93262916456570266  0.94233998902362193  0.95164573925943174  0.96103384686217164
  0.97061344599325972  0.98038921820133773  0.99013488909816783  1.00000000000000000
 -0.00177075696983795  0.01034564217754530  0.02057812445899516  0.03124746442840252
  0.04137297715960310  0.05182361564171408  0.06264416485951381  0.07370995497600026
  0.08491855144040406  0.09576653694422115  0.10624240942784048  0.11651787897590858
  0.12704341846718348  0.13743812277692050  0.14760188062972918  0.15769591246887507
  0.16781094722993295  0.17858148715987271  0.18934021321802250  0.20054559717071668
  0.21155908727839759  0.22159213917611068  0.23157497958530571  0.24148526006280913
  0.25156364612048054  0.26186317684516613  0.27174054380185342  0.28192093998523560
  0.29265127033003735  0.30368895405751051  0.31474948652258972  0.32542185255890993
  0.33559812775901987  0.34565484356100484  0.35589577295585823  0.36718937548898561
  0.37848449668425443  0.38966445740392336  0.40042758770358733  0.41111846243991207
  0.42165559138016928  0.43219370632046195  0.44269857087998360  0.45263061934496024
  0.46304142899702150  0.47363805315845003  0.48443492332643867  0.49518258998053771
  0.50558391907657918  0.51583108219837748  0.52604481570301909  0.53648130097979785
  0.54697528275518192  0.55720294606506671  0.56716957289261638  0.57699150651272724
  0.58687127019962582  0.59703305689222452  0.60766875599372128  0.61826572217550535
  0.62864387542664812  0.63896330660845280  0.64956607235577002  0.66071792584418032
  0.67208814640551950  0.68351575048015967  0.69411870798715158  0.70487124268502621
  0.71583248186541226  0.72740734049718181  0.73878114117838622  0.75015213121224533
  0.76191564694714831  0.77336499099244038  0.78414479108882351  0.79468866501730928
  0.80491932934901667  0.81482413624650218  0.82445260700820677  0.83403980881260065
  0.84407130879061287  0.85390203324391734  0.86418136296833303  0.87434615048827757
  0.88493504757363306  0.89550346107596712  0.90627957713472551  0.91722855131760817
  0.92771064565570427  0.93830826753548591  0.94922665169406040  0.95991513880942914
  0.97015855428084541  0.97996306843533920  0.99008443573352489  1.00000000000000000
 -0.00267125540209443  0.01011002268637751  0.02063462191663366  0.03146624328677732
  0.04224738351385729  0.05364106993627458  0.06500712634604937  0.07639821525404109
  0.08703408494264105  0.09750941151802514  0.10805021518018652  0.11853059680251098
  0.12899868231200828  0.13994038712814755  0.15079583653949077  0.16199223527718939
  0.17302019502563920  0.18430526200116237  0.19544358326894667  0.20604800618498026
  0.21627628462861720  0.22630233268216760  0.23652819100163958  0.24695063977560325
  0.25706396870273784  0.26696670710691750  0.27717029901109741  0.28782377812369897
  0.29862252996631178  0.30921489851748563  0.31977271530097923  0.33028422427718868
  0.34067422992090024  0.35128035276393815  0.36241724546315063  0.37378217790399637
  0.38504284491140522  0.39621834094463992  0.40734785660584616  0.41827720709616079
  0.42906032002507577  0.43940161922601828  0.44953073413793321  0.45964288628661282
  0.47003929071930589  0.48061416003401503  0.49145895081463908  0.50264808031465125
  0.51346210290385053  0.52350287394423223  0.53324725981980303  0.54331227929337211
  0.55389243086904327  0.56513736029666606  0.57662838738083266  0.58846681144657753
  0.60043906129351232  0.61216772510504625  0.62359899092408211  0.63456256340218353
  0.64498704745376434  0.65496513821233993  0.66474970874879646  0.67463988016391474
  0.68469529720938038  0.69515697800659704  0.70576292185429801  0.71626257011445538
  0.72674775641686495  0.73751452021542485  0.74865292841494846  0.75968725151227723
  0.77062710324163963  0.78138473513350393  0.79182372364875397  0.80185795809149174
  0.81184872409530551  0.82209435820434063  0.83242049675866647  0.84240014136521868
  0.85199162926118399  0.86141638162071210  0.87078789666185508  0.88014218808778188
  0.88930521672891760  0.89886058402079605  0.90859636124389997  0.91839125374357788
  0.92845469079782161  0.93868115156426934  0.94882795624463234  0.95899256503111663
  0.96915680059643095  0.97956082744380624  0.98976497715100653  1.00000000000000000
 -0.00275371286841497  0.01087331784556995  0.02191505837794316  0.03218047101718825
  0.04233852704164133  0.05256347564764986  0.06296664775883480  0.07323016410097193
  0.08337957524011975  0.09327079582245344  0.10331991789803033  0.11377939096463653
  0.12454959297630140  0.13560059742170538  0.14635469418484578  0.15707233296423787
  0.16769315902309570  0.17852262212590242  0.18935980752970627  0.20047716111554695
  0.21168328784872417  0.22280325204632198  0.23350408567599490  0.24401210951134839
  0.25484734128362457  0.26566555545275128  0.27642436801016834  0.28692997255444075
  0.29793657202073909  0.30903467287803738  0.31993169642317543  0.33050309167111064
  0.34062550799373426  0.35085676989158709  0.36182685584988078  0.37301933366889245
  0.38321348151551293  0.39207878428146470  0.40167709579210381  0.41159860133099224
  0.42212653426152463  0.43245740660093523  0.44286250733863164  0.45341528707611367
  0.46391171691493555  0.47462408749803997  0.48537864048463164  0.49638386234840676
  0.50681415897269178  0.51659382515637264  0.52596801875859800  0.53568071655600746
  0.54613425879129751  0.55692987398500116  0.56798990402214111  0.57895309379122051
  0.58957351584566353  0.59988716163006539  0.61043632246151036  0.62133267212741383
  0.63197469168467091  0.64234256126656752  0.65256112964347368  0.66272424895521054
  0.67303322562911516  0.68352207873788451  0.69438967166635035  0.70533462250113044
  0.71607466458147906  0.72688809429623902  0.73738057003221591  0.74771290137133695
  0.75797411097362044  0.76750578709709461  0.77691553000067914  0.78639498640416639
  0.79656082424089703  0.80762041536216467  0.81873073290621479  0.82994771044030002
  0.84119404175014623  0.85229928320616499  0.86354002166460342  0.87444959008389878
  0.88508464752443350  0.89545571162932591  0.90582877465977096  0.91615119453997751
  0.92657656698564084  0.93672984362660583  0.94698032962521272  0.95696336451233488
  0.96755207922592368  0.97831503870409053  0.98926497850605688  1.00000000000000000
 -0.00205035064339893  0.00974465671505477  0.01974302878179406  0.03025956852964408
  0.04145201084244012  0.05232106665239113  0.06335030536774230  0.07440783891323516
  0.08500817548304382  0.09485655300836734  0.10477102791191496  0.11529185996385453
  0.12525312846537545  0.13541591429744790  0.14550286742333601  0.15711812784226570
  0.16882457555616742  0.18037759613291116  0.19164643144148119  0.20282784725640784
  0.21380995554587648  0.22369405990635532  0.23320257793421498  0.24272624748466665
  0.25255544337783081  0.26224354496551622  0.27219551344332860  0.28302292570814358
  0.29382038724889198  0.30372502714091032  0.31391508460383821  0.32467677754365443
  0.33597085768709589  0.34633293465619480  0.35721090773529052  0.36800495715845555
  0.37852997518511083  0.38859206594172185  0.39875079682919851  0.40922390684383420
  0.42004902769949160  0.43059934330410876  0.44087251481379880  0.45109234486483046
  0.46193653784962929  0.47315453453285333  0.48317150597902658  0.49269977740237125
  0.50218109253257404  0.51289415437423924  0.52416276199773426  0.53511700512796689
  0.54600404207639863  0.55686907926730211  0.56796629438281432  0.57876523042231431
  0.58956077092014691  0.59987965188908099  0.61021026160040037  0.62018470023342620
  0.63018889688387125  0.64008180948476445  0.64989519393022943  0.66080242833490455
  0.67178533477330005  0.68291713883566874  0.69386091911183512  0.70463402778834883
  0.71536612598245275  0.72598998062557718  0.73673647386950092  0.74773729878303130
  0.75879329858560596  0.76972854238325816  0.78090460568141862  0.79221134653790848
  0.80442264133090358  0.81571080881174063  0.82606109193354627  0.83579916544053767
  0.84517754273879564  0.85481496492943476  0.86495132945104003  0.87571452977788844
  0.88662307522765160  0.89776472249086525  0.90950151978844118  0.92056643603681931
  0.93089812342046196  0.94083956503690469  0.95072610687483006  0.96045132781469011
  0.97008412992009829  0.97943765284143336  0.98981353174322662  1.00000000000000000
  0.19754579589414664  0.26099058102806294  0.28404717977702615  0.30922883426836217
  0.33283742650111997  0.35174801679668766  0.36691386048381253  0.38140331030609620
  0.39495981086915721  0.40747358880613932  0.41929823847426673  0.43085182545934425
  0.44173417685406058  0.45207424954198216  0.46202276803704107  0.47189724106258518
  0.48188460032711028  0.49154624225965471  0.50064821539613691  0.50936850338425976
  0.51815341895562061  0.52682842953022924  0.53548557983624556  0.54406684152315532
  0.55229697595991301  0.56058545329374021  0.56870650871849249  0.57654872688852610
  0.58409777336661495  0.59153084796975419  0.59894827637139036  0.60612756958795866
  0.61287858421061192  0.61934557711590965  0.62579987203667287  0.63240291957939088
  0.63907726527922981  0.64576546135722590  0.65229041702543178  0.65887951203963580
  0.66556185002482471  0.67214871704166057  0.67870358239172934  0.68516963202123682
  0.69162377941720343  0.69824676877740299  0.70464434388527453  0.71082655929770600
  0.71673531464778673  0.72267109362225090  0.72863880483486532  0.73455561339853537
  0.74049331116713046  0.74639750542025229  0.75227004442314871  0.75814819514264253
  0.76391828644684412  0.76969354520493172  0.77547138843658214  0.78119055154124151
  0.78685905428184688  0.79257984186298491  0.79848944275554679  0.80452766382703078
  0.81076748442033297  0.81655652270396328  0.82216210130099032  0.82773791488063619
  0.83324993605509545  0.83885707333141091  0.84467898247503959  0.85034321360225373
  0.85577522707700870  0.86099082496610624  0.86623806375923063  0.87167661641121441
  0.87723259891708838  0.88280512252712395  0.88833574013047378  0.89380460730757683
  0.89905024714218029  0.90421085625029429  0.90945647523724460  0.91482179172686451
  0.92034138990885539  0.92585305439189092  0.93158703829867939  0.93761611510162302
  0.94390156681216952  0.95016237257567970  0.95602563400477403  0.96249528818497077
  0.96977192949741819  0.97803082642075567  0.98841719200116207  1.00000000000000000
 -0.01570168719159759  0.09201682854705626  0.13097478014018785  0.15511047699988009
  0.17415008305159638  0.19013187818355406  0.20461306446162891  0.21797963824113370
  0.23011038507459705  0.24084599365369480  0.25118601989752554  0.26113659457334321
  0.27050401327044982  0.27876221104561438  0.28668767178247428  0.29459686883025277
  0.30266154304972509  0.31059600886007621  0.31802611706772921  0.32524437092249103
  0.33240824792515461  0.33941822147590195  0.34623973416134379  0.35299766606122757
  0.35982574756593200  0.36660618141582307  0.37344300368885230  0.38009066189258234
  0.38664209369790176  0.39304553922590763  0.39901878456009249  0.40474012144987070
  0.41066637378196530  0.41678257069815272  0.42289253269746097  0.42878251981005139
  0.43447527073706904  0.43998845953359822  0.44534016612518668  0.45067881253537567
  0.45598597438148769  0.46121627179019292  0.46644019924724212  0.47167056022378950
  0.47690846360810363  0.48212158842316966  0.48734672889587094  0.49264586635274682
  0.49821373766119559  0.50389119559967788  0.50935188930966668  0.51464400290086010
  0.51975314128033545  0.52503516775063275  0.53061660102492259  0.53624263052688625
  0.54210300615184182  0.54833151560436533  0.55465000121822439  0.56099899231076111
  0.56692315010275196  0.57301779958027477  0.57924879570975096  0.58540969979132940
  0.59149153215593830  0.59765831115679935  0.60407750042264119  0.61075106280941038
  0.61748385007031148  0.62424198238495032  0.63115990878680761  0.63832633457138410
  0.64539716167411731  0.65231454801494726  0.65916620841580953  0.66599784075500179
  0.67316775604132884  0.68046368125528567  0.68820192097059085  0.69638360730092941
  0.70478097557581010  0.71375506881961470  0.72282847774360104  0.73207259431366489
  0.74177633144534316  0.75212426852404402  0.76303669746328251  0.77415347163538351
  0.78573502774537296  0.79873477869059817  0.81360316482522632  0.83080584859866569
  0.85085203620163075  0.87514102715442033  0.91178148975555584  1.00000000000000000
   4.8769936833211146E-012  -1.0000000000000000     
 F F F F F F F F F F F F F F F F F F F F F F F F F F F F F F F F
  <DiscreteSampler_grid>
  grouped_processes
  1 # 1 for a reference and 2 for a running grid.
  10 # Attribute 'min_bin_probing_points' of the grid.
  1 # Attribute 'grid_mode' of the grid. 1=='default',2=='initialization'
  0.0000000000000000 # Attribute 'small_contrib_threshold' of the grid.
  0.5000000000000000 # Attribute 'damping_power' of the grid.
 # binID   n_entries weight   weight_sqr   abs_weight
    10   10   1.727826916401272E+001   1.186771275065450E+003   1.727826916401272E+001
    11   10   1.727826916401272E+001   1.186771275065450E+003   1.727826916401272E+001
  </DiscreteSampler_grid>
