  0.00316654589481004  0.01185922256919264  0.02247133936759226  0.03288168182981379
  0.04334287092079410  0.05381530560536323  0.06425047586932379  0.07489720289404340
  0.08549311215817984  0.09610880070615223  0.10685569528516584  0.11777183050931356
  0.12838038517753586  0.13858615785464021  0.14885404288851700  0.15907044126147799
  0.16962532915805578  0.18035536047669376  0.19121591798766621  0.20183454448278129
  0.21228778157996217  0.22283001960130602  0.23353078451096018  0.24412205977027962
  0.25448693914216147  0.26444662900481436  0.27445575436328362  0.28505697242992273
  0.29590766360207449  0.30704270207637113  0.31789395879443377  0.32876314273672125
  0.33947768615894192  0.34995234056222341  0.36025017018875433  0.37052465194805689
  0.38066532772347744  0.39106240153894539  0.40137905704200161  0.41179427176300232
  0.42197008882869647  0.43241246257205462  0.44300018315115547  0.45385112769042418
  0.46463475064803728  0.47563612213808609  0.48643373417423907  0.49717035238731472
  0.50790437942285205  0.51894491649645147  0.53021894795799218  0.54157028581428024
  0.55235207379030649  0.56311747934032341  0.57348568929478794  0.58406254272901237
  0.59453870445091572  0.60480017296775146  0.61489402314709840  0.62479668017954448
  0.63466048738889635  0.64472356315779222  0.65522010377521589  0.66572318682356901
  0.67613692984260343  0.68655915798983724  0.69775943876266366  0.70874611861384529
  0.71936614991697212  0.72994805404348406  0.74086101978242369  0.75183337770725700
  0.76222728345532642  0.77272635473604367  0.78283951798512219  0.79326177906730955
  0.80350947225520841  0.81385736375840312  0.82451198063615860  0.83502221215484373
  0.84589826228313214  0.85665855826541082  0.86766791040410496  0.87866938091518076
  0.88896098958213321  0.89893007124792035  0.90866744779496633  0.91872674787295994
  0.92843371882994652  0.93821961776612661  0.94819414767658494  0.95864743354118298
  0.96907037626433645  0.97948781832208476  0.98979062936460849  1.00000000000000000
  0.00948657062804038  0.01614456464553395  0.02571955389545753  0.03692672462339267
  0.04719354832703870  0.05721110528131741  0.06759219023726445  0.07829791406233415
  0.08906817147545730  0.09998580931495624  0.11107232213121357  0.12260732705036323
  0.13329242818762882  0.14369342386148382  0.15369543679510536  0.16345915627066049
  0.17315185406807743  0.18255126654572904  0.19199736094419836  0.20164821122293891
  0.21145485223712987  0.22178029758595622  0.23226073550311180  0.24293184777785576
  0.25347133066823319  0.26393333321664264  0.27436248941675562  0.28459265343364398
  0.29477515631199169  0.30484318060067889  0.31504381500190592  0.32545554669844373
  0.33564032983552367  0.34579617013148900  0.35577309708018229  0.36587888928325818
  0.37596070444139884  0.38595407127914944  0.39621584476912874  0.40654432334910690
  0.41672617769651388  0.42664187440599177  0.43663339987421307  0.44692611603862958
  0.45740185294965174  0.46789089825758107  0.47843799930459568  0.48910263016622818
  0.49994784163500361  0.51080718015254534  0.52155277959041846  0.53209726940244118
  0.54263265738976241  0.55305574837341598  0.56329295136490876  0.57331795504439220
  0.58345901852367255  0.59384434475037640  0.60439026440803933  0.61485504640864341
  0.62522062326510996  0.63556186231411549  0.64611309556995589  0.65671451075325338
  0.66702640698445825  0.67716349375792173  0.68738085361835222  0.69770023250035584
  0.70800102975054235  0.71834565450558274  0.72876924531142595  0.73936258015729461
  0.75019865031156130  0.76119152266277978  0.77214471234346038  0.78276658073439565
  0.79326460450520642  0.80373192517329606  0.81424375522999848  0.82465516642441794
  0.83487573374548385  0.84501615507607986  0.85520031107756089  0.86569925105892498
  0.87639026321765356  0.88713727731351033  0.89798772301464447  0.90868245970111294
  0.91925469049466635  0.92959946943443406  0.93986007069272448  0.94962340254185784
  0.95943334244115441  0.96980115506357034  0.98027009899999229  1.00000000000000000
 -0.00167431508571105  0.00803678368880122  0.01643835185301800  0.02518786418096584
  0.03405613887839291  0.04289848735978885  0.05147070537103767  0.06020589303369116
  0.06933943030922617  0.07890433380074895  0.08849752460982388  0.09806762489936283
  0.10773274298440877  0.11747991081902161  0.12710314618373875  0.13668588913459029
  0.14647879409518455  0.15659037680323798  0.16732203951921862  0.17838815954020876
  0.18970177898218937  0.20076492891092992  0.21153571651845249  0.22225241096937881
  0.23324244396730606  0.24407423342599768  0.25489311436398826  0.26576429543150948
  0.27707067695561804  0.28868754119268164  0.30044229868152927  0.31261155301008542
  0.32486749318424607  0.33733770602385887  0.34998370755926589  0.36261704803792399
  0.37521666898892120  0.38788979427430659  0.40070619422043141  0.41339213494944582
  0.42597384695457458  0.43863240610534826  0.45138828122256269  0.46399996685643841
  0.47674112247660755  0.48971032397960473  0.50286958516845548  0.51600778184093921
  0.52904633376969490  0.54196408578725819  0.55478228795548501  0.56743111599726948
  0.57993905674526258  0.59239671776663372  0.60474531759824368  0.61684762881833732
  0.62874337450548101  0.64043447544615695  0.65189820391725373  0.66314569078408703
  0.67430713624720062  0.68563251422561822  0.69687554573233457  0.70776556728603890
  0.71824440931384703  0.72875919806931688  0.73951388416553732  0.75035093861912661
  0.76084769168869837  0.77104527443714388  0.78118875368598495  0.79127707109015277
  0.80135606408103244  0.81124903654942582  0.82117788880674869  0.83105774139224009
  0.84064963059627140  0.84989428940768263  0.85900340624558480  0.86816923407377977
  0.87737051816919243  0.88647607707836396  0.89536126702208507  0.90408808525950402
  0.91279806596881896  0.92133676631800476  0.92959265220013954  0.93766605356680544
  0.94556159946196006  0.95336684943749628  0.96122657042709125  0.96905875760548521
  0.97681265570126008  0.98448653928119256  0.99232196596689271  1.00000000000000000
 -0.00228141924053767  0.00936032884529150  0.01917507013843075  0.02922375649576043
  0.03955717005532221  0.04995647990087257  0.06048052300658781  0.07107909664518744
  0.08177409240716269  0.09245123448203475  0.10298490425321148  0.11336760014770453
  0.12359008374983502  0.13360938293528868  0.14379921775534876  0.15424978416352167
  0.16499019993939573  0.17572261718787707  0.18653263083170954  0.19748542654718099
  0.20792707791249623  0.21822283963848646  0.22841936989397141  0.23900022782346111
  0.24965130519983544  0.26025274173698343  0.27067059401049809  0.28087317258513128
  0.29086523266533088  0.30099041054150510  0.31134237282755034  0.32176291271838953
  0.33209529952915040  0.34250324398663134  0.35295270247565969  0.36351378489320979
  0.37396653956241510  0.38439697570792120  0.39493496071956069  0.40546402408006704
  0.41590239977247317  0.42610425356456438  0.43662281018210092  0.44751403115745692
  0.45871199982251643  0.46993979790039930  0.48116324374655844  0.49220939555163329
  0.50301714507523898  0.51359286037379648  0.52418582411096182  0.53496729454274372
  0.54577279236987941  0.55654150423054782  0.56740280276901633  0.57845496084035586
  0.58947554192140672  0.60022827261904332  0.61073128912423791  0.62083511004782554
  0.63067212653241322  0.64054351512293406  0.65066910025613300  0.66090671620292218
  0.67113135033150473  0.68150424501762319  0.69231704130230209  0.70304758331024486
  0.71340032887263072  0.72349873947670429  0.73351286489293144  0.74375701218372947
  0.75420290559760417  0.76466797635629646  0.77486509862842534  0.78513366891732683
  0.79568974479944354  0.80684726162916576  0.81800310055493619  0.82918448661679323
  0.84038722641359587  0.85148747961326687  0.86240630747966585  0.87308444113870320
  0.88370952480832377  0.89451827657299687  0.90495616258935263  0.91538131661464006
  0.92568632291707387  0.93616793638684825  0.94719312629627073  0.95790903705016184
  0.96851715703646257  0.97878411531868970  0.98942614986873256  1.00000000000000000
 -0.00222780051088906  0.00984046278468005  0.02000676044880680  0.03055588938737797
  0.04096383707497937  0.05140837700634149  0.06195102586034221  0.07255846513587062
  0.08342310153724253  0.09413048101981485  0.10494840549015254  0.11591277999329387
  0.12673636878414193  0.13711517166950837  0.14731601069349928  0.15761046882968724
  0.16784293104677511  0.17799347613707742  0.18830990869561381  0.19881800601588612
  0.20926497597144270  0.21947598558375730  0.22957555978404398  0.24043139218037826
  0.25160029511264781  0.26286006928919647  0.27368391361451155  0.28388810623845617
  0.29437031862308621  0.30468974899652695  0.31530218134710047  0.32568158787937840
  0.33578536841827766  0.34569547441528997  0.35565076947407159  0.36583522472184860
  0.37592660370958259  0.38587967863551537  0.39585009118331432  0.40631019160170645
  0.41700173703747018  0.42751676825634438  0.43778837485412148  0.44802581186996560
  0.45872594319462651  0.46963975893133020  0.48043035803433681  0.49093169122194624
  0.50144384996029967  0.51232650362787990  0.52320939610268546  0.53399593160927550
  0.54457655217555168  0.55490991409675561  0.56533848406755383  0.57601221707613737
  0.58679260412444556  0.59761037555300855  0.60838758199253351  0.61921607246578736
  0.63007629972011681  0.64089796755947348  0.65143670235342344  0.66185917389226256
  0.67220457964038172  0.68261671684011238  0.69312508103103521  0.70372523187852543
  0.71434954968266284  0.72484547284779488  0.73539702118093309  0.74641187371157203
  0.75723711141014283  0.76792317355765094  0.77907844904003032  0.79035522910426581
  0.80124962411390888  0.81181964301845655  0.82233433897509112  0.83277304239335970
  0.84282881089172323  0.85300265199226888  0.86320584278846346  0.87329603304283887
  0.88347134690640350  0.89373808262691079  0.90439170861970664  0.91504809137478726
  0.92586490673569577  0.93662751083314322  0.94730494994813297  0.95798249673300129
  0.96841505587123178  0.97896043506776675  0.98940057328132147  1.00000000000000000
 -0.00260357196860981  0.01019901965513576  0.02112688999587516  0.03152584736134383
  0.04195882871826869  0.05219862909218188  0.06276716153243120  0.07325585403381335
  0.08369251502063872  0.09395979756733082  0.10439072654343245  0.11482681712942419
  0.12560603624780897  0.13635977307258473  0.14693979664325063  0.15765674563821663
  0.16788050796582599  0.17833442890990034  0.18838860977062230  0.19883235388548864
  0.20940384923397526  0.22032925429508815  0.23131295444240985  0.24217641984045488
  0.25288949838546465  0.26385832181567409  0.27448366973910399  0.28501278743875386
  0.29543030519002988  0.30577787127152056  0.31593497158166522  0.32569701132352191
  0.33564564179459055  0.34587706738606411  0.35616189930808212  0.36689931979250329
  0.37748079839963217  0.38764975268872481  0.39784133905528257  0.40814520168506863
  0.41833290646103227  0.42817961435264884  0.43790809984391643  0.44838058187352037
  0.45855422362532833  0.46942149691630403  0.48011337250822489  0.49080164114615132
  0.50151912691047129  0.51233631087109177  0.52307764873387275  0.53346351786933810
  0.54397612644093196  0.55456484780120441  0.56512154898934852  0.57565234714845470
  0.58638786721560232  0.59717281150940493  0.60793769731834812  0.61830445046107529
  0.62832880711348715  0.63800478978349484  0.64784699979310201  0.65779944725858042
  0.66777896631444467  0.67793257741271451  0.68826999601013261  0.69891179018007354
  0.70943496045974985  0.71988646932174372  0.73028109423217979  0.74078943034478506
  0.75129175354292954  0.76215540123419634  0.77312257750182256  0.78399612688435760
  0.79480784070715216  0.80573866153131790  0.81664798606095690  0.82759032679804256
  0.83800947197448428  0.84847230427588405  0.85891530221800405  0.86938710875317249
  0.88005384811286547  0.89098635482131661  0.90238098674408529  0.91379433210504613
  0.92468292608088154  0.93545623201964678  0.94606250189133356  0.95687384619970717
  0.96770166174058014  0.97857334403884721  0.98938662756374474  1.00000000000000000
 -0.00289781989230498  0.01183624689566793  0.02382148285329953  0.03645786674040125
  0.04872296046083630  0.06059478141066209  0.07194564131910691  0.08290078754455260
  0.09348704053076252  0.10419732727717468  0.11515584084854151  0.12635424882416432
  0.13759378357613927  0.14883815662473301  0.15985894583048685  0.17090454226911356
  0.18215386935564187  0.19326078051457710  0.20422511037476232  0.21504841307797307
  0.22564827447194025  0.23602894121658780  0.24628402882002828  0.25666205450263052
  0.26696558223554623  0.27697317187936932  0.28674378581922499  0.29650707314869035
  0.30628522405928937  0.31611275202459987  0.32610003877602473  0.33622089877590444
  0.34635256231260353  0.35627944698059694  0.36592503015884931  0.37534785037677704
  0.38470601279589517  0.39430278678679986  0.40431252317090138  0.41443581652088324
  0.42433811871849547  0.43415621969449530  0.44405421846240201  0.45389611847611983
  0.46357823353616173  0.47312715412120715  0.48312170988555914  0.49313657746869805
  0.50293668658003343  0.51220216041766164  0.52140077445504751  0.53090881027248238
  0.54055392262951685  0.55010538020583688  0.55954182123414242  0.56915862399605255
  0.57880467958654758  0.58833265264625156  0.59778279905451004  0.60745258165901839
  0.61749342888393888  0.62728664697295211  0.63711973479595263  0.64667865835077254
  0.65665001854533966  0.66641776762534366  0.67617943691501714  0.68602171970545744
  0.69610917362321301  0.70630500187558687  0.71630673862896921  0.72618847070983050
  0.73607765441116868  0.74604935790746174  0.75598702726252254  0.76599641143238539
  0.77602874648653353  0.78624064946356020  0.79669790356945891  0.80750729337626936
  0.81870576673802753  0.83026685798093247  0.84212198000659910  0.85383128459989110
  0.86528579726526267  0.87677772248841879  0.88847485650853630  0.90052500002305813
  0.91291515854822236  0.92524011298228914  0.93750393231038942  0.94965033394275133
  0.96186527381485987  0.97417916708431951  0.98694719363018391  1.00000000000000000
 -0.00218620220828329  0.00936186799190587  0.01939155014475815  0.03025269236425880
  0.04123834844768738  0.05250998338904654  0.06359309873574560  0.07420537036794921
  0.08468348321959712  0.09487910742475132  0.10514506246505767  0.11508935675008784
  0.12517344951542489  0.13550295474630847  0.14604135186723963  0.15614325345915386
  0.16641356889533682  0.17667871990000220  0.18729796074352581  0.19766034070309207
  0.20795958177136495  0.21820645167014152  0.22867693959259824  0.23915933708789230
  0.24941283316924437  0.25983534748755055  0.27014353070784408  0.28071295549357334
  0.29114421576416127  0.30171285871272796  0.31229948031434479  0.32264993231552652
  0.33297829140992014  0.34356897301563261  0.35444812788875174  0.36580572887485424
  0.37731357363371221  0.38883606854382846  0.39974117249663960  0.41018016073331492
  0.42050094124294218  0.43093310538537288  0.44128006235546119  0.45124975591972966
  0.46117807930034677  0.47117025532276674  0.48130378271752489  0.49119390085810916
  0.50123356512805106  0.51169108007609687  0.52229152610443874  0.53259863334405777
  0.54291718826146296  0.55371056771221927  0.56444209604772788  0.57506945690148514
  0.58565723675412484  0.59601389874770860  0.60660500406767259  0.61733898346512983
  0.62794512227208366  0.63832690600384612  0.64889727408577924  0.66051406882671659
  0.67130770260532913  0.68157883302820044  0.69206579950890978  0.70319661743656336
  0.71398135942062779  0.72459644398359346  0.73513769934560558  0.74577979593022536
  0.75619682917848263  0.76648585062594321  0.77706169375580914  0.78756863974794167
  0.79820165218381822  0.80894299744712117  0.81984047351935263  0.83080494145168149
  0.84169672012119334  0.85290572611529358  0.86388115088874007  0.87486326749646304
  0.88522317430589226  0.89563345623607526  0.90589535860852943  0.91627237244815396
  0.92631987243964475  0.93670328843047768  0.94736512780845861  0.95819175395115175
  0.96874723692433351  0.97925226792895670  0.98967886587413778  1.00000000000000000
  0.20477677255023446  0.24589543611325743  0.25939537678126701  0.27370285655006849
  0.28781874255232076  0.30263457480305739  0.31538243220200873  0.32604855228994367
  0.33589305529731650  0.34473918847023649  0.35299166965419376  0.36064046998236704
  0.36785864361738313  0.37484243991804789  0.38154369264314769  0.38808188918276842
  0.39454281311139583  0.40079592693057153  0.40684393397745661  0.41271188673965242
  0.41859952582372317  0.42447602139966545  0.43042744813740336  0.43636652098766449
  0.44228693927961110  0.44821248584337664  0.45404184831173677  0.45988460150812693
  0.46564952669070503  0.47142356986182765  0.47717148723321001  0.48294210434028956
  0.48871363489516984  0.49443886029005318  0.50015509828888216  0.50593441827812902
  0.51187073734836808  0.51773539349015396  0.52366793737732775  0.52941895498073155
  0.53511485288077354  0.54073163467370944  0.54625299711346242  0.55181904188657505
  0.55752759755614645  0.56326876127337733  0.56900168294632814  0.57470897225442164
  0.58043392190246368  0.58626311908532447  0.59222365006330413  0.59829676706186585
  0.60442980670605895  0.61054662082324462  0.61662308823851364  0.62276343755899211
  0.62894662635328147  0.63528451089651772  0.64151798149756134  0.64786154624240344
  0.65427036763234481  0.66070786321459285  0.66703286243217308  0.67334311953904125
  0.67980434350973606  0.68640338343914653  0.69311639874754694  0.69980304389793480
  0.70640741938066909  0.71298699039581670  0.71964195682611865  0.72645134406479250
  0.73355972443282436  0.74088887535809700  0.74817351356704209  0.75565398490409641
  0.76339959575737315  0.77145445285044267  0.78002203831074823  0.78885927814374979
  0.79774398123549806  0.80658356251003782  0.81557915865679553  0.82484058371208147
  0.83426533772941625  0.84393316534862139  0.85404496559091969  0.86478023535687276
  0.87621500643251249  0.88810781964771601  0.90037830819824571  0.91353089676967125
  0.92863545415555782  0.94633879530759202  0.96843823083886915  1.00000000000000000
 -0.01991353703740636  0.13545580056362339  0.18522062803738376  0.21903890899942943
  0.24695489584151331  0.27084120873871304  0.29174581434482849  0.31046012522659527
  0.32745878220954405  0.34335121884553838  0.35824977725634261  0.37223549247797227
  0.38565521919414031  0.39848213037338021  0.41076091272810111  0.42256619568827808
  0.43386957094373779  0.44466621413393603  0.45511387431708683  0.46530223699498557
  0.47520479017468054  0.48475602160416131  0.49414270134266453  0.50319151082175217
  0.51201591228013721  0.52057838076387619  0.52881745745021824  0.53686841691268428
  0.54467173462775176  0.55225224826092112  0.55965575943457013  0.56679253640348326
  0.57377592973881686  0.58071467083485040  0.58755352517984683  0.59420833461671152
  0.60068256316296953  0.60696816906251316  0.61306851833567666  0.61910889339104014
  0.62505097780107222  0.63090479465885629  0.63671402440696112  0.64246712751862967
  0.64829821685886679  0.65412293233657981  0.65986251207049318  0.66546810751396246
  0.67099363235904175  0.67650460386443467  0.68200050814500601  0.68746502527668252
  0.69289529998089538  0.69818482417839645  0.70346758567411161  0.70871005292736999
  0.71384830969371893  0.71903905807860291  0.72427358425757660  0.72941254867154981
  0.73440906240097381  0.73934697118423154  0.74429840570278138  0.74920484040147362
  0.75398385184684813  0.75865575349667724  0.76330152156629305  0.76793363868173337
  0.77258506578682640  0.77723439422052576  0.78190718846047635  0.78664621293658887
  0.79146898225381312  0.79637595942085682  0.80133098108015099  0.80632921184994810
  0.81129867357438701  0.81644182741524041  0.82156465614019403  0.82668263793919960
  0.83187941942023869  0.83724313640597436  0.84280949534908078  0.84847936201926932
  0.85425733025866979  0.86035020855364841  0.86668050430688182  0.87329423094943703
  0.88037591754862465  0.88782898927756249  0.89583324238574813  0.90495899336395091
  0.91583398588794163  0.93011791970299540  0.95201726586345137  1.00000000000000000
   2.5170504752956730E-006  -1.0000000000000000     
 F F F F F F F F F F F F F F F F F F F F F F F F F F F F F F F F
  <DiscreteSampler_grid>
  grouped_processes
  1 # 1 for a reference and 2 for a running grid.
  10 # Attribute 'min_bin_probing_points' of the grid.
  1 # Attribute 'grid_mode' of the grid. 1=='default',2=='initialization'
  0.0000000000000000 # Attribute 'small_contrib_threshold' of the grid.
  0.5000000000000000 # Attribute 'damping_power' of the grid.
 # binID   n_entries weight   weight_sqr   abs_weight
    10   10   1.114711370536567E+006   2.183506576189376E+012   1.114711370536567E+006
    11   10   1.114711370536561E+006   2.183506576189343E+012   1.114711370536561E+006
  </DiscreteSampler_grid>
