 -0.00230677842815385  0.00927823596230262  0.01927968970815135  0.02976826756907695
  0.04024610418465877  0.05067611396790266  0.06122914313162188  0.07157748645543116
  0.08201517258752380  0.09238068015658253  0.10266120272521058  0.11299685532612415
  0.12324214902534307  0.13388959091858732  0.14446138419782326  0.15509834545335649
  0.16564075857172519  0.17617322312372810  0.18670816285717851  0.19728552511662803
  0.20790386896383686  0.21837160852864473  0.22879831703643236  0.23920254943608810
  0.24954481547619761  0.25996920882352403  0.27034935604846777  0.28085096790501585
  0.29128109465732327  0.30187370330139668  0.31247691711826908  0.32308138739827202
  0.33367406788590070  0.34440064598087755  0.35508236531730358  0.36568811233368359
  0.37610622943139282  0.38661171114387577  0.39704336570505155  0.40752511478105352
  0.41802054178643816  0.42868660259325014  0.43931178298163276  0.44988123474590724
  0.46049974153044493  0.47112714981198273  0.48185758160014686  0.49239235660066594
  0.50296922877099559  0.51340104511102602  0.52377505092603083  0.53420775424183220
  0.54473005250195339  0.55539478148462462  0.56600339373542974  0.57647986746800806
  0.58700464906996941  0.59746330742078146  0.60808437813507488  0.61870140205367596
  0.62936160722428336  0.63988350559709650  0.65053848251533875  0.66122827672305073
  0.67201095857484727  0.68269943819216217  0.69330751243033772  0.70386869662379403
  0.71456883058204612  0.72527026849770804  0.73592428549810407  0.74661095764596874
  0.75743318845392582  0.76831456719562807  0.77901719452417861  0.78962147990272935
  0.79996970799367317  0.81030233812116093  0.82077111362928434  0.83120884390432259
  0.84173078605389884  0.85240342124992052  0.86297243723467376  0.87353552106006682
  0.88403814356051913  0.89455421317420236  0.90502521292161409  0.91537653532520868
  0.92586563277768763  0.93642221223544797  0.94715306107680719  0.95780645979004853
  0.96824463915395975  0.97870765171707630  0.98937209546794380  1.00000000000000000
 -0.00251920718110767  0.00975288144234678  0.01999010143804787  0.03087397329322488
  0.04150033785614506  0.05224051686210388  0.06305942880105236  0.07373377990903708
  0.08430946799885179  0.09462173712149248  0.10495269585648093  0.11534635200574224
  0.12588283185099250  0.13655366369595742  0.14714305294509611  0.15767285737372391
  0.16829099119287952  0.17878781505293753  0.18915945325038919  0.19940226682254764
  0.20965517085688573  0.21993256873118402  0.23016875311118223  0.24055017038945664
  0.25108204482140739  0.26178644281808056  0.27243452942313467  0.28294483782945118
  0.29335442596600658  0.30382215641472360  0.31422895326900657  0.32469246794646173
  0.33515788198746971  0.34553431188629519  0.35587884443157863  0.36618596536517040
  0.37657290029750273  0.38692941413532811  0.39724857714234013  0.40782354804203397
  0.41826215404847356  0.42870780762597366  0.43927560646687869  0.45025294399583010
  0.46115420626366693  0.47172504672103366  0.48236534232694261  0.49312286987071569
  0.50387272412657147  0.51455522834088441  0.52522886991080131  0.53595255982225476
  0.54653526134970432  0.55692936165393425  0.56730343222695967  0.57752281140806583
  0.58791315019152668  0.59816361588062916  0.60845627109533240  0.61888464761567641
  0.62949501271795705  0.64020588787418076  0.65080834706389579  0.66138139411450647
  0.67188081695245816  0.68244710907440631  0.69308498457506951  0.70378076414735302
  0.71447575100409277  0.72517758695657542  0.73580562238620539  0.74642390181615248
  0.75689182785351039  0.76728755389065184  0.77767410130249215  0.78808412898330060
  0.79849222810041875  0.80898581821695048  0.81953011329340908  0.83021921761152417
  0.84095318029501509  0.85171921222483493  0.86239743313802575  0.87291513717435976
  0.88359841236915360  0.89423455176888222  0.90478436975079624  0.91522239780120263
  0.92585044010981354  0.93637820319725362  0.94691086931606760  0.95745204799655492
  0.96815288580461067  0.97890095169577329  0.98940467524200471  1.00000000000000000
 -0.00227248155230529  0.00977060004441472  0.01991963904754384  0.03025242374046525
  0.04049795189362308  0.05090054933547262  0.06137858177777247  0.07175764499938361
  0.08208555897974791  0.09257651758440469  0.10304756908486964  0.11349537784406609
  0.12400227492759140  0.13475692193222832  0.14542501113212383  0.15584805168451143
  0.16644361534027180  0.17709171639780799  0.18770861204792166  0.19810390425338242
  0.20855628053943817  0.21910513851544158  0.22964955473243084  0.24004331221937192
  0.25043318951159199  0.26085117985596673  0.27129182910641308  0.28184562378131228
  0.29227056476006397  0.30294516932407228  0.31359767775562547  0.32409742724247376
  0.33454915059964552  0.34497407799775620  0.35559562773767600  0.36605092998260230
  0.37646410948575970  0.38687054735284293  0.39720760227072144  0.40766412302641591
  0.41807476152210638  0.42869479498480911  0.43924558815691422  0.45003812532783161
  0.46072884119615631  0.47160276263093465  0.48228581695146922  0.49293757894559137
  0.50361498098463364  0.51424392123979112  0.52487163216015142  0.53531331944878802
  0.54580665635177850  0.55630834836162146  0.56682210190551252  0.57740139372849064
  0.58805296952843444  0.59872320230145348  0.60929195928988167  0.61992535076860655
  0.63063379725334878  0.64125056899371913  0.65160617087410988  0.66181912595919590
  0.67212909392012754  0.68260088701056265  0.69303426298167548  0.70352876019759969
  0.71416695178044631  0.72492642556909093  0.73567313504231169  0.74628315907437337
  0.75697914859126425  0.76775348321622594  0.77845597019972057  0.78924735247981459
  0.79997634664675998  0.81059571565897459  0.82109059599354761  0.83158114030128716
  0.84222364381791037  0.85294937619292532  0.86363534307138456  0.87434767501391375
  0.88497476041790035  0.89561723908914503  0.90622858166484088  0.91678118107730777
  0.92722455575609763  0.93752696779409717  0.94778742175491693  0.95810117855176302
  0.96863479000996833  0.97903818254444663  0.98952682860921226  1.00000000000000000
 -0.01723029212160435  0.10001556419933430  0.13414075219782023  0.15574473511725298
  0.17357645383319964  0.18901213487961135  0.20289837374654671  0.21560150406484530
  0.22740503701105186  0.23844416732287396  0.24886594062552231  0.25873123861177777
  0.26816128322057559  0.27717537202876585  0.28586026662803798  0.29426246425489938
  0.30234629029854021  0.31025201693591165  0.31791432558914728  0.32537888900086454
  0.33270790335847977  0.33979903863461886  0.34676226784805680  0.35361497448861451
  0.36032686876305053  0.36694494193276095  0.37347361826893988  0.37988744820878145
  0.38621013651998876  0.39247291130538725  0.39866385473437443  0.40475959289989100
  0.41082367692536514  0.41684467569581718  0.42277713333292960  0.42866654283057243
  0.43452218898165257  0.44033560477183303  0.44611155935008012  0.45187162343355952
  0.45761150881089385  0.46331664994240751  0.46899436910622794  0.47466045986255612
  0.48031531177324244  0.48595722470653974  0.49158972435148274  0.49722031785550092
  0.50283947238174320  0.50846832044291290  0.51410058060265995  0.51974951650614265
  0.52541167949481726  0.53108802242041520  0.53677591918084500  0.54248478619674423
  0.54822323270874451  0.55398023818609132  0.55975251734058273  0.56556533353492633
  0.57141585997211064  0.57730163308973692  0.58322966330661685  0.58923466958123372
  0.59529011740390270  0.60138283436793649  0.60759158118623258  0.61387473866953279
  0.62021390544424004  0.62664041790895630  0.63317567436657041  0.63980164231908487
  0.64652483158371854  0.65338941101658332  0.66036752764268114  0.66746761626931106
  0.67481878236140869  0.68227843176386493  0.68993035875539976  0.69783292407508524
  0.70591166154256024  0.71434211137148929  0.72303965859369190  0.73207162235760603
  0.74148991734282632  0.75134747340631658  0.76176433621493000  0.77279482344894557
  0.78457629636151216  0.79724260845406159  0.81110208394308059  0.82657418961924900
  0.84445032135916420  0.86601529312795700  0.90017962358178061  1.00000000000000000
   1.7914040590510372E-005  -1.0000000000000000     
 F F F F F F F F
  <DiscreteSampler_grid>
  grouped_processes
  1 # 1 for a reference and 2 for a running grid.
  10 # Attribute 'min_bin_probing_points' of the grid.
  1 # Attribute 'grid_mode' of the grid. 1=='default',2=='initialization'
  0.0000000000000000 # Attribute 'small_contrib_threshold' of the grid.
  0.5000000000000000 # Attribute 'damping_power' of the grid.
 # binID   n_entries weight   weight_sqr   abs_weight
    10   10   1.623423720290669E+010   4.149918876630379E+020   1.623423720290669E+010
    11   10   1.623423720290669E+010   4.149918876630379E+020   1.623423720290669E+010
  </DiscreteSampler_grid>
