  0.00245737146083580  0.01257924194290217  0.02349967676633010  0.03437164345446025
  0.04497326806022459  0.05596061931767849  0.06757040122781433  0.07932322985970404
  0.09012772296688544  0.10048351229786955  0.11027954241109150  0.11997734858069198
  0.12951304699607269  0.13948440199352757  0.14949294288353493  0.16004945185758784
  0.17013200578977880  0.18037250504347246  0.19057514276833853  0.20045715197392761
  0.20994457835204056  0.21967899868103513  0.22963539195151858  0.23981463046091089
  0.25029850982157831  0.26102397953614742  0.27205358500094723  0.28312404963264926
  0.29418878754441741  0.30565282926380788  0.31666590642339387  0.32673757039103946
  0.33702796492086340  0.34726375335431342  0.35751922024519234  0.36748966196431443
  0.37738326684723478  0.38750317432026649  0.39757876427517563  0.40786946647248568
  0.41846697942898792  0.42924178125516410  0.43984439376899742  0.45066765534317055
  0.46160617159522038  0.47271971545357366  0.48349044660129631  0.49368049168654432
  0.50411196842821160  0.51489079863987552  0.52598457422204281  0.53690195395577789
  0.54748123796544379  0.55738319601305131  0.56686615841764099  0.57652390820367116
  0.58671898516294130  0.59718848808392999  0.60794468016674030  0.61888258555053011
  0.62949590004431488  0.63971772203378796  0.65000681959856865  0.66083106036966965
  0.67199640625773671  0.68312698689910334  0.69405000778456172  0.70449562773482477
  0.71456631345749499  0.72472393222468512  0.73486282513552237  0.74479644320904226
  0.75453146122043080  0.76457263643246109  0.77542647302677603  0.78607753128524993
  0.79635539530949873  0.80614107128050394  0.81628475044990689  0.82681346990921623
  0.83801743434307463  0.84940991366142027  0.86121756686654916  0.87289389912227955
  0.88395592658102795  0.89429955140186745  0.90499304082209575  0.91590507617670402
  0.92680957712837431  0.93754621191623433  0.94831293480869439  0.95901045387287298
  0.96880136704404518  0.97881788767994848  0.98883132445828248  1.00000000000000000
  0.00976521707208802  0.01570210276325331  0.02468858788122506  0.03547481398981624
  0.04595248872512578  0.05629974032934717  0.06664766305200158  0.07713798128064203
  0.08748611732314851  0.09719677480676762  0.10673186694777369  0.11657952528554778
  0.12631431996953474  0.13649654787806981  0.14675246637402467  0.15744839151173859
  0.16860718305898864  0.17974087519506776  0.19078408875753861  0.20126737451702623
  0.21174566176553927  0.22239303077916939  0.23313577751325301  0.24384802765679719
  0.25371709451342117  0.26349545657057355  0.27354197343566489  0.28413332624072418
  0.29489313581123183  0.30549713931568617  0.31638038376566863  0.32685569758000987
  0.33744311671447924  0.34734716585786507  0.35726527422665921  0.36667409440458859
  0.37650999900777682  0.38728950067748208  0.39883536446564805  0.40970800166558985
  0.42057823947025730  0.43157526572396776  0.44278816199738147  0.45461954060016907
  0.46592085927752874  0.47773026531642609  0.48814147334193386  0.49872010130450695
  0.50909108820161875  0.51889565935535831  0.52895719602800484  0.53880632023105446
  0.54900640794494027  0.55849905448587456  0.56806716956376013  0.57769609363237928
  0.58809111704361028  0.59850611275493237  0.60926526314369056  0.62029141511962027
  0.63180263458463681  0.64331481428115889  0.65454768645058869  0.66500541730948137
  0.67590641810700403  0.68661819633771493  0.69769286047586776  0.70858236684447562
  0.71961006117052817  0.73066293055314258  0.74167225095134259  0.75271207536618556
  0.76366574732229930  0.77435845477373377  0.78515418623383537  0.79555382726520163
  0.80582269465073531  0.81566419231550347  0.82504465674330874  0.83507175130066746
  0.84493004002833827  0.85496829707328248  0.86485462187717477  0.87521105772110963
  0.88627328283741702  0.89719760473465004  0.90814130021965300  0.91873565810283708
  0.92978390920477727  0.94079369662111745  0.95119699409171765  0.96176834767499231
  0.97176333826732142  0.98199027503382930  0.99111536279427714  1.00000000000000000
  0.00000092548322226  0.00000494694237567  0.00000835327094377  0.00001233131540785
  0.00001663974587155  0.00002112316805317  0.00002652940063468  0.00003292670772966
  0.00004035244125259  0.00004926412614402  0.00005975810875056  0.00007179599657569
  0.00008481547324278  0.00009847455133588  0.00011286842874221  0.00012820571263286
  0.00014451267737029  0.00016160881162547  0.00017995034803662  0.00019944651851424
  0.00022004588767002  0.00024234692448586  0.00026607587226668  0.00029067275236010
  0.00031484128661597  0.00034020791254821  0.00036582558186433  0.00039240891699185
  0.00041973482575841  0.00044801110189375  0.00047690834918386  0.00050712756195394
  0.00053973031640721  0.00057693867211980  0.00061761354008263  0.00066154004863520
  0.00070512614862629  0.00074801581536835  0.00079184818895461  0.00083659914431017
  0.00088227695832675  0.00092839767263494  0.00097333956454854  0.00101974914216224
  0.00106406113213923  0.00110932915674493  0.00115532672409414  0.00120558724344517
  0.00126149480397644  0.00131938294547615  0.00137978428273239  0.00143569865904105
  0.00148695040394696  0.00154907108516068  0.00161557227442348  0.00168462448786858
  0.00175743051003345  0.00183048197980387  0.00190406423071942  0.00198358641188054
  0.00207328709568108  0.00217357713385809  0.00227977931948264  0.00238306599901403
  0.00249014229117513  0.00262454807963417  0.00275249516273065  0.00284989471657667
  0.00292703143185350  0.00301396013593304  0.00311781117278728  0.00322635598519719
  0.00333973494906306  0.00346308024345880  0.00359595696145729  0.00373969159762833
  0.00389962845706679  0.00404255568929881  0.00417480292639360  0.00430717090555822
  0.00444386805215041  0.00460383224030871  0.00478058456219678  0.00496703097980767
  0.00516805885503727  0.00556025222740062  0.00591377451527063  0.00625461052677757
  0.00664371078894742  0.00700515146307316  0.00733856042854722  0.00828950488742913
  0.00978975660007611  0.01335801074606409  0.05267459705476323  1.00000000000000000
 -0.00193997041838352  0.01021312185406321  0.02051144194288200  0.03086538207557248
  0.04175488555790879  0.05257070467543558  0.06329967053005539  0.07411002815965388
  0.08560896019093267  0.09750019319591072  0.10895498055389048  0.12014857554950645
  0.13139989228386764  0.14299319972453023  0.15444018348682939  0.16603184192725234
  0.17759731308176241  0.18857715054792368  0.19893158871037245  0.20930410049973816
  0.21987908712808307  0.23085147315674789  0.24209464765631758  0.25401535328476954
  0.26632826777130764  0.27842025283431326  0.28986081573233369  0.30134528237461050
  0.31287492968665953  0.32387107513019159  0.33446226626950082  0.34534399569584329
  0.35638114730062070  0.36743430675228633  0.37833666540376809  0.38951367062265524
  0.40116085622668779  0.41295358478637867  0.42442877836907117  0.43595385063006831
  0.44772537152559039  0.45963132430723874  0.47098296848541960  0.48235804148444728
  0.49374236285981993  0.50521596490489595  0.51675121952507641  0.52810870640910268
  0.53894302951464901  0.54925161059582073  0.55936485731163277  0.57012157763515758
  0.58133767998111985  0.59272671406721811  0.60394692641400061  0.61463754573338980
  0.62498578283052320  0.63537000926797804  0.64561788071527848  0.65465027852200064
  0.66364604988304210  0.67275757476940345  0.68259546658701431  0.69223454678779073
  0.70166382114273795  0.71142706622180318  0.72150242395170472  0.73133129717461742
  0.74040379203806606  0.74922089454703111  0.75844373779518948  0.76820439765337922
  0.77843477260322635  0.78859875380728273  0.79881621031332417  0.80981843522930774
  0.82044225764733625  0.83116053031955883  0.84078503941977001  0.85091036876085324
  0.86080586540448067  0.87044842704516856  0.87910683489801544  0.88740258428213359
  0.89589101492479750  0.90493277319947318  0.91410313630933515  0.92338359997894648
  0.93283569594395432  0.94224080118826747  0.95221084068533446  0.96243395841543311
  0.97242203938971383  0.98242008254966873  0.99109965847374359  1.00000000000000000
 -0.00245350482761058  0.00953843695410457  0.01970805780630565  0.03059597686169783
  0.04105377937061163  0.05098130662418024  0.06057015359052235  0.07089060912749230
  0.08078493397958254  0.09182210963500270  0.10281553155725080  0.11465919562144278
  0.12608351732360265  0.13784876613592134  0.14908787852335306  0.15950136098657494
  0.17009094275163569  0.18116362188460969  0.19204315678396802  0.20254338985868528
  0.21228888315419073  0.22253175551328289  0.23258128976221534  0.24263381503959294
  0.25287695408252037  0.26310240452212980  0.27343203341823669  0.28351474783675062
  0.29343678567940917  0.30354114043937852  0.31372203061115822  0.32376018224452335
  0.33397887082219174  0.34459260322978191  0.35523489418802023  0.36587849480552387
  0.37648133606879086  0.38702585524355071  0.39709276364112872  0.40701439157368652
  0.41704569720007895  0.42792441317333146  0.43915378030046520  0.45033355221082716
  0.46117280507535457  0.47201545672394118  0.48285119382782904  0.49333915628596270
  0.50369792748520203  0.51435850763075486  0.52542883799719786  0.53664953135552118
  0.54756852961684255  0.55824455708860587  0.56880517640125150  0.57865268974710460
  0.58770607326554825  0.59657716792733018  0.60571807198052119  0.61597528453240791
  0.62667175048200041  0.63744242347948554  0.64827068803034449  0.65911026515051896
  0.66986382032756087  0.68046479398307835  0.69111731258615605  0.70183873400973673
  0.71307369752285055  0.72492176447996071  0.73738238522987465  0.74941687199106977
  0.76036572734462782  0.77050584055376281  0.78032948837497651  0.79021960723856055
  0.80052499345268113  0.81163398389132257  0.82318939243178946  0.83456585746511502
  0.84570893233895372  0.85686776861656788  0.86788813724159042  0.87861171748671441
  0.88906155168801626  0.89943052120300360  0.90953546955349240  0.91942997956655959
  0.92944409268282102  0.93940529869666645  0.94906934297322765  0.95864025461781832
  0.96860970233733112  0.97930473308476507  0.98976400991028279  1.00000000000000000
 -0.00228038300623438  0.00933063980891094  0.01985409499971509  0.03137504356311255
  0.04337314706466155  0.05481710940621129  0.06548573998870494  0.07578486478186398
  0.08590484826815130  0.09616820880873447  0.10672630864455102  0.11746796193630162
  0.12820655333239875  0.13892894215597637  0.15021132964611203  0.16189314567186025
  0.17349910682585840  0.18471809427943664  0.19583204295729775  0.20714167746439655
  0.21854178545840638  0.23006914233363138  0.24138182929341609  0.25236406247563814
  0.26321181145103389  0.27429558243880026  0.28594145256566605  0.29729259549427650
  0.30820608837596841  0.31898170320935493  0.32943375280149467  0.33983874020793647
  0.35039818611234674  0.36108794933447846  0.37184899238304991  0.38251445695776948
  0.39287480322926904  0.40281040012143765  0.41260100346133266  0.42289355349642443
  0.43337576363651292  0.44375493146756034  0.45376751169914431  0.46346445258569990
  0.47301913364793252  0.48257062428569120  0.49192778118765701  0.50102003587255017
  0.50984304345717946  0.51872200588629547  0.52829148247948454  0.53858425147880340
  0.54921278037698040  0.55959002734723751  0.56987353338903868  0.58024420744847949
  0.59078047109524456  0.60164243679016660  0.61308862223519844  0.62505602623894341
  0.63700419948744325  0.64832771936203015  0.65891063850112630  0.66902933062801850
  0.67893887131888364  0.68873766099403178  0.69835519385781442  0.70813684819840850
  0.71827849029149027  0.72850739284476496  0.73860924634380409  0.74882169249380404
  0.75921297758380646  0.76988972231771235  0.78078209599336523  0.79150243401993814
  0.80191070488418859  0.81215678687348769  0.82259676504333668  0.83320866792390735
  0.84414983733840010  0.85558010849444577  0.86711604364047501  0.87816532265843783
  0.88834720155590130  0.89840095557595112  0.90822986310818654  0.91802701882128357
  0.92797478911844866  0.93826892800343753  0.94865389710074410  0.95883692948594668
  0.96874803771518514  0.97885914604562629  0.98927632128034704  1.00000000000000000
 -0.00261581200523330  0.01024228628414959  0.02084750969588777  0.03166224804778961
  0.04245501266284471  0.05395362857268907  0.06533523377581288  0.07635787530202037
  0.08708050137648615  0.09789963287916435  0.10938188124097278  0.12067144755141827
  0.13197473620266859  0.14268419784755693  0.15332569684892033  0.16368592807624183
  0.17438872241500097  0.18568610216188230  0.19645815038551354  0.20686722836495541
  0.21740406202140908  0.22836226021050002  0.23895351398351256  0.24904736469782021
  0.25944366163924243  0.26999001098867437  0.28025293967116027  0.29031863364555244
  0.30055792721707558  0.31091041385740242  0.32095795576735558  0.33084024295834280
  0.34106949565279066  0.35179421367782709  0.36281586520842413  0.37378291789762369
  0.38458737011111060  0.39506562426611630  0.40563840778845950  0.41620517633037246
  0.42681417484227741  0.43770799069648431  0.44911639339505649  0.46088244441915416
  0.47191094443640635  0.48267348205599497  0.49228451310097338  0.50235700373835190
  0.51199785718456525  0.52256132639631558  0.53282296261874285  0.54305885817340172
  0.55239046742904974  0.56207833642250216  0.57219590094525097  0.58191761625087490
  0.59132877720537347  0.60113635730664983  0.61265150192919782  0.62506808028668648
  0.63696210645449358  0.64813836940521952  0.65862022724931479  0.66899665032362821
  0.67974539978290571  0.69038113234358611  0.70014632941079702  0.70986742568839445
  0.71978702176548859  0.73015489514045784  0.74057741799604104  0.75102023241508842
  0.76160672003800678  0.77229019354749640  0.78286422481875650  0.79325707886658869
  0.80359072369495221  0.81405293239801257  0.82460519059660764  0.83502817197366141
  0.84540728718495750  0.85521645509815658  0.86438007696369656  0.87324501904224416
  0.88253767533602245  0.89250224254156174  0.90317411484567300  0.91424772789044584
  0.92535027924891200  0.93642737382762531  0.94736608419571122  0.95834408462492793
  0.96869353506329625  0.97885425752082078  0.98933169793734088  1.00000000000000000
 -0.00281103866307420  0.01029559329922402  0.02130836013965233  0.03175916418849159
  0.04216539065918772  0.05252659555741363  0.06258180801823654  0.07241789787921392
  0.08235579051408221  0.09248916717729179  0.10300504938579551  0.11312207504154263
  0.12331071702499871  0.13317457764261773  0.14297016711853897  0.15307472002544270
  0.16358256785305636  0.17419230052598211  0.18484507877447504  0.19505078724558472
  0.20516149606054473  0.21528794939966500  0.22517979980825603  0.23474763530116971
  0.24435322331913326  0.25467638739138593  0.26566642135180440  0.27661700231558106
  0.28746364797761342  0.29863300551872901  0.30999173641741729  0.32146159014469688
  0.33207704241351998  0.34199595177833220  0.35146483911393889  0.36163672148540604
  0.37133740440156299  0.38125500570422344  0.39133446235449443  0.40214418846528649
  0.41290332893693021  0.42424691086412081  0.43540173453539560  0.44606159103960724
  0.45643579051648814  0.46723398341516975  0.47813930609193811  0.48869271266861702
  0.49891784870799849  0.50933754493221295  0.52004146432770371  0.53077238962366924
  0.54092433927496919  0.55099634557781219  0.56084167741378832  0.57111988378331213
  0.58143357244323213  0.59117212617007442  0.60114983378650910  0.61144347716391823
  0.62268927943166652  0.63384459295208861  0.64522776190306874  0.65647576233822458
  0.66784944856629425  0.67936546185313995  0.69059684413491162  0.70162299485324742
  0.71260841108076622  0.72374509713186341  0.73459918774847133  0.74477755095790310
  0.75485106942729585  0.76514711314941741  0.77556393031404514  0.78622424551545322
  0.79691009982309646  0.80775019965617789  0.81841926747170690  0.82924312696111380
  0.84024460102474341  0.85098139416956697  0.86175444464241313  0.87200141985113611
  0.88205418879861086  0.89215833074002804  0.90221159676056450  0.91251990244656889
  0.92289397608412915  0.93408861124627540  0.94503731635057331  0.95565553772230538
  0.96666668869638794  0.97774622513098630  0.98880600562139342  1.00000000000000000
  0.20390284485547919  0.27851905715814201  0.30685992522820321  0.33319184035880323
  0.35505583548231423  0.37402258439079389  0.39127545925020346  0.40651898481824889
  0.42063969504872784  0.43363080418723654  0.44614506991538821  0.45793078099338080
  0.46919567182876398  0.48010817513312565  0.49059550409657249  0.50081484619410510
  0.51065525185115468  0.52033457226902025  0.52959515451898442  0.53867285419036104
  0.54773047978264966  0.55695830732917095  0.56619313352567024  0.57523111515135328
  0.58400065379467181  0.59274988632692538  0.60122807261937761  0.60918104319539201
  0.61682784158182413  0.62452359455332540  0.63206031638946270  0.63963829390688687
  0.64740298800064633  0.65473235122060902  0.66198045343438361  0.66904325186518865
  0.67638936518233483  0.68334346957010073  0.69021138614330135  0.69719409976821189
  0.70416045632042490  0.71111220952112586  0.71795927801644288  0.72480431472078644
  0.73129219041874904  0.73750260112979549  0.74368628671657055  0.74966350353674116
  0.75557255160332504  0.76152249267130712  0.76743165835963989  0.77342158834296559
  0.77920743174985363  0.78503153499178979  0.79063352190598535  0.79599837284935804
  0.80129843224651132  0.80674188938732072  0.81232720357979060  0.81787849011345881
  0.82337273290322599  0.82871762302313579  0.83399431836683446  0.83920577326436974
  0.84443724661712516  0.84955990161797679  0.85470690133237559  0.86001814339582583
  0.86529479587805191  0.87046819577856704  0.87569007840358781  0.88097759521563279
  0.88633681324569857  0.89173919401112733  0.89698731741135140  0.90172443009531167
  0.90640951336353648  0.91095550199442499  0.91544763371202686  0.91981092424510913
  0.92411149649682467  0.92849460453402843  0.93295049632575100  0.93740813437137671
  0.94181871894216562  0.94602267588358013  0.95021792926593729  0.95452184254381101
  0.95926256875156368  0.96444626077299345  0.96937974099610447  0.97398273274694469
  0.97853761070127421  0.98375027882471155  0.99043571666454766  1.00000000000000000
 -0.01916165589509927  0.12752556572257423  0.17331393172276433  0.20310910929325127
  0.22696506432407834  0.24658925907949075  0.26405069794458136  0.27929628585074340
  0.29244812151888389  0.30460278957732184  0.31656356508320088  0.32853105547053985
  0.34017513673327582  0.35134024182946771  0.36198361885486430  0.37213215209476419
  0.38143585098261346  0.39035175557281587  0.39923920505927574  0.40826643823683706
  0.41729986334068886  0.42572970401550597  0.43403058843006265  0.44174929367335275
  0.44931198882400514  0.45679276994201934  0.46406238021127227  0.47139283652185643
  0.47874674325083394  0.48595939485625711  0.49313837845022440  0.50038310034302569
  0.50762191835609660  0.51487575139650177  0.52215145452463507  0.52934875741528808
  0.53635662801274642  0.54275221772745363  0.54862217396683566  0.55444600247515596
  0.56013337167054611  0.56574412927634865  0.57130290046425458  0.57698717596616023
  0.58290730822601244  0.58922058337868177  0.59588233645041189  0.60218281131307871
  0.60808199485010817  0.61394435076201404  0.61994829811842944  0.62589551849890301
  0.63156779227809090  0.63712852229777428  0.64250394465193028  0.64763921203045083
  0.65258358646206394  0.65765022276714424  0.66285686188721993  0.66818958279360507
  0.67362229937245410  0.67903915607361731  0.68435720940879641  0.68965966376903032
  0.69495015327599985  0.70011690359547885  0.70524808597630684  0.71043563048381897
  0.71576986886482641  0.72138228351928224  0.72715944071438054  0.73301942416976074
  0.73895388350379210  0.74494850945096114  0.75092636708721772  0.75678980932136053
  0.76254268760587951  0.76834719981672328  0.77435805037542726  0.78083330621304359
  0.78707951666025433  0.79327304925090880  0.79938283936753352  0.80587148028224775
  0.81292849671009559  0.82062325901077737  0.82864799209062501  0.83670113221252185
  0.84494677482530256  0.85387653642069639  0.86420123616612865  0.87600659195805630
  0.88969526027725210  0.90745261067096183  0.93549588962013552  1.00000000000000000
   1.0003242379701122E-013  -1.0000000000000000     
 F F F F F F F F F F F F F F F F F F F F F F F F F F F F F F F F
  <DiscreteSampler_grid>
  grouped_processes
  1 # 1 for a reference and 2 for a running grid.
  10 # Attribute 'min_bin_probing_points' of the grid.
  1 # Attribute 'grid_mode' of the grid. 1=='default',2=='initialization'
  0.0000000000000000 # Attribute 'small_contrib_threshold' of the grid.
  0.5000000000000000 # Attribute 'damping_power' of the grid.
 # binID   n_entries weight   weight_sqr   abs_weight
    10   10   1.649138492816080E-001   5.458870153253922E-002   1.649138492816080E-001
    11   10   1.649138492816053E-001   5.458870153253649E-002   1.649138492816053E-001
  </DiscreteSampler_grid>
