 -0.00246605310894964  0.00949051105713425  0.01964162245616711  0.03015655243908678
  0.04069954163267490  0.05124181937710529  0.06177701328613512  0.07231022739843421
  0.08285126115867526  0.09339212530658268  0.10393967110255647  0.11448757762735401
  0.12503511951888296  0.13557163447947262  0.14610596534769960  0.15664209822100125
  0.16719018282325057  0.17773971201973898  0.18829182331666328  0.19884293752141152
  0.20939389382473195  0.21994570191018922  0.23049783675828880  0.24104521754498892
  0.25159389411131827  0.26213686875116260  0.27268120189604628  0.28321471555118971
  0.29375217165462758  0.30429302632202354  0.31484623057395300  0.32538467493336592
  0.33592150472360455  0.34645722857399169  0.35700643686932043  0.36754808951499351
  0.37808211565500049  0.38861570260110140  0.39915049483604098  0.40969448884167986
  0.42023458993240248  0.43077275075014793  0.44130982450638723  0.45185145343826333
  0.46239529191186174  0.47293750169619853  0.48347330964071711  0.49401477840491492
  0.50455003983968716  0.51507973945555929  0.52561014126767991  0.53614863167902327
  0.54669235891757628  0.55723733027499067  0.56777061782299953  0.57829939427743249
  0.58882660671417286  0.59936324385168016  0.60990850042484612  0.62044661673048429
  0.63098660728769018  0.64153018204135914  0.65207884191894683  0.66262846642456663
  0.67316729111315332  0.68371175736062784  0.69424832009801607  0.70479294263605619
  0.71533413148602609  0.72588189941980885  0.73643048461026339  0.74698070401569772
  0.75752874367791523  0.76807487230977989  0.77860189372357891  0.78912719291588351
  0.79965694953505762  0.81019744224812862  0.82074030684442945  0.83126815476379601
  0.84180489471930076  0.85234163136872731  0.86289553189053947  0.87343975695244014
  0.88398596028357668  0.89453194408674308  0.90508479527795926  0.91563346393871825
  0.92617988195145740  0.93672857208155402  0.94728190275458302  0.95782821613481273
  0.96837147503676879  0.97890820631091202  0.98945398503578708  1.00000000000000000
 -0.00252797758847672  0.00946218526758711  0.01961895335361076  0.03013788943390974
  0.04069297066601604  0.05123858191280887  0.06178187691394241  0.07232379321310309
  0.08287213193873684  0.09342045823533313  0.10396887007278616  0.11451760834349732
  0.12505542709827941  0.13559110488914469  0.14612501521860555  0.15666732839183842
  0.16720662460709940  0.17774592672694212  0.18828464899527148  0.19881419628636465
  0.20933767586349591  0.21985997680679842  0.23039828329527190  0.24094232119271328
  0.25148716233538804  0.26203176988488697  0.27257742591353068  0.28312181663313513
  0.29366388580248282  0.30419188302637212  0.31472296660075683  0.32525785912813809
  0.33579733611848389  0.34633309870468809  0.35686565827906225  0.36740407016838444
  0.37795039329602864  0.38849685078240570  0.39904828432153089  0.40960101334104349
  0.42014086596846290  0.43067175556166115  0.44119896014915622  0.45174068526420602
  0.46229215535783852  0.47283678593185280  0.48338214820450109  0.49392750422729798
  0.50447040375152530  0.51501066893452663  0.52553401765577856  0.53606683125368371
  0.54660263791383545  0.55714336961184074  0.56768266383229327  0.57821505187725530
  0.58875451280159075  0.59929479071204739  0.60983945560507347  0.62038682018066149
  0.63092690229317228  0.64146891934255568  0.65200928720538698  0.66255173974152104
  0.67309251350577370  0.68362883333703117  0.69417107107201803  0.70471428480220821
  0.71526473456811390  0.72581797047175223  0.73636226876787647  0.74690360152032009
  0.75744012829447871  0.76798421092366853  0.77852761043042984  0.78907558603967476
  0.79962109070494791  0.81016642288777563  0.82070265897541839  0.83124376244493270
  0.84178922055260441  0.85234378003168476  0.86289081851808935  0.87343753450974615
  0.88397910051517425  0.89452550542376308  0.90506999635110452  0.91561846833343041
  0.92616869994939433  0.93672094211561474  0.94727106246129178  0.95782164296237016
  0.96836993140129735  0.97891981616841584  0.98946123922450280  1.00000000000000000
   1.2072628672773331E-009  -1.0000000000000000     
 T F
  <DiscreteSampler_grid>
  grouped_processes
  1 # 1 for a reference and 2 for a running grid.
  10 # Attribute 'min_bin_probing_points' of the grid.
  1 # Attribute 'grid_mode' of the grid. 1=='default',2=='initialization'
  0.0000000000000000 # Attribute 'small_contrib_threshold' of the grid.
  0.5000000000000000 # Attribute 'damping_power' of the grid.
 # binID   n_entries weight   weight_sqr   abs_weight
    10   10   1.946898240000001E+006   3.790412756915101E+012   1.946898240000001E+006
  </DiscreteSampler_grid>
