  0.00986108989861340  0.01531530005730027  0.02436220551543024  0.03471668693345976
  0.04527515327871379  0.05602201676246633  0.06660189850497274  0.07678272296304378
  0.08673964280177772  0.09668339878238125  0.10679706229042847  0.11702591492237333
  0.12726444000918447  0.13765686311913269  0.14791126024461415  0.15853375881676712
  0.16895947815601220  0.17973937014009436  0.19039250943191949  0.20113025581547569
  0.21184347656181232  0.22256414269560709  0.23329461825000244  0.24420592980264313
  0.25441945962295698  0.26457174228258717  0.27492932331915165  0.28563161331356163
  0.29636178967110566  0.30675654147896264  0.31718160318426586  0.32773254983365074
  0.33803574948837650  0.34827548634888983  0.35846354161656874  0.36853416768241781
  0.37840977634553302  0.38832547227055436  0.39844670263699877  0.40876849517173258
  0.41912920002332155  0.42943037716024479  0.43965676366672063  0.44955121368738654
  0.45934495862143571  0.46943182850808113  0.47969192038357661  0.48996295735588091
  0.50018772280482715  0.51050499199707822  0.52087764722989116  0.53082049306579659
  0.54075562149735423  0.55071071985989073  0.56087112440529252  0.57111916721899803
  0.58149803854177029  0.59217996637873060  0.60340458650373274  0.61500479006300135
  0.62654127032853946  0.63738162375197260  0.64810286767282732  0.65904857123246552
  0.66979261669078016  0.68023588012635183  0.69038857715383428  0.70053740768239336
  0.71038873882599729  0.72011040216508837  0.73000150967084454  0.74042102804612231
  0.75086845043383199  0.76145946316859170  0.77223573948866064  0.78359591264317385
  0.79505748441940838  0.80648338822899091  0.81781851946900808  0.82888644549736656
  0.83936885745691503  0.84960596226172558  0.85981682340456689  0.87009690463425415
  0.88016225548989135  0.89008893410532586  0.90012215752848268  0.91044112916014286
  0.92062252070536543  0.93062012050287002  0.94067800662087464  0.95072733579822477
  0.96095393876685986  0.97096342630181887  0.98083353587164201  1.00000000000000000
  0.00000250493852634  0.00000273281910202  0.00000303549259192  0.00000331451256426
  0.00000357562112571  0.00000383591695573  0.00000408968454513  0.00000434162158212
  0.00000460032617741  0.00000486880623303  0.00000515102253180  0.00000543816490230
  0.00000572622902848  0.00000601961514679  0.00000631771315943  0.00000661937996335
  0.00000692993995957  0.00000725284664145  0.00000758225896295  0.00000791611592736
  0.00000826345950190  0.00000861674584856  0.00000897589268779  0.00000934639062277
  0.00000973081596733  0.00001011356646109  0.00001050320449683  0.00001090898030553
  0.00001132953402064  0.00001175740263058  0.00001218503248683  0.00001262898927496
  0.00001312102796920  0.00001361067040090  0.00001410792130287  0.00001461801442867
  0.00001517805639536  0.00001575179846352  0.00001633197288376  0.00001694415490969
  0.00001761315846457  0.00001830537017514  0.00001901948361253  0.00001978034466044
  0.00002058678529686  0.00002141120479370  0.00002224946282516  0.00002314896280345
  0.00002414822372946  0.00002517869078347  0.00002626229208628  0.00002744406361502
  0.00002868981184337  0.00002998704846362  0.00003138640776662  0.00003287616870920
  0.00003441713152256  0.00003603580664845  0.00003778786974650  0.00003966006166218
  0.00004158960855214  0.00004384251649871  0.00004618416017215  0.00004874852086449
  0.00005153016920529  0.00005448155066573  0.00005763857110342  0.00006123223492448
  0.00006508470574284  0.00006930516921550  0.00007378451493301  0.00007884615800568
  0.00008437063346456  0.00009056735048570  0.00009735241812158  0.00010482098400381
  0.00011317332237134  0.00012247051100055  0.00013316078233160  0.00014526527194333
  0.00015918937823141  0.00017565383123569  0.00019457281124851  0.00021626864610564
  0.00024183110493112  0.00027253949372187  0.00031372788594709  0.00036560235273595
  0.00043006246669615  0.00051068074877916  0.00061401603116211  0.00076138445173436
  0.00096919281114995  0.00136790586665140  0.05820305784396330  1.00000000000000000
 -0.00206496365599618  0.00972418510997146  0.02003202270051398  0.03058157819409811
  0.04110205951684676  0.05181069768500497  0.06251473927352895  0.07314068585953649
  0.08364351860343128  0.09439628639184183  0.10520878286755427  0.11582870001825520
  0.12655659146043735  0.13712968687306432  0.14806840564381765  0.15897234709515820
  0.16960506845965576  0.18022981391423215  0.19086452343906266  0.20170031416573420
  0.21266169640275920  0.22324684998505534  0.23396574655055163  0.24424642504595465
  0.25472374534799641  0.26559117618133365  0.27655069436919416  0.28737765389591580
  0.29766448249858335  0.30808598317740765  0.31848764863621626  0.32862829476994682
  0.33881370465080302  0.34906582432013611  0.35943085958063564  0.36991486813514995
  0.38018009763190957  0.39074444423504145  0.40122088602961881  0.41215420160731203
  0.42292111567827839  0.43377230692509361  0.44475211545162341  0.45562465158111054
  0.46649223819654329  0.47731975028044937  0.48806865477196176  0.49870115275695504
  0.50932904345408114  0.52031469121302432  0.53156614406714764  0.54261255564321575
  0.55304318140672737  0.56331444796193320  0.57364596998987583  0.58431690479421272
  0.59476130665157123  0.60505820313173808  0.61506917875072797  0.62507241450914131
  0.63476778501134890  0.64470333984405070  0.65471715461497437  0.66480236500583045
  0.67522996278217573  0.68519399438424444  0.69595812588017192  0.70659022021864482
  0.71788212364260784  0.72908950433838049  0.73982333417996082  0.75039353897402072
  0.76101212035920907  0.77160183053413844  0.78219975498900296  0.79251934204424590
  0.80272022986117608  0.81305776402135133  0.82324686837844396  0.83321500921232283
  0.84306013944062907  0.85285770498444680  0.86381122409863664  0.87484696819595598
  0.88672315447120886  0.89818097328908630  0.90873690086047409  0.91919867341370698
  0.92947690756046664  0.93942141475249663  0.94901248729964072  0.95865709452188919
  0.96920937373452687  0.97968026140975484  0.98989017960408965  1.00000000000000000
 -0.00204599533919912  0.00963370093938662  0.01959772447687576  0.03004338074531402
  0.04066604944957031  0.05104392760252631  0.06135498861950855  0.07164838095679897
  0.08190310742816212  0.09235786730525784  0.10295947597915671  0.11347241072651444
  0.12376834831764436  0.13401493892909938  0.14415315561367256  0.15404634956729585
  0.16373131685091197  0.17388283024372772  0.18462209684731157  0.19508854659234634
  0.20517937327526584  0.21531400960574990  0.22581119379591405  0.23635176888931064
  0.24680715046962096  0.25738210126762889  0.26847581816047839  0.27908211687454543
  0.29007964446967521  0.30037124007270999  0.31071892170222937  0.32090401080264191
  0.33089149992753109  0.34075529677958716  0.35067732554024023  0.36114642096454508
  0.37205124927097888  0.38277304832051001  0.39364136358275764  0.40426944266761833
  0.41535588210816587  0.42684439601821350  0.43846144251360769  0.44993434655465825
  0.46114566895828990  0.47215624657238131  0.48316793918986678  0.49416160775901663
  0.50497389537253146  0.51543791266168049  0.52607392783812601  0.53703479459793901
  0.54777767368778463  0.55814200263891289  0.56858722788603411  0.57910080189096080
  0.58976749857336719  0.60060834396734530  0.61103595061237037  0.62141085782130212
  0.63153543119399203  0.64167939970131294  0.65156050238693064  0.66110164698948304
  0.67073756286832142  0.68043553290844760  0.69031986513943122  0.70063982031400363
  0.71144642647432454  0.72244959856473723  0.73313884187088385  0.74330319387661592
  0.75350137930886285  0.76390491153810880  0.77399602499544329  0.78397636413561866
  0.79385630992867118  0.80393111339284540  0.81422781633802166  0.82461762145068807
  0.83509252553988966  0.84602615679096782  0.85694672581475206  0.86882388589190829
  0.88025653714979035  0.89173008317886582  0.90300432256494678  0.91427300028693148
  0.92449472899746798  0.93458679268394318  0.94522597694698018  0.95629888959249743
  0.96697667104116580  0.97766980893644984  0.98884586089960136  1.00000000000000000
 -0.00248761950011585  0.00990998949347719  0.02090532118419941  0.03155834479895413
  0.04220201651664857  0.05246665329547127  0.06272250238358017  0.07269544342692819
  0.08247306698174756  0.09212165044997157  0.10180715814659536  0.11144434010554642
  0.12124832990075264  0.13138314123366149  0.14183218841994596  0.15255971265480256
  0.16310808111611733  0.17331108153003463  0.18305484012464451  0.19252569690300436
  0.20209442291742769  0.21205006817453770  0.22213575623571211  0.23246498969751733
  0.24315752143671443  0.25424481021050022  0.26561313383909796  0.27698595518491054
  0.28816986391773758  0.29910069397614408  0.30979122487225252  0.32038179488554730
  0.33111727076559072  0.34164282715067851  0.35201066064194569  0.36243300830189434
  0.37287178940810251  0.38344244481023460  0.39435040420924228  0.40558636660785707
  0.41673146812727541  0.42749082896650731  0.43841839608499023  0.44969444940291503
  0.46080780189512927  0.47185566341987972  0.48287162347347429  0.49402824143940555
  0.50471548371511044  0.51526130929018088  0.52564643250953502  0.53614080020835142
  0.54669091851847051  0.55738112237619863  0.56785125007678838  0.57817393035386522
  0.58861190806116681  0.59902024195008619  0.60920944037822888  0.61899628633685244
  0.62903720107304695  0.63935859261237693  0.64980964553335863  0.66032272780156209
  0.67107728973853897  0.68184509655926273  0.69235647118808086  0.70275757555766760
  0.71331753397586828  0.72389453841777374  0.73452667675876004  0.74487700629476683
  0.75582836662135833  0.76688669125650322  0.77808902820479175  0.78922014817181585
  0.80006175291867332  0.81055207938529494  0.82134627225297097  0.83229231645074209
  0.84335076232210782  0.85422855828214306  0.86479213301568936  0.87520710984742789
  0.88529674385770674  0.89571592760905094  0.90609738827062924  0.91696687666221621
  0.92697872174380036  0.93708707186367468  0.94729864311798917  0.95786942170578770
  0.96851077823281040  0.97873765026538684  0.98938896562138989  1.00000000000000000
  0.02686581390277972  0.02998776619145899  0.03413770378901543  0.03851071693840229
  0.04311851510639222  0.04868264649983187  0.05412374707807188  0.05979226335688440
  0.06533015515561978  0.07073078033785002  0.07609235492201283  0.08145455477662589
  0.08689276627013200  0.09240927143997252  0.09793948474023956  0.10345460112842214
  0.10895455508446408  0.11450172151411694  0.12009087612571571  0.12565034778101578
  0.13119490490517918  0.13679048442057329  0.14246347673207754  0.14819209833218069
  0.15387428643738840  0.15958737611975654  0.16541819566933813  0.17141573804252602
  0.17763285213661140  0.18384041141446808  0.19038221459123914  0.19738697930220353
  0.20452054205685202  0.21140138233110692  0.21807569054929998  0.22471593221325700
  0.23141683179035305  0.23829903926003521  0.24539784142477594  0.25258755364250968
  0.25983764539385451  0.26716016825198796  0.27476368685159203  0.28260856939769813
  0.29052947661963691  0.29829033791234005  0.30624811615035130  0.31399960700414570
  0.32151123985794833  0.32903390836436408  0.33656072239809626  0.34429411966306334
  0.35219676539713363  0.36024410438963889  0.36841277035242320  0.37670464988664609
  0.38517621635899640  0.39383163795825776  0.40277376931219744  0.41200469521171745
  0.42136022313728516  0.43099951166171019  0.44092625538357549  0.45112115154563515
  0.46128511275494205  0.47158459861315016  0.48209303786750091  0.49285499908037089
  0.50381217966357084  0.51490948150544880  0.52606360711442834  0.53742694199597341
  0.54886335877062298  0.56057282282420562  0.57242551159076871  0.58477083669388863
  0.59756737247442226  0.61059740955223418  0.62390657781336112  0.63740844385898909
  0.65110089721630493  0.66518486001641974  0.68015751493829957  0.69590444538720242
  0.71217166678708288  0.72878997699363346  0.74517240976909349  0.76244180922535520
  0.78131020085529490  0.80194165075762092  0.82354775087400744  0.84676009085749060
  0.87300943175908541  0.90379156196288613  0.94207889804997191  1.00000000000000000
 -0.01817387914455718  0.10261436843395524  0.13796781273825687  0.16074030992872868
  0.17886426467210798  0.19455427852864343  0.20877049461982453  0.22181102872268121
  0.23372432200590121  0.24481186917878175  0.25523287263010724  0.26515554541852543
  0.27450036385746113  0.28341184797944724  0.29192561457377358  0.30016049572263537
  0.30815919222315913  0.31593000073164718  0.32345877136949996  0.33067617748846495
  0.33765488488959217  0.34449053594823609  0.35125902609278953  0.35790968335348028
  0.36434338312970027  0.37072027450406719  0.37705696519133197  0.38326245297762968
  0.38955697444372916  0.39569904330004380  0.40182137394115164  0.40773187686981283
  0.41358700987494490  0.41942782583336163  0.42521637866043699  0.43099320793513252
  0.43670286869227420  0.44249352936268566  0.44833426501825391  0.45415231278558293
  0.45996112074789497  0.46572001247800676  0.47149421637728028  0.47720500466645949
  0.48276537991587415  0.48835800964014475  0.49396332762663542  0.49967951338441841
  0.50540474339801189  0.51109485542644917  0.51672909289722080  0.52228608884388206
  0.52786503941556828  0.53354833413263936  0.53922686370857487  0.54503587850033330
  0.55071311922721589  0.55638596627311521  0.56207537712161526  0.56767530298235780
  0.57328748670567609  0.57887664128535055  0.58452961689681038  0.59034397859834786
  0.59627671656834724  0.60221380234704991  0.60810621813326804  0.61399782804468639
  0.61999645906043899  0.62622709553381783  0.63270287717506291  0.63922902680093663
  0.64563918340815873  0.65213066640022899  0.65864566428049898  0.66549477124921408
  0.67312687732680643  0.68098256761146414  0.68890313565104777  0.69681607124511424
  0.70492487871994880  0.71346713596195843  0.72234955968734738  0.73153594762795981
  0.74088689404531693  0.75069993153658765  0.76106457022594021  0.77200698638534271
  0.78374113867044493  0.79649988355813794  0.81061678611193144  0.82609873421754343
  0.84404730678809303  0.86577349664007075  0.89838260345166954  1.00000000000000000
   4.2847643585505381E-006  -1.0000000000000000     
 F F F F F F F F F F F F F F F F
  <DiscreteSampler_grid>
  grouped_processes
  1 # 1 for a reference and 2 for a running grid.
  10 # Attribute 'min_bin_probing_points' of the grid.
  1 # Attribute 'grid_mode' of the grid. 1=='default',2=='initialization'
  0.0000000000000000 # Attribute 'small_contrib_threshold' of the grid.
  0.5000000000000000 # Attribute 'damping_power' of the grid.
 # binID   n_entries weight   weight_sqr   abs_weight
    10   10   6.539036020595591E+008   2.868257326054258E+018   6.539036020595591E+008
    11   10   6.539036020595591E+008   2.868257326054258E+018   6.539036020595591E+008
  </DiscreteSampler_grid>
