  0.00289352507433959  0.01232724923755022  0.02325872367701679  0.03445486862351417
  0.04500118133161938  0.05529231803958828  0.06563671388779369  0.07619339595576828
  0.08664259451876252  0.09671246724700241  0.10700306243696715  0.11756484201198394
  0.12797358390364968  0.13824311333394287  0.14857658051045905  0.15895696491606162
  0.16928829130217216  0.17948192698385002  0.18984853595477522  0.20021612842859807
  0.21050483125084934  0.22062368000506213  0.23083752573052693  0.24138647414843292
  0.25219790682952198  0.26300610132636998  0.27388338448673816  0.28457814051699099
  0.29544192184146423  0.30606091170747507  0.31656822801844076  0.32667172922012028
  0.33685474118920994  0.34723251830727292  0.35742483278179388  0.36739037421336712
  0.37757515645640327  0.38810100523080271  0.39856595477498413  0.40892766502190697
  0.41939669306851907  0.43008257792070270  0.44076246363045957  0.45139689999869259
  0.46217310263105066  0.47292303054008472  0.48384203113759239  0.49489753359121980
  0.50591629089685342  0.51695203703044446  0.52758532592797014  0.53814928122588568
  0.54872468899524396  0.55906530608135363  0.56916841132283014  0.57913316266029913
  0.58931490028636602  0.59976735424823613  0.61063532948611754  0.62172714038264476
  0.63284568897252180  0.64364083529173355  0.65442283772173737  0.66501003883029008
  0.67557952162985913  0.68610478066476011  0.69649414413072674  0.70687904790809719
  0.71712205919729477  0.72723014868675429  0.73743071691395412  0.74754385551936797
  0.75807604252170691  0.76860845627904839  0.77940556409295547  0.79032126718433293
  0.80108984656261051  0.81179818842660234  0.82231681240199295  0.83272319886432145
  0.84290141299997356  0.85309087185472754  0.86354795829141873  0.87393424046207513
  0.88440410001975223  0.89468449729657684  0.90520145333147162  0.91588589200508785
  0.92682747171220314  0.93749776257679063  0.94796124357722433  0.95833418010223081
  0.96891609432767178  0.97940353272135383  0.98965696017330618  1.00000000000000000
  0.00953615217537857  0.01666289247966765  0.02677557506474340  0.03795659633053049
  0.04859523451800309  0.05923276721622459  0.06961339509434451  0.07982101842316913
  0.08990471686257108  0.10011221663299291  0.11038392394298542  0.12081028465470758
  0.13114590456468811  0.14148392862986267  0.15171518715956886  0.16203033504232120
  0.17226890316761120  0.18297701614275363  0.19369667725176284  0.20441951856715726
  0.21497903561488999  0.22540490542860137  0.23588690914564270  0.24628568528863781
  0.25673748000264324  0.26724692337834771  0.27773435196321988  0.28825494804775387
  0.29865776164831798  0.30889304670544598  0.31899626742990156  0.32908765621669972
  0.33948715560373838  0.34960322919396436  0.35969845292355668  0.36972653035745229
  0.38013206371537961  0.39055137266356127  0.40074036287516035  0.41073638645874766
  0.42074835719862547  0.43094834243456848  0.44118906257587409  0.45163055485874531
  0.46211616080812457  0.47262392245571516  0.48275828044680602  0.49251681024548027
  0.50231314464117804  0.51236359817962285  0.52254491752262733  0.53246136596402960
  0.54235461229598858  0.55251050920978961  0.56294637119653346  0.57359115186932541
  0.58423493618512734  0.59473788749051759  0.60524524993371465  0.61582567228882967
  0.62657138956909408  0.63755921704397323  0.64874593413386084  0.66001957118444987
  0.67112111259093055  0.68196080251511348  0.69276772283206700  0.70318923853940041
  0.71330120181379586  0.72320599613210002  0.73325297181713300  0.74366992702317580
  0.75430224597584139  0.76485237261750261  0.77522711632800911  0.78551139395609204
  0.79589533997949369  0.80627808886404306  0.81683641552916664  0.82768500509054799
  0.83863641447816561  0.84970521692916401  0.86056811983141057  0.87156005429744465
  0.88257659416896084  0.89352730247273771  0.90449226440724062  0.91560171476155716
  0.92700744496858933  0.93832713587199168  0.94909545072443591  0.95992806501928285
  0.97034498682106463  0.98092283982057160  0.99120300977464137  1.00000000000000000
 -0.00218270933705372  0.00796900414500897  0.01670970155459834  0.02535942942669246
  0.03416897577479100  0.04320003048073049  0.05236811480298425  0.06151154785340297
  0.07050807589520824  0.07961455858357110  0.08897706031958545  0.09855616843299971
  0.10825036476847237  0.11773881588475793  0.12732419017046473  0.13706923255542242
  0.14730455395539099  0.15792442832273329  0.16865783053312150  0.17944335178323859
  0.19046708308418975  0.20180862977881431  0.21280342486626133  0.22359813601913947
  0.23442784993232213  0.24539415931302277  0.25694884443708815  0.26885430208903127
  0.28132486805711909  0.29422268515753264  0.30750644303180530  0.32058976397307648
  0.33332366710627809  0.34560755860056935  0.35757503074552377  0.36926611765733536
  0.38109543939745227  0.39311448533651744  0.40558619104630850  0.41815960829604104
  0.43090883289754978  0.44388303665086692  0.45732570403521361  0.47062841399314215
  0.48358908661985939  0.49619409214634480  0.50876296563375734  0.52108523291602438
  0.53298692684495175  0.54489661871236594  0.55715597645745185  0.56959210146246719
  0.58181569062079508  0.59365484661913581  0.60528357727271986  0.61707911614958866
  0.62890633443811694  0.64062743020413881  0.65240694689914580  0.66422985948490176
  0.67487271334039045  0.68555289238066230  0.69601845045408495  0.70676365563829346
  0.71734014086008735  0.72796289102073952  0.73866118863595476  0.74929537122173406
  0.75990207226156570  0.77063704345040585  0.78123466427922184  0.79187053693879017
  0.80235611121112427  0.81267835433204250  0.82232694275630747  0.83208291185490169
  0.84194071126820547  0.85177122395734695  0.86098800411908383  0.86996684482078535
  0.87882361344019677  0.88731508756380584  0.89571252096200327  0.90410814010057072
  0.91253975903541718  0.92095312783997108  0.92928913985952755  0.93758240538544479
  0.94588902741794023  0.95409005662765867  0.96192209716184329  0.96948219491237231
  0.97699396981093845  0.98462764395569502  0.99237228689432444  1.00000000000000000
 -0.00199943498160023  0.00962837192051494  0.01974140952409740  0.03050841013515587
  0.04113589590388168  0.05207573980959123  0.06298165071379820  0.07337271177271019
  0.08338442800875377  0.09314378710938186  0.10312870622891188  0.11329597986545234
  0.12340987559175041  0.13359159182986383  0.14389214071852405  0.15451179135981299
  0.16539856931721258  0.17649831524789286  0.18778439039970451  0.19902265376788975
  0.20999869962540291  0.22072037290709695  0.23129998044339498  0.24195409705313495
  0.25260784203178555  0.26327816273581317  0.27383418314731212  0.28427342648783233
  0.29460569283418769  0.30504155200330862  0.31539095977894166  0.32573439368889312
  0.33605763158146962  0.34647331315600061  0.35686094445157868  0.36707673630162935
  0.37735435726295274  0.38766293714316519  0.39792893138808921  0.40801477412139231
  0.41811532979188304  0.42867548081983076  0.43949917178681830  0.45044468121104664
  0.46126246049841896  0.47230658751302212  0.48341477106396319  0.49455150182014274
  0.50566561360362738  0.51656680785975728  0.52744236202135752  0.53832112258653053
  0.54940865613749956  0.56093769815210992  0.57225310391256479  0.58304296935424793
  0.59300928353984017  0.60288336530121100  0.61271140602479801  0.62273022285853008
  0.63289224526088461  0.64341157348790978  0.65410752388224835  0.66486767932064594
  0.67554380015175008  0.68599065531880776  0.69599248588234952  0.70592312122723067
  0.71594378642770606  0.72634072751162992  0.73685885783023553  0.74758631275746279
  0.75856060105973766  0.76941689051189155  0.78027045571909648  0.79087753347948653
  0.80133608038401027  0.81163381922975308  0.82191279006503248  0.83213095610193633
  0.84275246162010686  0.85329950971132706  0.86385969975508381  0.87431172145055813
  0.88460339515736575  0.89491289739121060  0.90531680556576610  0.91627231310130419
  0.92776070256886756  0.93888904298474185  0.94963104519940778  0.96006458655474936
  0.97016590532859848  0.98015674299932176  0.98993743118608823  1.00000000000000000
 -0.00212424934598086  0.00805970810887212  0.01756230530375990  0.02744862822892887
  0.03787651926913938  0.04840677202113814  0.05895990070704620  0.06957667033521694
  0.08001428921127067  0.09038568202346718  0.10077871219703498  0.11127155213210799
  0.12158829165459659  0.13227616988162211  0.14312532829598726  0.15361403029685022
  0.16387672772459530  0.17408731414913209  0.18453073264878703  0.19468855922241460
  0.20472177247090392  0.21531055080700898  0.22589954022494579  0.23646875761450112
  0.24725981381437653  0.25836387972819691  0.26953570966021878  0.28028272925080555
  0.29088938612920084  0.30128009698599911  0.31170065347543530  0.32203179670311310
  0.33233504767639843  0.34272437771059838  0.35329937751764773  0.36382826251373490
  0.37417945814707959  0.38433616902187190  0.39427578598673213  0.40418286215680599
  0.41432303041319735  0.42485550310151304  0.43560717963776219  0.44636901313557176
  0.45713799525315879  0.46784424454826223  0.47840173312488704  0.48903560029322379
  0.49959920993888463  0.51017806479305661  0.52050455467621903  0.53088898974198062
  0.54114716708043920  0.55149536712494229  0.56207559809570729  0.57293831433897469
  0.58410248812070165  0.59500880650941124  0.60572397975201187  0.61613236007570149
  0.62662608057815872  0.63715266631604817  0.64794038149980482  0.65881611758426861
  0.66971430532771392  0.68037613502436312  0.69100990196951240  0.70159938222411855
  0.71209415276999011  0.72243824801774525  0.73278426421771625  0.74367885380921150
  0.75482205462942575  0.76642134797246153  0.77750832239511392  0.78862633925160763
  0.79958479261774118  0.81033284896957913  0.82066805532128950  0.83116361318292042
  0.84193251294509563  0.85274059250853029  0.86337951963814963  0.87353001236952377
  0.88357262927797831  0.89340247618325341  0.90358311469991348  0.91408824662749510
  0.92487299227884501  0.93601992077138019  0.94666046081139898  0.95740885270949239
  0.96796093357663249  0.97849387252747366  0.98900372899233036  1.00000000000000000
 -0.00227904574082038  0.00977200803352603  0.02066681853446445  0.03173679096184492
  0.04311120764567216  0.05439549085601340  0.06573963266618625  0.07681590179800613
  0.08767086800015139  0.09833301913090346  0.10926014263767511  0.12019451110744929
  0.13086162939998677  0.14129553475300904  0.15185038417226071  0.16241169637337510
  0.17280744098120085  0.18328497483253822  0.19436840417062137  0.20587532094543159
  0.21703227925057950  0.22771141707262091  0.23817451994906622  0.24873679931723700
  0.25911170039568315  0.26912979649416185  0.27891822178444414  0.28873086277307636
  0.29895735975388665  0.30921704280795487  0.31988146384130167  0.33032296418665286
  0.34071790153923687  0.35091686473357098  0.36128653950536971  0.37205059048702349
  0.38282310922415358  0.39345181786630945  0.40383236303118486  0.41426068681530781
  0.42479440903906646  0.43519000693593657  0.44560271940709101  0.45601569826881755
  0.46647739113041298  0.47704535412302479  0.48750103753838137  0.49795220585966787
  0.50817118870983891  0.51817407471785515  0.52801630091085616  0.53776743608020550
  0.54782764064264655  0.55790435517719261  0.56807109071959350  0.57811476820914653
  0.58839046562713138  0.59868645881166338  0.60925143699159912  0.62017157342749529
  0.63134007018872818  0.64266878465226096  0.65434090089653296  0.66583698639970823
  0.67708428756258088  0.68809650977987913  0.69887752581091056  0.70964044478936872
  0.72030625200404608  0.73092996281579148  0.74142639155341283  0.75182950603685661
  0.76271751719984493  0.77359686373035397  0.78423896496742707  0.79468499418358152
  0.80500780189982357  0.81552451696859163  0.82593610677863050  0.83636367861273431
  0.84659444850572774  0.85691561924295900  0.86714567341349469  0.87723648865510573
  0.88711927164360838  0.89695880176991638  0.90702743517413675  0.91713655738782363
  0.92762886427760083  0.93770793605009650  0.94817864341995517  0.95832259942329812
  0.96860909220592539  0.97901722065637653  0.98947951857509231  1.00000000000000000
 -0.00283676460377651  0.01183014203130682  0.02401605681802466  0.03678678610411460
  0.04936625090052604  0.06152884250747537  0.07376365882626426  0.08591900354086877
  0.09797899225343273  0.10990625883065450  0.12164961046786534  0.13320521252227788
  0.14459353902879071  0.15606897911273077  0.16765607808014388  0.17875802331806950
  0.18954202081816635  0.20000361606954872  0.21035655134714321  0.22054438682931157
  0.23069234846131301  0.24081651606260243  0.25084147710783844  0.26096127560623783
  0.27103398401616763  0.28108255064004484  0.29117619988262722  0.30120955661488902
  0.31119301555980156  0.32097882031202385  0.33067057392697730  0.34024991770891588
  0.34975577903263855  0.35943614966597881  0.36930639510055041  0.37924766910764868
  0.38910879146900812  0.39869924359739273  0.40820399982031852  0.41776042060516871
  0.42724677586262322  0.43727982206089461  0.44687887297214368  0.45633771482636287
  0.46546970784629949  0.47454996053144477  0.48374032606125972  0.49303334808961619
  0.50242750579680884  0.51184334135747345  0.52128470635609914  0.53096078712338812
  0.54038736284833255  0.55009542891335950  0.55999212059779724  0.57007056350012653
  0.58027516701882509  0.59014655763947532  0.60027928541766251  0.61017204412830495
  0.62015212153415666  0.63070985016981573  0.64141976991239991  0.65178360132819557
  0.66167544509011389  0.67175388792530377  0.68206730806296367  0.69252026824432822
  0.70291239820448537  0.71326783495234325  0.72353280919777385  0.73346811010034130
  0.74320303026321921  0.75302106699049665  0.76297866605111786  0.77291414287139215
  0.78251029008530149  0.79194285944359888  0.80152699942159933  0.81135351990364690
  0.82158200074100174  0.83220797774658517  0.84316276445082361  0.85430540119232590
  0.86581490339508926  0.87761937958222280  0.88936827695706155  0.90095000667738456
  0.91250156727291265  0.92453539868902146  0.93689606337876963  0.94958668525387413
  0.96188589504144306  0.97435522901136906  0.98682777572662861  1.00000000000000000
 -0.00240640178681598  0.00927101537101549  0.01952934370831164  0.03000525407760730
  0.04080384875832239  0.05107923265924966  0.06137787900575587  0.07211368364675085
  0.08305232313252034  0.09353371932948895  0.10374092513152047  0.11372876041664744
  0.12405127256249228  0.13475530572943403  0.14534512260718838  0.15610789157609289
  0.16702470778901782  0.17793891654837293  0.18886867896400453  0.19932508412333724
  0.20970068799321204  0.22003057120027536  0.23041891838713233  0.24092507552387546
  0.25137159020589950  0.26208900723270534  0.27269764306540878  0.28350529104725825
  0.29427048753177831  0.30516380201736071  0.31560117374446700  0.32598363051192086
  0.33653367266413448  0.34717558075994909  0.35801704132837142  0.36893271077096612
  0.37986328224874649  0.39077751151152157  0.40119486536840476  0.41124000149085849
  0.42094114551783540  0.43015262957270484  0.43966912227608429  0.44942912082990116
  0.45954400048262595  0.47004616604824545  0.48034918749745081  0.49089514064988399
  0.50128095568853115  0.51216731753438494  0.52286338809051425  0.53352670781134626
  0.54408132863919156  0.55492424153137510  0.56552088699732073  0.57593770892445362
  0.58636925855627398  0.59782568823988436  0.60966974960273779  0.62125746292565565
  0.63273224367940339  0.64361268764895130  0.65442174451299839  0.66462617165489657
  0.67475326876812214  0.68480181636401616  0.69493632138294625  0.70562698256435608
  0.71609260970557764  0.72657614763344724  0.73740415659991643  0.74813818145605093
  0.75871951179991914  0.76884775250703241  0.77912999561907126  0.78949700921327715
  0.79935895664455059  0.80954200907631890  0.81966273643967735  0.83022179233186788
  0.84090974755263204  0.85168711814712472  0.86200566736925799  0.87232478033106475
  0.88264043553137284  0.89321091527026097  0.90370444915480408  0.91407922850439849
  0.92419258004984972  0.93422474659546650  0.94459579776815839  0.95552744486118057
  0.96664531412339794  0.97785274711818349  0.98873700896796834  1.00000000000000000
  0.05255750627024824  0.22795643694735762  0.23977743285498584  0.25223408769282413
  0.26674919350696696  0.27842267260690762  0.29030414311446379  0.30283714025522657
  0.31486801723015273  0.32643430554238678  0.33697645168380014  0.34623950938727205
  0.35473808217552488  0.36265148740778708  0.37019665339420205  0.37756231667434259
  0.38487552194099922  0.39186405064079111  0.39859123431514998  0.40507579777163782
  0.41125506562244096  0.41748544272076210  0.42368612343227235  0.42990146689906528
  0.43624431692223931  0.44237042812975685  0.44850020129574314  0.45461222477270735
  0.46074314331268168  0.46690109156127657  0.47305293110519914  0.47915969910004597
  0.48518074324640359  0.49110122117231259  0.49695176278503711  0.50266861148566777
  0.50833793793436310  0.51402868160747561  0.51988305632062570  0.52585446602715891
  0.53194790383411006  0.53808649497245686  0.54418407400342494  0.55021857356530590
  0.55622272764688008  0.56222485783267717  0.56825083202182458  0.57440493980706808
  0.58053948461476801  0.58660411538276325  0.59250936326884585  0.59846353080865700
  0.60441941691384760  0.61046192395391619  0.61657257227889506  0.62279721817597922
  0.62898392563632144  0.63506039080648813  0.64104620981690497  0.64709990228273406
  0.65329747450450948  0.65956652515595471  0.66590864645418280  0.67237662831840495
  0.67897615466996686  0.68563669347374778  0.69237195543343311  0.69910964345704874
  0.70596486198646513  0.71295876882509923  0.71999305360750931  0.72704435148134572
  0.73443847962155195  0.74201263725283995  0.74986575120551058  0.75796225685968910
  0.76608737005593497  0.77441439088813846  0.78277856997490114  0.79125142758244649
  0.79960971360345101  0.80801325595239160  0.81673891263721288  0.82601114650408736
  0.83587386097831606  0.84632029718507829  0.85697182451439358  0.86793848471344670
  0.87902604767456871  0.89046314926882419  0.90264766067264823  0.91547604631938351
  0.92975699022707292  0.94642312614525126  0.96890852079788947  1.00000000000000000
 -0.02081559426459138  0.13504129876870052  0.18500673238629051  0.21816820011633406
  0.24565113163544716  0.26930919540754283  0.28990682940801255  0.30887970725840724
  0.32648858755016347  0.34297233707748664  0.35816530448746664  0.37250638256966323
  0.38613474602088527  0.39931492165836296  0.41173283577757985  0.42334954957091259
  0.43451260879619036  0.44529128786991495  0.45567465584791406  0.46554981002777995
  0.47531234901795960  0.48476238836358460  0.49391822959621917  0.50276860224734921
  0.51145986713308889  0.51999341481850814  0.52824307943375082  0.53638379564385141
  0.54430364604038284  0.55212555895098392  0.55975259368321184  0.56711933079972476
  0.57427810249916189  0.58130488031942684  0.58825395652227308  0.59506918198749392
  0.60170952942578937  0.60815513852907110  0.61437814653146938  0.62047577205423521
  0.62654357415019191  0.63256475451168237  0.63852020174866053  0.64442934357040671
  0.65024812419304057  0.65600924001837158  0.66178951355574178  0.66743568598388814
  0.67289926559368329  0.67822961258387293  0.68347975295078267  0.68869218578538705
  0.69390269535415872  0.69910407065864288  0.70428166223275079  0.70939767392377917
  0.71455717264329499  0.71965926796706026  0.72470790596603873  0.72967230481822531
  0.73458744830675626  0.73950272070870338  0.74440618201951592  0.74924263128350899
  0.75400259898846944  0.75872340264407434  0.76343617234676486  0.76819114069602390
  0.77295406474965334  0.77771795856377679  0.78260657325894922  0.78758746501768506
  0.79257586212110787  0.79753585454381581  0.80240168958081193  0.80721725514361120
  0.81208839989688308  0.81721567709691234  0.82244449384204732  0.82768755378033654
  0.83299025253802750  0.83840893700715269  0.84395275134283076  0.84961282492238432
  0.85547927727753859  0.86167477199336584  0.86809076768159421  0.87470134989340043
  0.88182707774601388  0.88924700566285697  0.89744925754040050  0.90677649062973953
  0.91748543641050728  0.93103363418540452  0.95191395390652578  1.00000000000000000
   2.5382537146338923E-006  -1.0000000000000000     
 F F F F F F F F F F F F F F F F F F F F F F F F F F F F F F F F
  <DiscreteSampler_grid>
  grouped_processes
  1 # 1 for a reference and 2 for a running grid.
  10 # Attribute 'min_bin_probing_points' of the grid.
  1 # Attribute 'grid_mode' of the grid. 1=='default',2=='initialization'
  0.0000000000000000 # Attribute 'small_contrib_threshold' of the grid.
  0.5000000000000000 # Attribute 'damping_power' of the grid.
 # binID   n_entries weight   weight_sqr   abs_weight
    10   10   1.000181885948906E+006   1.110437409715431E+012   1.000181885948906E+006
    11   10   1.000181885948907E+006   1.110437409715432E+012   1.000181885948907E+006
  </DiscreteSampler_grid>
