 -0.00239323710724739  0.00949499053219777  0.01964520035318887  0.03014062370401983
  0.04066934772253113  0.05118331231249029  0.06172200816493154  0.07223761692928991
  0.08272578378785592  0.09312510713101405  0.10348086127056005  0.11390469532001257
  0.12439503952940356  0.13489057211517980  0.14534258871040259  0.15573380202449641
  0.16615954529280427  0.17656525689262764  0.18710495554877335  0.19760046072234699
  0.20795623921626155  0.21825225906786902  0.22858512265729333  0.23895296072607164
  0.24932154783200366  0.25970192548607846  0.27006831695732242  0.28041601447140563
  0.29076036648905884  0.30118653859130046  0.31159384601719436  0.32210807424438853
  0.33253848617150605  0.34316060165041012  0.35378824647726043  0.36430631467354868
  0.37486485760708427  0.38523235067997530  0.39558133089828673  0.40590882098213737
  0.41625186674012910  0.42678117980334657  0.43730594070863715  0.44786301987633614
  0.45860011789725297  0.46917428323982513  0.47978222757926142  0.49015056332302842
  0.50053123495643215  0.51089237708279966  0.52115871380683043  0.53151082311322861
  0.54188921402287993  0.55237940613865999  0.56299510597220415  0.57371844646859727
  0.58425542042823819  0.59458140232779888  0.60500815551139697  0.61568982448757970
  0.62643470743964713  0.63718795877098133  0.64807726830572854  0.65903829851950313
  0.66990355049281869  0.68081704791239073  0.69171808681883717  0.70257292365419644
  0.71332488871859645  0.72414474524786476  0.73493345686373190  0.74573567295754040
  0.75641104457856245  0.76701910242403881  0.77746537362927004  0.78787156563539895
  0.79822271341932760  0.80866068753070897  0.81924133990227810  0.82987346037582677
  0.84039816434561587  0.85083464104812767  0.86145426285981264  0.87207052553941200
  0.88272060893150706  0.89343834614722129  0.90406863237636237  0.91478340369696265
  0.92561516566751645  0.93658391440432121  0.94731792665056425  0.95783059621235900
  0.96845314945707117  0.97918417063218710  0.98960933318597200  1.00000000000000000
 -0.00230436507385573  0.00916081864506284  0.01916902017435526  0.02965528535402659
  0.04019648220956948  0.05075017844578464  0.06125291904876706  0.07165773603203676
  0.08204055439881618  0.09224416230969931  0.10247553202721922  0.11303496593363138
  0.12360405750146243  0.13409919449244326  0.14451226108936913  0.15517604455563477
  0.16589068431916368  0.17654239461140464  0.18718139656069674  0.19770600827268842
  0.20820404794384137  0.21878177167199692  0.22924403600452728  0.23983447865071830
  0.25021814606604920  0.26089579978752531  0.27150279113685871  0.28218936914182907
  0.29290506784008769  0.30357612663645950  0.31429828075600685  0.32493233621338352
  0.33555485539312374  0.34609865088118363  0.35669213761166441  0.36718909120921106
  0.37782146215424556  0.38821060126249729  0.39862781520047874  0.40896123446923793
  0.41944497786640417  0.42993585130892659  0.44046918198678026  0.45095994587677873
  0.46151283435848212  0.47200522204776030  0.48253775399152876  0.49313749070427337
  0.50372103722364192  0.51422655173300214  0.52472569899365817  0.53523962679967985
  0.54584205480349013  0.55636710322790783  0.56700176896354126  0.57745447261663307
  0.58788771784835236  0.59812441062581156  0.60849900307692262  0.61900728170629471
  0.62949699395066716  0.63994635018792001  0.65036861567658633  0.66087962652574883
  0.67140595340727127  0.68185418965541744  0.69249225338168685  0.70297545521479388
  0.71351393336664537  0.72398565648471558  0.73459565601249877  0.74514778368979029
  0.75557935148917432  0.76612479242514853  0.77670137311372656  0.78744825179006339
  0.79806873212909168  0.80868093053238499  0.81928470427970501  0.82992312729317275
  0.84046745699269387  0.85094152466371908  0.86161527794176229  0.87218431639539573
  0.88282454946018329  0.89342994667531495  0.90405285892344789  0.91475265254498161
  0.92534447901890449  0.93613073015261961  0.94671456159704348  0.95726488409482924
  0.96804642761843362  0.97876140293143854  0.98944371498920969  1.00000000000000000
 -0.00248503743470419  0.00960090100863708  0.01976651136492822  0.03046518817894762
  0.04113913180103158  0.05200280302609187  0.06269813630049656  0.07309473472811344
  0.08346765918226993  0.09378540540518468  0.10425512314718927  0.11449710680024945
  0.12492545187498279  0.13544001509163589  0.14597972099996864  0.15666143516458905
  0.16748624761678957  0.17836927046285758  0.18914934920371929  0.19965233768874402
  0.21016657995314780  0.22054681114383237  0.23099083880963103  0.24125250544697505
  0.25150574848650420  0.26177721108492497  0.27200073165644117  0.28249891969577023
  0.29283196831391300  0.30346131280416883  0.31410934077624786  0.32503362194498936
  0.33580998522871930  0.34641858566036743  0.35698920022793856  0.36736563772062364
  0.37786153210541407  0.38836020353522960  0.39886424040274121  0.40916169071032388
  0.41954128516946726  0.43005564407281160  0.44048179866860437  0.45092897488801076
  0.46142277538653237  0.47204610791759766  0.48254016998643984  0.49307137947515239
  0.50362972668695072  0.51424073518696123  0.52481916775115112  0.53529368315337478
  0.54566544631286995  0.55606296486574269  0.56646165617838196  0.57693795148030069
  0.58747593363026362  0.59803574793083925  0.60861729821209898  0.61895040932510947
  0.62942981465015146  0.63985513337364897  0.65028520472359930  0.66060384854443110
  0.67101707836695734  0.68170264971716654  0.69249705765147751  0.70313832777887131
  0.71382776547240590  0.72440809789726590  0.73491083317212835  0.74526930958813187
  0.75565585368621335  0.76619756733649469  0.77667564990890470  0.78728384986718747
  0.79800011241642876  0.80897360959288189  0.81979068845861536  0.83049519267398564
  0.84115777847340667  0.85177210208280330  0.86224111729961539  0.87264637223200980
  0.88319660108006370  0.89382199597807688  0.90442976923125795  0.91496266175657204
  0.92569772311685716  0.93640903164317213  0.94710100380012274  0.95757919622252596
  0.96820641491026105  0.97873070276082774  0.98940130628908252  1.00000000000000000
 -0.01780348528338041  0.09959734958409239  0.13358874351967762  0.15523816596582113
  0.17311194576547403  0.18860231518072867  0.20252342216849240  0.21526947752417941
  0.22710211507876737  0.23815312573011735  0.24858054785262246  0.25845365547865212
  0.26789231321981749  0.27692264680290130  0.28562976105449522  0.29405772378090672
  0.30216043556627803  0.31007850723681651  0.31774432381609546  0.32520964705978983
  0.33255290850252983  0.33965982180349180  0.34664482925117474  0.35350598621353785
  0.36021766896733276  0.36682833882176530  0.37335482374268991  0.37977881552485132
  0.38611136287642300  0.39237962138727989  0.39856972624303377  0.40464855501314095
  0.41070767880282555  0.41671795368857345  0.42265332843581055  0.42854991685087623
  0.43441451957490496  0.44023119129606508  0.44600211104546872  0.45175197208167894
  0.45748222974794478  0.46318715316748316  0.46887254694311004  0.47454628632693974
  0.48020813674252844  0.48585618696065341  0.49148524034008395  0.49711227072916048
  0.50273890089898154  0.50837925100135739  0.51402554820449764  0.51967955004884703
  0.52533997082193451  0.53100697540562292  0.53667692162809211  0.54236540671281741
  0.54809016548471612  0.55384603691510881  0.55963128222038805  0.56546154243019164
  0.57133770526862171  0.57724630449861558  0.58318438753866730  0.58920080604278946
  0.59526034324809418  0.60135660545160063  0.60755746813795475  0.61383090703024079
  0.62015895766632412  0.62657004765848412  0.63309018700036179  0.63970630146174523
  0.64642292531226964  0.65328235377552257  0.66025031223876351  0.66732792353272996
  0.67464918886026337  0.68209095048088131  0.68972873215661068  0.69762077333920436
  0.70568870327126632  0.71410086906468351  0.72281844943220497  0.73187419626871975
  0.74134066919185493  0.75122376155638149  0.76165334336878965  0.77269758697192725
  0.78451507493896466  0.79724309679913352  0.81115349461962494  0.82660755077834802
  0.84447455866645960  0.86607527687882724  0.90003647937204756  1.00000000000000000
   1.8005761632348865E-005  -1.0000000000000000     
 F F F F F F F F
  <DiscreteSampler_grid>
  grouped_processes
  1 # 1 for a reference and 2 for a running grid.
  10 # Attribute 'min_bin_probing_points' of the grid.
  1 # Attribute 'grid_mode' of the grid. 1=='default',2=='initialization'
  0.0000000000000000 # Attribute 'small_contrib_threshold' of the grid.
  0.5000000000000000 # Attribute 'damping_power' of the grid.
 # binID   n_entries weight   weight_sqr   abs_weight
    10   10   2.283652121376290E+010   6.078175592353584E+020   2.283652121376290E+010
    11   10   2.283652121376290E+010   6.078175592353584E+020   2.283652121376290E+010
  </DiscreteSampler_grid>
