 -0.00246315505043049  0.00944848381767156  0.01948619989125627  0.02998043660669706
  0.04046379858908757  0.05084169108842925  0.06119988406747875  0.07155468456515786
  0.08199648380559994  0.09251451067125215  0.10304550476424597  0.11349352137086828
  0.12381192958324454  0.13422895467868803  0.14488463503640411  0.15548598827699056
  0.16596117034170935  0.17630459981624347  0.18651197288345542  0.19684307471547607
  0.20721587468133398  0.21778636895925679  0.22841144740977837  0.23928011584112266
  0.25018069670551668  0.26071282837783877  0.27132477623002199  0.28204521003609784
  0.29278802235361945  0.30329185422911437  0.31372895071211665  0.32426088608473275
  0.33475822122381060  0.34533508227304954  0.35592225377459902  0.36655901971856281
  0.37732226096745913  0.38801353434161512  0.39862833725771751  0.40917284428603840
  0.41975586893892497  0.43032964893006448  0.44092371612955550  0.45155977740697478
  0.46226361213149469  0.47302375550815839  0.48354747525052405  0.49399805833000321
  0.50436479479972340  0.51484037550465866  0.52527353502395524  0.53567339018931237
  0.54618439318027945  0.55678662335760487  0.56738536712387377  0.57799661798454138
  0.58851165906194425  0.59911219423587114  0.60976210248386986  0.62041436545804307
  0.63104379718113812  0.64168826191580419  0.65228103175983088  0.66290795441924455
  0.67336121342771749  0.68381084755447807  0.69423925400887099  0.70481007120656003
  0.71546054036681173  0.72604128438644699  0.73658481777549589  0.74712888689376133
  0.75775385278268625  0.76830056081166376  0.77883813326539486  0.78924312746882219
  0.79982692721425808  0.81048134681494677  0.82115366742103135  0.83195608777878050
  0.84277303339830278  0.85360611020293664  0.86410479057643053  0.87453943288148195
  0.88507119714987770  0.89563095779615376  0.90623798846314563  0.91666568803136794
  0.92697831225321992  0.93738082017774316  0.94791758564724271  0.95847545317412330
  0.96886174648051449  0.97925165529122504  0.98967077595005137  1.00000000000000000
 -0.00253641625633182  0.00948728059619649  0.01974094871073093  0.03034078108327539
  0.04086314852122804  0.05143667842761590  0.06205454962068378  0.07254928254874467
  0.08308116023644192  0.09360549080527099  0.10417389474603986  0.11463555294784680
  0.12516195560790008  0.13556771580902949  0.14597241672737929  0.15635588422275190
  0.16673843708223646  0.17714104102614575  0.18753441777375360  0.19814615694021426
  0.20881904913522087  0.21968744313416100  0.23052647871553325  0.24132849621458027
  0.25195311052541314  0.26258106396157804  0.27326424150890077  0.28400509538436730
  0.29471122011910078  0.30530901704454089  0.31581953614390718  0.32635864603541065
  0.33685186922125471  0.34736461504388605  0.35782024952492092  0.36827384195894097
  0.37866420240895582  0.38904617045799994  0.39940967752446160  0.40976970509006766
  0.42019512199380638  0.43073426471971038  0.44120300394669204  0.45166134285634085
  0.46217292055146203  0.47279735475910784  0.48341714375409456  0.49390145590226925
  0.50452129631792697  0.51512948739038467  0.52573607485637852  0.53623292774205844
  0.54674311142388676  0.55728472870868706  0.56784540265773564  0.57841630903662111
  0.58895100764963326  0.59943245258744215  0.61001725575935040  0.62070986455021693
  0.63122574903079154  0.64167882871399118  0.65227741504480152  0.66301018696172564
  0.67374402550428714  0.68427562752801074  0.69508065028395349  0.70585001459174412
  0.71652309284900262  0.72724653225136038  0.73786304469605424  0.74858609469756943
  0.75893291921899375  0.76938375276144511  0.77990601457276598  0.79038761917493894
  0.80089797802142648  0.81137579688277106  0.82186231091781492  0.83243325262222378
  0.84306839047501114  0.85359536133735614  0.86380474838916066  0.87402191864640510
  0.88451997931160509  0.89506584531335265  0.90551098148690001  0.91597961751227985
  0.92643797401082062  0.93696293057088798  0.94726793037213419  0.95769523732413475
  0.96826665075668894  0.97882698873521323  0.98948540945875652  1.00000000000000000
 -0.00250919157832213  0.00985180791069920  0.02014892380318835  0.03066798271587144
  0.04128378451677243  0.05176400373516163  0.06236466822388161  0.07302372105112939
  0.08369371916260449  0.09402681063789228  0.10435770482270562  0.11487455032787552
  0.12552594588515148  0.13614747550659070  0.14671545816052198  0.15726554894176384
  0.16774063076740708  0.17825903404817475  0.18888136145143253  0.19961343189590838
  0.21040577770283855  0.22124762529775194  0.23200392659948874  0.24259864331475117
  0.25316973647697977  0.26369912361757836  0.27427151797207999  0.28476497834214864
  0.29531580590453055  0.30585508963612151  0.31637170411019494  0.32692342571105121
  0.33742424074047878  0.34790294752765655  0.35822498968236771  0.36846424672679512
  0.37871925368433568  0.38898258099821953  0.39924878696473498  0.40957853478850359
  0.41991227369650941  0.43044322733404744  0.44084098102509678  0.45127958050023292
  0.46154325266366164  0.47188899913358540  0.48237662830244227  0.49289408450598249
  0.50324408388009079  0.51334657287933294  0.52356010510341988  0.53394788726796272
  0.54429255655534037  0.55467883156928877  0.56502653854242380  0.57561420792497586
  0.58620652975149856  0.59690296042109559  0.60759940564274417  0.61814368399616892
  0.62874051788412655  0.63926819878170349  0.64991340284901500  0.66046508530967263
  0.67123464320361492  0.68209013873423974  0.69289285353489360  0.70368009480372251
  0.71428509651866345  0.72478676623610216  0.73521907967119260  0.74563205085566953
  0.75613754187807292  0.76666636175609737  0.77723089973075787  0.78790901151816861
  0.79852195072172760  0.80905567027396963  0.81946188748980697  0.82981132405674840
  0.84036539003039268  0.85100327506289453  0.86197470185029945  0.87289941851471253
  0.88401400384143625  0.89512669927783550  0.90598988497612443  0.91677657963252224
  0.92727795368938837  0.93788880408150321  0.94829419422996752  0.95868994188967549
  0.96903313557732018  0.97944926431879464  0.98971133089743857  1.00000000000000000
 -0.01775428988329868  0.09906087761190256  0.13331278409554567  0.15503674588869848
  0.17293418384950826  0.18841371966128798  0.20235292101665778  0.21512081241589776
  0.22696466439003751  0.23802080429866104  0.24846372247364346  0.25837005178805073
  0.26784221199293506  0.27689845755626802  0.28561033113466372  0.29403632748627112
  0.30212551219359585  0.31002449686603828  0.31767408879057579  0.32511693472194519
  0.33245127730629365  0.33953099827850491  0.34649826418612345  0.35334922791650181
  0.36006589521420990  0.36668839971531647  0.37322363683137105  0.37964972779030493
  0.38598030662084254  0.39225016779964234  0.39844534448101077  0.40453717295186153
  0.41059847638083652  0.41661934831091180  0.42255813407892068  0.42845604710200841
  0.43432257058166607  0.44014311953265345  0.44591495594875974  0.45166547012958652
  0.45739108032918308  0.46309044737430033  0.46877486766150089  0.47445187809319667
  0.48012148698400614  0.48578356133460537  0.49143521642287757  0.49708869746120699
  0.50273032904839488  0.50837310110314338  0.51402135568504748  0.51967795265752237
  0.52534384065387996  0.53101654174077340  0.53669804274457544  0.54240341636466893
  0.54814376894891903  0.55390939308969789  0.55969315521109109  0.56551868692781460
  0.57138433567102020  0.57727982771831887  0.58321797544308063  0.58924270729832662
  0.59530604693351008  0.60140297149100219  0.60759598209248233  0.61386514357486432
  0.62019150798109757  0.62660702292219084  0.63313562300577231  0.63975650817277752
  0.64647693774816717  0.65334122141707707  0.66032447899715296  0.66742985108826591
  0.67477662147471584  0.68223798121697998  0.68989816371316626  0.69780624951359704
  0.70589254465614426  0.71430794468722736  0.72302295769078784  0.73207883245371796
  0.74155772893700334  0.75147661569106128  0.76194187403052493  0.77301139237890037
  0.78483683288038975  0.79752993501808533  0.81138077242845830  0.82679810099681139
  0.84464804133922566  0.86623554987572016  0.90038184500740315  1.00000000000000000
   1.8016181633160872E-005  -1.0000000000000000     
 F F F F F F F F
  <DiscreteSampler_grid>
  grouped_processes
  1 # 1 for a reference and 2 for a running grid.
  10 # Attribute 'min_bin_probing_points' of the grid.
  1 # Attribute 'grid_mode' of the grid. 1=='default',2=='initialization'
  0.0000000000000000 # Attribute 'small_contrib_threshold' of the grid.
  0.5000000000000000 # Attribute 'damping_power' of the grid.
 # binID   n_entries weight   weight_sqr   abs_weight
    10   10   1.249123032121422E+010   2.815841263246336E+020   1.249123032121422E+010
    11   10   1.249123032121422E+010   2.815841263246336E+020   1.249123032121422E+010
  </DiscreteSampler_grid>
