 -0.00249246759487809  0.00970217314977803  0.02006627446475683  0.03052923487145746
  0.04114540847759128  0.05180325602982867  0.06248322562623176  0.07303433843260443
  0.08358850573089996  0.09424586664061879  0.10495932793391811  0.11553419958752587
  0.12610452898936009  0.13670211531980775  0.14729957179479169  0.15782431355571955
  0.16835342684633964  0.17890845385193638  0.18951251070896522  0.20007620405856474
  0.21062905201757126  0.22111978808129901  0.23157953209134768  0.24214255933780141
  0.25275423948813686  0.26330298789804635  0.27375817108614542  0.28420399740351165
  0.29483680661823330  0.30548244767980082  0.31614651653042036  0.32685168903798861
  0.33758989763267994  0.34828949919630170  0.35888269319864485  0.36939821487178348
  0.37979278226191449  0.39016434236772363  0.40056340321112971  0.41096336115701754
  0.42132455247441208  0.43165335456572551  0.44218565639460206  0.45272323212027937
  0.46321576969511619  0.47367248904440762  0.48414087771757219  0.49478785747011306
  0.50540210639011485  0.51614870430191850  0.52701422280498433  0.53786385983295548
  0.54857053817106183  0.55917907583149862  0.56973844155437781  0.58027747240674243
  0.59078794432014026  0.60128226139982166  0.61168427353454791  0.62202755460720072
  0.63239530690845491  0.64291042686707101  0.65330721123101254  0.66363802585985809
  0.67401730745210520  0.68441026473971600  0.69487660708866406  0.70536768659771110
  0.71590450361284863  0.72647850931271285  0.73696853788713645  0.74741515407372194
  0.75776696586083558  0.76807826606297513  0.77863444269078863  0.78911887793492341
  0.79965644065057384  0.81017874767296272  0.82066512746798448  0.83114597292075998
  0.84173237881859442  0.85238898677986019  0.86293024778555183  0.87343993021574839
  0.88410235283073513  0.89488804147042289  0.90555442265786390  0.91614962033466985
  0.92664677602118317  0.93705472508646959  0.94749963547420735  0.95793608337366942
  0.96845145722755799  0.97889089528303130  0.98946263497346443  1.00000000000000000
 -0.00249362115651334  0.00948445755784806  0.01968367903162612  0.03014095151050713
  0.04067109568916956  0.05127145751548356  0.06205576056971140  0.07266458421136437
  0.08322630253723570  0.09361530521252871  0.10400778234408467  0.11426344640257566
  0.12453826772146824  0.13499937898030848  0.14554338999200311  0.15623708628280564
  0.16666685579454335  0.17746931854283765  0.18815973883789266  0.19880640269775210
  0.20940015756571145  0.21995402536489139  0.23057669344127496  0.24104253902753012
  0.25161934818023995  0.26222675654879474  0.27284570468595815  0.28327832761713823
  0.29370171656082250  0.30410720743892100  0.31469320640360759  0.32527329781323128
  0.33589196833543400  0.34650128995012103  0.35710972468287810  0.36761810762446484
  0.37813070652367692  0.38875673808939404  0.39944840919378322  0.41019031187825228
  0.42093125638640005  0.43156089778081769  0.44206117978706955  0.45246217999495220
  0.46311123641399388  0.47370708456857985  0.48432176623795814  0.49480685796783858
  0.50542610114972120  0.51603465959881489  0.52658216992731455  0.53707424648209301
  0.54752587112032558  0.55802275712167182  0.56858447867720252  0.57915537169067288
  0.58971870864194065  0.60023712768624804  0.61089813015045058  0.62154151410092984
  0.63211667711530384  0.64280738987413721  0.65353623503153602  0.66435934568879951
  0.67508574333731386  0.68590526426295850  0.69659603749669907  0.70724634105776019
  0.71771532602712040  0.72814630568325067  0.73860717334912784  0.74902951513124028
  0.75950740933295513  0.76993989198876855  0.78031977966156663  0.79076302761266593
  0.80110624171201916  0.81135328613001034  0.82164268262712781  0.83188660135668469
  0.84250173141050644  0.85302269199478353  0.86342147369255140  0.87390775428140777
  0.88446388677143739  0.89515633834349817  0.90560710293347679  0.91603854870602397
  0.92660881348917845  0.93707921320214549  0.94736890873801605  0.95776554742147846
  0.96844141032743569  0.97910048888650147  0.98953100194137167  1.00000000000000000
 -0.00241461867941514  0.00937718473600580  0.01954139013140845  0.03001431561350464
  0.04048927875526962  0.05106557296571188  0.06163806694388099  0.07207673152010918
  0.08251016002771999  0.09304303297461171  0.10370207330288048  0.11424860336239910
  0.12465175899986425  0.13500069930701322  0.14541395497619300  0.15595173849100005
  0.16640297982728897  0.17673385913457826  0.18708181590527040  0.19748976290248424
  0.20786992027453419  0.21826305389644629  0.22873527092351573  0.23940848991574190
  0.24999225641244185  0.26054965932509461  0.27097405992468498  0.28153852214028680
  0.29205988108681102  0.30267387505596249  0.31324518507825261  0.32373416222833573
  0.33421833383338817  0.34462455071149245  0.35508960536423240  0.36566282984785342
  0.37631624953336484  0.38680863465379012  0.39731026510526624  0.40795374358722142
  0.41851026553291665  0.42915202342370862  0.43973492833510702  0.45051383096748709
  0.46117750360888293  0.47170896274561919  0.48236818564422651  0.49300213086838029
  0.50362332621143036  0.51412367834795858  0.52454988719157736  0.53500653544939225
  0.54562267230253181  0.55628338376972353  0.56689470535773434  0.57731690774254685
  0.58782584899945078  0.59828410952777322  0.60863816726902464  0.61885649546646726
  0.62921703856510525  0.63960500000302267  0.65001022146614884  0.66035540531610903
  0.67085490664889214  0.68133271582821775  0.69178016413311938  0.70218042177127749
  0.71258514798802797  0.72300833625415051  0.73353574305828850  0.74405932002821384
  0.75469234166139698  0.76525974226370463  0.77596209836416108  0.78662504671799249
  0.79747008682442333  0.80817733540991743  0.81885689615415502  0.82937704415901137
  0.84012387443560799  0.85084151069603309  0.86153166039382334  0.87217469722274155
  0.88279219885587223  0.89348028797879264  0.90407421835193769  0.91477066284428488
  0.92544131788143180  0.93626591902606227  0.94716775801396602  0.95806631916065754
  0.96864716616865187  0.97917044576508661  0.98953850362436724  1.00000000000000000
 -0.01766186821725629  0.09883264145519791  0.13321978274093518  0.15503213790645645
  0.17297264909839885  0.18847694598097886  0.20240300759848784  0.21515161249765064
  0.22698482876175008  0.23804307953915974  0.24849545379934071  0.25838833760136848
  0.26783871007855220  0.27688442232891786  0.28559790252755324  0.29403070466710596
  0.30211354014987529  0.31001472797783874  0.31766878269104026  0.32512993923449535
  0.33247558203043126  0.33956611183488034  0.34653006369571854  0.35338558516269014
  0.36010070378283215  0.36671923375193549  0.37325027730295118  0.37967026495572576
  0.38599747788584687  0.39226607415033793  0.39846314043619502  0.40455081354585165
  0.41061822704336942  0.41664291001153481  0.42258994446477871  0.42849106906728968
  0.43435312569835849  0.44017677805262845  0.44595654554918374  0.45172154300658318
  0.45745699405126616  0.46315920716422515  0.46884173715901845  0.47451348005831351
  0.48017543957936309  0.48582403843489147  0.49146251989761186  0.49710223514956381
  0.50273935213060750  0.50837504691115765  0.51400969045055289  0.51965430107058097
  0.52531521149410887  0.53099236068525490  0.53668326379104914  0.54239327564484163
  0.54813063302940268  0.55389354359779952  0.55968012683225787  0.56551035042716102
  0.57138186897259691  0.57728416730863885  0.58322751735614575  0.58925811314388243
  0.59532509896014874  0.60141912038892309  0.60761507872201348  0.61389316142871986
  0.62023259811514342  0.62665296191734488  0.63316903016086312  0.63976468196637815
  0.64645500820992507  0.65329270611341161  0.66025488842200397  0.66733928720358471
  0.67467683382433741  0.68213566848838392  0.68979587024695388  0.69769767575326114
  0.70577330663647364  0.71415945949516013  0.72282975980965436  0.73182802731457319
  0.74126284418391641  0.75114366553418532  0.76157947274345361  0.77261789972593853
  0.78442296004858614  0.79714942629631902  0.81105644322902071  0.82647629331955386
  0.84430590664548200  0.86578056018715377  0.89954087176424424  1.00000000000000000
   1.7967939881516425E-005  -1.0000000000000000     
 F F F F F F F F
  <DiscreteSampler_grid>
  grouped_processes
  1 # 1 for a reference and 2 for a running grid.
  10 # Attribute 'min_bin_probing_points' of the grid.
  1 # Attribute 'grid_mode' of the grid. 1=='default',2=='initialization'
  0.0000000000000000 # Attribute 'small_contrib_threshold' of the grid.
  0.5000000000000000 # Attribute 'damping_power' of the grid.
 # binID   n_entries weight   weight_sqr   abs_weight
    10   10   2.014050283149955E+010   5.075847150023474E+020   2.014050283149955E+010
    11   10   2.014050283149955E+010   5.075847150023474E+020   2.014050283149955E+010
  </DiscreteSampler_grid>
