 -0.00239401275399866  0.00959326757240294  0.01976495031369476  0.03028688537065252
  0.04083062294333225  0.05138103671789707  0.06193165460933568  0.07248182865898845
  0.08303236711094784  0.09357989104967378  0.10412015513737982  0.11464750240453266
  0.12517585231041556  0.13571191237373256  0.14626344480363382  0.15680017506048255
  0.16733917811967672  0.17787284783933371  0.18839767106324903  0.19891137220711624
  0.20942641516324928  0.21996174380396849  0.23050308471110090  0.24104303263955637
  0.25158381081685316  0.26212890735819089  0.27267364980017927  0.28322153708837328
  0.29376942303794246  0.30431814505434085  0.31486858457801914  0.32541937453949432
  0.33596855054375385  0.34650340834471016  0.35703743536544996  0.36756864318392057
  0.37811484155865804  0.38865693896444675  0.39920601630782671  0.40975406799364661
  0.42030417069044956  0.43085380042308169  0.44140197632084360  0.45195054511329263
  0.46249735939806624  0.47304121493885171  0.48358746157623766  0.49413252568677490
  0.50467162278179645  0.51521276151992312  0.52573973867117740  0.53626768896187949
  0.54678849428565490  0.55732635360182192  0.56787443208101029  0.57841985977889543
  0.58896725214270507  0.59950861452169102  0.61005048706252263  0.62058431233563716
  0.63111639668768127  0.64165410349572860  0.65219916143362655  0.66274076321452757
  0.67328455411431531  0.68382544667088718  0.69436879547895691  0.70490459796560090
  0.71543773597734472  0.72596936087612862  0.73650595859359436  0.74704811397124826
  0.75759251098227676  0.76813184275768209  0.77867164809344480  0.78921100111491205
  0.79973951898998885  0.81026541620969827  0.82079994008989965  0.83134253756917920
  0.84188049147645583  0.85241435306284286  0.86295855403511168  0.87349920310510998
  0.88404402626058487  0.89458652510564363  0.90513630857847183  0.91568539303058338
  0.92623696315715098  0.93678637619783367  0.94732927083093943  0.95786497720641939
  0.96838398127671776  0.97891114054977435  0.98944461228993730  1.00000000000000000
 -0.00252263746943062  0.00950879645274195  0.01967928267447641  0.03020653781623485
  0.04076071489824884  0.05130420139092657  0.06184666974674959  0.07238425428159126
  0.08292941314932965  0.09347321178516421  0.10402287459242021  0.11457219864193380
  0.12512480110157700  0.13566993153096416  0.14621357582279018  0.15675264980511194
  0.16730043501637662  0.17783786196883083  0.18837565026715231  0.19890482226630035
  0.20944621247176326  0.21998692291378788  0.23053338201507262  0.24108015964366825
  0.25160969838597952  0.26214123628539576  0.27267318851130662  0.28322139651601402
  0.29376950376570560  0.30431329537705021  0.31486175166221236  0.32541053240020712
  0.33596336157874934  0.34651669856416967  0.35706936913371778  0.36762217126534980
  0.37817336745038199  0.38871727871069855  0.39925155428806586  0.40978607797864297
  0.42032050873150151  0.43086429179694652  0.44140802173396732  0.45195306892789328
  0.46249541655560078  0.47303227225793065  0.48357166883127112  0.49411411489989093
  0.50466323818647396  0.51521452273011759  0.52576490506704154  0.53631551262520860
  0.54686594893128815  0.55741444500140624  0.56795943152118256  0.57849933239602691
  0.58903988882224245  0.59958203764972173  0.61013022591431354  0.62066861050133704
  0.63120950755592264  0.64174655687984117  0.65229475359910649  0.66284185317997502
  0.67339326686301593  0.68394377956690533  0.69448615883738518  0.70502177600872429
  0.71555721010261053  0.72609942133027860  0.73664812968759175  0.74719127936680552
  0.75772718831621788  0.76826346587476335  0.77880107458133363  0.78933202147256765
  0.79985961888504065  0.81038073300907065  0.82091154423365453  0.83144143788710945
  0.84197751128869647  0.85251708384010461  0.86304908582486728  0.87357493550578091
  0.88409584194023638  0.89462770907533262  0.90517158662863528  0.91572084960472078
  0.92625871339420618  0.93679666388874472  0.94732576637165211  0.95785814694090810
  0.96838344942111676  0.97891471819942832  0.98945505236588049  1.00000000000000000
   1.2069212536904007E-009  -1.0000000000000000     
 T F
  <DiscreteSampler_grid>
  grouped_processes
  1 # 1 for a reference and 2 for a running grid.
  10 # Attribute 'min_bin_probing_points' of the grid.
  1 # Attribute 'grid_mode' of the grid. 1=='default',2=='initialization'
  0.0000000000000000 # Attribute 'small_contrib_threshold' of the grid.
  0.5000000000000000 # Attribute 'damping_power' of the grid.
 # binID   n_entries weight   weight_sqr   abs_weight
    10   10   1.946898240000001E+006   3.790412756915101E+012   1.946898240000001E+006
  </DiscreteSampler_grid>
