  0.00950433090957761  0.01600820275982004  0.02584905951725687  0.03686429114632017
  0.04754080851471714  0.05814489921992370  0.06860397423838833  0.07900587852294941
  0.08933233981925953  0.09974868839198275  0.11032101454739608  0.12073530575312356
  0.13120478118707257  0.14146994735535035  0.15191674417359743  0.16254636053840316
  0.17329546840879292  0.18409804361389989  0.19468562840525258  0.20509879207468834
  0.21543667641436884  0.22563920712726682  0.23569666700667044  0.24565990172850077
  0.25570458798507589  0.26595030367529898  0.27612796019714925  0.28652358975481840
  0.29699545324885518  0.30767413329623772  0.31823192244781423  0.32867742145948542
  0.33915108939243921  0.34963028421995862  0.36025248342267757  0.37078267188494796
  0.38126952665650315  0.39175652641271536  0.40229662435403368  0.41274167886877489
  0.42309079330022081  0.43362321959022693  0.44422786658663327  0.45471316506847304
  0.46498146203202351  0.47521062835802214  0.48552282566534710  0.49590585544600346
  0.50630427321106430  0.51695231566706168  0.52756495958082272  0.53830314645812383
  0.54887243904370164  0.55933413697549506  0.56987394349052278  0.58035877429445437
  0.59096233255807140  0.60159116572571503  0.61222719051107166  0.62292364857977489
  0.63345737788314449  0.64416894053026008  0.65481049018490423  0.66537415631587404
  0.67569213906048153  0.68589827744106624  0.69612777895742339  0.70651124389457554
  0.71690884224559592  0.72734132885283487  0.73763520025638929  0.74788994531427322
  0.75811101720480678  0.76848644176769620  0.77896095201513349  0.78950992809214471
  0.80001566849682815  0.81047757977290169  0.82086679419034270  0.83118029393671655
  0.84146360503852058  0.85192712689146544  0.86254118537248048  0.87323118051872717
  0.88363175585699572  0.89398498017326444  0.90440833309875601  0.91481664208109414
  0.92538567455656917  0.93577038462114692  0.94626622205144262  0.95658023895382094
  0.96710350035477388  0.97756307900451012  0.98863747153173998  1.00000000000000000
  0.00000246898495170  0.00000255977585250  0.00000273701280102  0.00000290789845418
  0.00000306535440307  0.00000321931544702  0.00000337659457273  0.00000353529807485
  0.00000369752074508  0.00000387124322306  0.00000405105178198  0.00000423477836206
  0.00000442715575120  0.00000462548965447  0.00000482551831867  0.00000503100741866
  0.00000525052405522  0.00000548229839788  0.00000571583160624  0.00000596050204029
  0.00000621947236362  0.00000648096014307  0.00000674820503650  0.00000704016592440
  0.00000734054378283  0.00000764706845931  0.00000796464466257  0.00000830099754704
  0.00000865158445418  0.00000901125349088  0.00000939860313778  0.00000980675085651
  0.00001022623811617  0.00001064521512659  0.00001111530635546  0.00001159672698282
  0.00001209211999374  0.00001262000095735  0.00001318810120315  0.00001377169337761
  0.00001437840988200  0.00001503166056120  0.00001571087642228  0.00001640416477616
  0.00001714076895287  0.00001796074560755  0.00001877945415620  0.00001965596810055
  0.00002059213768454  0.00002155409591625  0.00002255762458100  0.00002363199088245
  0.00002475968194582  0.00002593981273482  0.00002722691082475  0.00002862078226531
  0.00003006252321381  0.00003162584628636  0.00003328707318227  0.00003498698949344
  0.00003682716802744  0.00003884991904231  0.00004094204049107  0.00004327520699539
  0.00004573634205187  0.00004837924038967  0.00005131328525085  0.00005444444941766
  0.00005793067582138  0.00006170027213390  0.00006589717888940  0.00007050972458937
  0.00007557000138835  0.00008116204999912  0.00008745020478457  0.00009455207261959
  0.00010262735923779  0.00011172087835903  0.00012209567694893  0.00013378909488172
  0.00014759729770269  0.00016395472941799  0.00018247876478416  0.00020697503889105
  0.00023667329620960  0.00027438950968982  0.00032201346080692  0.00038110315388238
  0.00046207760899665  0.00057577142179159  0.00073841422369871  0.00099405122147414
  0.00142118574345681  0.00263140576099326  0.01594430964525394  1.00000000000000000
 -0.00224022036743334  0.00943576224909108  0.01937249168404643  0.02986791244863521
  0.04047198814243359  0.05101433258312024  0.06152525432318597  0.07218638266559645
  0.08295640804985938  0.09375633869639706  0.10449226240788995  0.11491470671295483
  0.12526069313795868  0.13561120037815744  0.14625449957398584  0.15684300793467421
  0.16729627180337125  0.17770596923343182  0.18814686471709910  0.19870856984165736
  0.20934658009153598  0.22000462559066564  0.23062681381368941  0.24117130176683357
  0.25152229608776661  0.26199683110984306  0.27253426881225001  0.28318300299033017
  0.29364365647209306  0.30384148222691365  0.31417856626579210  0.32459526566880970
  0.33512117033371025  0.34563154485482878  0.35615447355167068  0.36706494680412555
  0.37795877198488398  0.38861174601913923  0.39916312931738362  0.40961826262837436
  0.42024651932459894  0.43073855688873430  0.44161019821319364  0.45267418802888737
  0.46376266823017254  0.47478114855144815  0.48565532992374177  0.49655396301231114
  0.50715636667449460  0.51760880585923685  0.52810402580851634  0.53841427925624030
  0.54882081693406859  0.55908032210059389  0.56955059973084599  0.57994645682431811
  0.59075699138162407  0.60163430207147417  0.61221454167688216  0.62282640019104629
  0.63363093898876410  0.64455942298468805  0.65506484524849073  0.66545084555782752
  0.67575265734686119  0.68599072714759912  0.69642635760668770  0.70683333803756043
  0.71728357838694867  0.72759945112195079  0.73814103818629151  0.74874471702846535
  0.75913332798765565  0.76954054303158870  0.77998673469059221  0.79055807820691482
  0.80097182329770167  0.81136794957407543  0.82178480467951009  0.83214985896536309
  0.84268737791705661  0.85347184213203231  0.86424063408065521  0.87483080943634717
  0.88514958760266615  0.89535861511253878  0.90566641301460005  0.91587562795733823
  0.92656928143046002  0.93732433355643052  0.94786683851890607  0.95852351180203943
  0.96908557047595312  0.97969475434980580  0.98991458946799538  1.00000000000000000
 -0.00251510079404283  0.00991709085144285  0.02038933739540542  0.03082399520279357
  0.04119069353122160  0.05171622254487527  0.06250835795646277  0.07306687888896383
  0.08354509001725255  0.09386301605563754  0.10420661784793966  0.11455859851516245
  0.12490472168475381  0.13536918297746592  0.14574464055242961  0.15641279685443096
  0.16703711254078971  0.17780346431404012  0.18845137981743745  0.19911334013443227
  0.20972829347516897  0.22041965866272537  0.23104164689368370  0.24157124150826442
  0.25199345996679717  0.26235403234069660  0.27255491564875522  0.28274671934542683
  0.29330399053078782  0.30405384818352882  0.31487486474928639  0.32526061825735669
  0.33562956944231470  0.34590340539274961  0.35628190075449429  0.36682508967592381
  0.37721295469794613  0.38791120261029488  0.39867177097246331  0.40991532660346736
  0.42076665100175709  0.43153868730779793  0.44217349407095607  0.45286252433542573
  0.46353951990745229  0.47411806435528264  0.48459122007163308  0.49487535786958942
  0.50530855922389228  0.51573346510557394  0.52625082021941927  0.53686886746404139
  0.54759017277064459  0.55844057604482189  0.56907417633493973  0.57954853348557045
  0.58981759663153988  0.60022622719349905  0.61067728824454881  0.62106177016679909
  0.63167747634097715  0.64237663963667280  0.65301885549165772  0.66358962252428710
  0.67425478019808005  0.68500248800448860  0.69540231491012594  0.70578206617812222
  0.71621208726434338  0.72662449057823320  0.73695992621112794  0.74711659609509273
  0.75767537377846761  0.76842400793636334  0.77892547285163194  0.78923786269697938
  0.79940638528996144  0.80963238084135702  0.81987068318532275  0.83008708970965117
  0.84056250846599734  0.85100608778323472  0.86142724896893541  0.87187313849208037
  0.88232193771670520  0.89279355979499664  0.90323492353931267  0.91383957846649633
  0.92457939481512108  0.93541507427040671  0.94619736523065368  0.95711251959545929
  0.96793909609928885  0.97870320332538441  0.98933161090229316  1.00000000000000000
 -0.00230251122245426  0.00951518762578317  0.01959791506876988  0.03013711028640099
  0.04071035499277954  0.05127524930890866  0.06186743891745652  0.07243148713364203
  0.08298569762334636  0.09359368216704160  0.10411580420910546  0.11472028300511772
  0.12540223505244125  0.13652561968362692  0.14761896333740601  0.15816960824172818
  0.16868017166162202  0.17900436822902296  0.18944617828950497  0.19991291238179468
  0.21050864698732971  0.22132008159533370  0.23210430005137792  0.24275000065741983
  0.25344507530900889  0.26406610794985230  0.27492182395030124  0.28549822251521850
  0.29606113325587929  0.30643676895427019  0.31692023269807035  0.32720790102389280
  0.33762332362327818  0.34822348803422204  0.35852590378091653  0.36887756983757475
  0.37912389536062097  0.38965472795800776  0.39989043144645187  0.41011206869875078
  0.42032213418710074  0.43092733305635428  0.44146288552023788  0.45212198895906958
  0.46288366797586739  0.47363854883144385  0.48441678981231279  0.49502407595113751
  0.50567647586467201  0.51622032041564359  0.52673856969367350  0.53718141321275681
  0.54750438014039016  0.55770842053978997  0.56812467556171675  0.57861012000808576
  0.58904469807360327  0.59925124879963443  0.60958047192254827  0.62004424549894888
  0.63057802576345467  0.64106434979609539  0.65126769313341215  0.66148181869039513
  0.67178042522121584  0.68213482411797632  0.69250951070732947  0.70297145602435340
  0.71355198105583739  0.72412807929990675  0.73468236311355894  0.74552778916469342
  0.75645943494354739  0.76738007846545775  0.77831089920305552  0.78938973381731803
  0.80025840178673591  0.81087222787480318  0.82101966723312514  0.83104881178850643
  0.84114290770281142  0.85133122917365522  0.86162615664041264  0.87194904465408318
  0.88236131328249556  0.89278448575015990  0.90329383065962865  0.91380217614201575
  0.92442491288923412  0.93484986005710247  0.94528693801405139  0.95580998251261773
  0.96661190489500393  0.97757136225099484  0.98877269624037878  1.00000000000000000
  0.02269610738165194  0.02936937664439139  0.03654494438850968  0.04395067449552061
  0.05140351811760924  0.05877604177603092  0.06596577899149017  0.07304360132501894
  0.08012077811356449  0.08728544324785990  0.09458607479399780  0.10197321070957820
  0.10942469949031734  0.11690243782493538  0.12433350356673581  0.13187400661870965
  0.13939733135705465  0.14712320754462235  0.15496472232569725  0.16304202889635266
  0.17132187550811559  0.17963182475949607  0.18778491713032369  0.19587940120252709
  0.20400173936122248  0.21216236628247767  0.22037649489195582  0.22868174730002827
  0.23704532305904788  0.24556263637261139  0.25419162544475066  0.26277325344044622
  0.27129293414443528  0.27993037238956697  0.28872872506504266  0.29771627835535697
  0.30677885671843191  0.31581196433454251  0.32487975419272558  0.33398463865146161
  0.34317500043333643  0.35242975409257482  0.36180731911642527  0.37130200432456523
  0.38101417764335882  0.39095482038780860  0.40100398077490118  0.41111695170893986
  0.42101235324848302  0.43079007386791718  0.44063601750509018  0.45049044075988337
  0.46029342885009278  0.46999721306735626  0.47983457529462942  0.48998842773453705
  0.50032137755400985  0.51075369402702653  0.52125463164466279  0.53178441762967976
  0.54226435837247411  0.55278420627515967  0.56341499664189154  0.57410150965584938
  0.58466938965111070  0.59519379056286659  0.60582280987746973  0.61662617185367952
  0.62735976484346490  0.63804238452430939  0.64876372825383499  0.65955944119317689
  0.67037957601698739  0.68118340752654349  0.69201637693229112  0.70289257193229371
  0.71384147122334929  0.72495708722253227  0.73628357370380737  0.74770256194377593
  0.75903415559423404  0.77035927224328549  0.78186355093888971  0.79369111551325178
  0.80579229703023103  0.81835590819273962  0.83107253008357207  0.84416462461543118
  0.85754972875869095  0.87176764159726705  0.88671996743524883  0.90249758630105625
  0.91940229297294362  0.93864505215370686  0.96355339069334767  1.00000000000000000
 -0.01792360174761297  0.10099900552662658  0.13412105466961327  0.15449817927466797
  0.17111153172514035  0.18551667789439322  0.19835753282167151  0.21007136468068505
  0.22109250705047059  0.23154139128182333  0.24146942902331173  0.25099899399328968
  0.26008785060555167  0.26887645332065652  0.27715892301008094  0.28519249803169688
  0.29304899897964526  0.30072835582944146  0.30827419227279079  0.31554451604744843
  0.32259118792586816  0.32953846144288296  0.33639704292774791  0.34313400622968265
  0.34974353826760568  0.35622359693894357  0.36258606973378582  0.36893933111642468
  0.37522606403192665  0.38144647674853621  0.38756615200831873  0.39364995646976630
  0.39966456328008593  0.40562692695267338  0.41163550869312809  0.41759269015870443
  0.42346040712598237  0.42924515080993109  0.43498773470037122  0.44072904953809489
  0.44648122124276057  0.45224088408394147  0.45795755665053084  0.46357501923908861
  0.46911173873549189  0.47469522669537145  0.48029107367401741  0.48592327742051533
  0.49155553781855499  0.49717644760792357  0.50278631218477110  0.50839818044823926
  0.51401643271398223  0.51966074564634612  0.52538060133648123  0.53115570577058480
  0.53692993214170026  0.54273547531651567  0.54854272499630718  0.55441633002934332
  0.56030514753278404  0.56633989499090143  0.57241664449179908  0.57849974784899294
  0.58460984938627136  0.59074542266357988  0.59691841821283798  0.60319444507781306
  0.60962663743729295  0.61618093182447542  0.62278268129817826  0.62943657911451389
  0.63622842130052326  0.64310853122869660  0.65022859344738626  0.65745918003094306
  0.66481911791110471  0.67244160783107132  0.68029577703523314  0.68836496924632784
  0.69665463521739557  0.70512158740619635  0.71396494675664934  0.72310869287707302
  0.73264801861800100  0.74278040109347832  0.75335053069333058  0.76456767002694381
  0.77655121976738084  0.78961320318072559  0.80390276860785226  0.81964889027325583
  0.83795563968771936  0.86077128784510204  0.89672016676870991  1.00000000000000000
   4.6099622095668407E-006  -1.0000000000000000     
 F F F F F F F F F F F F F F F F
  <DiscreteSampler_grid>
  grouped_processes
  1 # 1 for a reference and 2 for a running grid.
  10 # Attribute 'min_bin_probing_points' of the grid.
  1 # Attribute 'grid_mode' of the grid. 1=='default',2=='initialization'
  0.0000000000000000 # Attribute 'small_contrib_threshold' of the grid.
  0.5000000000000000 # Attribute 'damping_power' of the grid.
 # binID   n_entries weight   weight_sqr   abs_weight
    13   10   7.860475656681068E+007   2.440462134352857E+016   7.860475656681068E+007
    14   10   7.860475656681068E+007   2.440462134352856E+016   7.860475656681068E+007
    16   10   7.860475656681065E+007   2.440462134352856E+016   7.860475656681065E+007
    17   10   7.860475656681068E+007   2.440462134352856E+016   7.860475656681068E+007
  </DiscreteSampler_grid>
