  0.00944573568157524  0.01655063996398827  0.02619963299276988  0.03722295307855277
  0.04760014384665716  0.05768456892165948  0.06784756493728328  0.07816289217047162
  0.08849144703519753  0.09882337550248874  0.10913847798342462  0.11947247984624214
  0.12985839596854659  0.14022304325259674  0.15063156173752165  0.16118509127331579
  0.17177411637674181  0.18241907815046171  0.19285603318894443  0.20308945594793457
  0.21317762868432624  0.22317482695869856  0.23327013397107521  0.24345970202889738
  0.25368631908949762  0.26411506584005046  0.27456991083623605  0.28502322023221377
  0.29544935921602455  0.30579424864591626  0.31611919579639736  0.32632049098103605
  0.33655012879899870  0.34693924705174461  0.35742883889949850  0.36813386158895994
  0.37879072984514478  0.38947786900039061  0.40005890218667767  0.41073804835784472
  0.42144383341380265  0.43224187046046864  0.44304599546740708  0.45392794659080082
  0.46471974059636462  0.47550931683999104  0.48600774218181503  0.49640103644617473
  0.50656867030303321  0.51683457545002087  0.52725438869538388  0.53780467517232344
  0.54821939283560506  0.55858636809141882  0.56896175478472022  0.57954568539506202
  0.59006112797972643  0.60052075545721662  0.61104104443961749  0.62168130683675160
  0.63227462227322673  0.64279893954012524  0.65348412073477535  0.66422454162614686
  0.67481714994156283  0.68544517274925099  0.69630215593883071  0.70709525738083534
  0.71752976498589938  0.72786152134082727  0.73835291431275130  0.74911696912754211
  0.75948539512038726  0.76999528776689918  0.78032424868034900  0.79075258841296436
  0.80089293188329391  0.81110115008523687  0.82166028563535398  0.83216133120823965
  0.84270510449686264  0.85316594056543493  0.86379608993241586  0.87425106931437724
  0.88452518994151297  0.89475238707766114  0.90497705536104811  0.91521017311668706
  0.92542702243738029  0.93574983142749568  0.94612602928323064  0.95673091832218693
  0.96728988021984186  0.97777970291166516  0.98866184382694977  1.00000000000000000
  0.00000251107449623  0.00000273346623151  0.00000289971942382  0.00000306345840851
  0.00000322518136758  0.00000339354878467  0.00000356417359534  0.00000373788411402
  0.00000391331065137  0.00000408914984854  0.00000426691211823  0.00000445657590974
  0.00000465738407615  0.00000485868011881  0.00000506605451806  0.00000528103728752
  0.00000550533777066  0.00000573263257518  0.00000597821382340  0.00000623072122999
  0.00000648839097341  0.00000674576234597  0.00000703398934639  0.00000732936464863
  0.00000762924723900  0.00000794072418044  0.00000827692984267  0.00000862762575026
  0.00000898793147745  0.00000937048059827  0.00000976949146551  0.00001017718881773
  0.00001058906634006  0.00001104549958342  0.00001151511026624  0.00001199895176216
  0.00001249056607793  0.00001302756159281  0.00001357509104521  0.00001414023390151
  0.00001473356264238  0.00001537202492645  0.00001602737291327  0.00001672107300777
  0.00001747323947880  0.00001825431504064  0.00001905176900726  0.00001989440315560
  0.00002080985446396  0.00002174564260779  0.00002272737479608  0.00002378421724904
  0.00002489698495611  0.00002603470157913  0.00002728841255473  0.00002863293086430
  0.00002998604687749  0.00003149028180682  0.00003307676313632  0.00003473488771700
  0.00003651758235698  0.00003846505358322  0.00004045492391293  0.00004271984048912
  0.00004515988948694  0.00004777838659423  0.00005069509350674  0.00005382527322961
  0.00005722137353407  0.00006085934454667  0.00006477254133171  0.00006906381528093
  0.00007375148918661  0.00007898213162263  0.00008478041208562  0.00009130556134558
  0.00009850836729279  0.00010680027071690  0.00011583932984287  0.00012666385384114
  0.00013905036301929  0.00015349151870077  0.00017101210897121  0.00019100893095710
  0.00021653427561786  0.00024922895018709  0.00029071427916096  0.00034101279816074
  0.00040325741835477  0.00048933121953116  0.00062328670816913  0.00082549177613100
  0.00113698712618959  0.00170935996582607  0.17538643188631686  1.00000000000000000
 -0.00215115608333439  0.00938377344592358  0.01939365435616187  0.02993598030179775
  0.04069283650448487  0.05163379982739676  0.06236407998251993  0.07288650809544746
  0.08335781245580287  0.09375589980586772  0.10420059361798784  0.11445383758484055
  0.12470421422591944  0.13507340465523140  0.14563426019310965  0.15647828642808703
  0.16726153198999558  0.17800256101086837  0.18889007088111889  0.19960738465649658
  0.21030797770485640  0.22096037800925922  0.23168311945811546  0.24247783723914429
  0.25319222284308662  0.26396604481062441  0.27454510310241287  0.28504045411519008
  0.29543434930462348  0.30566645838792522  0.31593281454557348  0.32590807102678115
  0.33585972662703867  0.34568035545165143  0.35581774976739394  0.36616544571454490
  0.37660552146012277  0.38702914468041127  0.39759727432912478  0.40835717060626675
  0.41906672926096133  0.42968444723321536  0.44004666107517365  0.45045086654880262
  0.46084571794998697  0.47140555349507762  0.48210634811637582  0.49285921197768062
  0.50340893124137553  0.51388363012773774  0.52436808602407770  0.53487842260452589
  0.54518194614113402  0.55541887771282994  0.56567108943222355  0.57606889324531363
  0.58649485454000350  0.59710553926299936  0.60778606089322895  0.61837913265119504
  0.62888076650812086  0.63917324034538503  0.64945097061074175  0.65984732396846002
  0.67056512916271405  0.68140191289692198  0.69203846297098215  0.70251068662753624
  0.71305841398033865  0.72381079613986754  0.73441328819052165  0.74498741044300754
  0.75551414913823245  0.76617648430946783  0.77666826688955393  0.78704483444963580
  0.79753627531074800  0.80804280823492447  0.81846503556286132  0.82873734098215246
  0.83906174241000786  0.84939609229205248  0.85978250301313575  0.87014886036303474
  0.88056656704069813  0.89124087526152429  0.90229253994046188  0.91328548078365501
  0.92414251671769732  0.93473584489537831  0.94565198278262586  0.95652990694330409
  0.96747827789778962  0.97832471830231083  0.98906930903249601  1.00000000000000000
 -0.00228120797828841  0.00955960536080825  0.01940521162032183  0.02962607361469790
  0.03981050792069393  0.05011315160124143  0.06036996947388302  0.07110980194998656
  0.08198996086764486  0.09320408042356680  0.10462596022423210  0.11568631532212766
  0.12629537030467139  0.13660753227387121  0.14691340185894866  0.15762180919544475
  0.16843245480546842  0.17924357055509038  0.19002209715597523  0.20080832517981026
  0.21129326489468442  0.22167638220198663  0.23209982313085831  0.24266778203464934
  0.25309840909738412  0.26351134806886617  0.27381599167878146  0.28386049302355271
  0.29404057342228340  0.30448837044015070  0.31500156449299355  0.32560281648403244
  0.33621820247059864  0.34711730488109876  0.35776378313995677  0.36829519062265020
  0.37873464194119877  0.38918761708531213  0.39957858108871552  0.41005766857377773
  0.42056193771869371  0.43114397778950947  0.44178102128871527  0.45233590909992644
  0.46281696123276989  0.47330866756789486  0.48373851111737731  0.49415667142542502
  0.50445050938698666  0.51482163803065650  0.52517244810605146  0.53561916975772872
  0.54597243038867371  0.55636298869562295  0.56661830669951807  0.57694529870503164
  0.58724988637717701  0.59769868508404744  0.60838768965826062  0.61906953216337757
  0.62963365501525492  0.64005198856440426  0.65051855532568759  0.66091481765816584
  0.67124728660001431  0.68166232109725378  0.69223583983826342  0.70262111145802986
  0.71285201978136581  0.72304929581126831  0.73362814085094297  0.74459930991521595
  0.75545014227014695  0.76629067966936049  0.77708074174701980  0.78811183840191479
  0.79865531525078226  0.80916863106426506  0.81977361619868450  0.83041556571467534
  0.84085445176954454  0.85130970785436089  0.86192324509579410  0.87250070931149903
  0.88294007544568809  0.89336835102033429  0.90398599854600525  0.91471644624490622
  0.92541972656763072  0.93619298247819382  0.94685224483274721  0.95752405139277275
  0.96792879515656682  0.97853852564365174  0.98921021468495329  1.00000000000000000
 -0.00250128318073769  0.00960614688502381  0.01989710486482954  0.03060303693560785
  0.04139201345974158  0.05211479567369022  0.06299646247825932  0.07334445734825140
  0.08376006452169912  0.09373806379539112  0.10378744509077466  0.11425447513003831
  0.12478072172529502  0.13567466612911350  0.14664030630071004  0.15764452434499401
  0.16873410530808919  0.17986064690130343  0.19085251168935038  0.20166323786510201
  0.21245062679892748  0.22337615725008589  0.23425851444908793  0.24499130509136596
  0.25557746754088578  0.26600919706316728  0.27634150601721724  0.28666540114453837
  0.29718155899143150  0.30775733015654400  0.31832362064801689  0.32897151855696793
  0.33954179508660964  0.35014094649734873  0.36052567980097250  0.37085824310873122
  0.38114158300364870  0.39133343403956700  0.40174323085934427  0.41227830336335530
  0.42289555180462290  0.43342378637816720  0.44406963397008842  0.45483498173073372
  0.46553430920951411  0.47610897773999045  0.48661878093790700  0.49702110461794574
  0.50753457889489484  0.51819653752311667  0.52903942083275535  0.53997471921270324
  0.55092885290026927  0.56188523423904968  0.57258692418687573  0.58329988079580630
  0.59421327429516846  0.60506391598596243  0.61571974876594759  0.62629493801765701
  0.63687531652051121  0.64736857892487598  0.65764832376141280  0.66804618252609682
  0.67848419040899954  0.68893639524306516  0.69927384036854134  0.70960347164850679
  0.71996926188765564  0.73036584930359472  0.74077005377114780  0.75106736753115655
  0.76137184504841227  0.77167325703401179  0.78200950648481216  0.79233173826641412
  0.80264690796046301  0.81297884779668528  0.82337492105597876  0.83381379117298171
  0.84424949887163359  0.85474440394228257  0.86512300789605845  0.87537250656613330
  0.88537734407308022  0.89545773044695909  0.90568646896919980  0.91595539306842211
  0.92611655985886032  0.93624353911067959  0.94663179443747025  0.95705502333212378
  0.96798042418934405  0.97868655349666978  0.98949884199038185  1.00000000000000000
  0.02440528570161475  0.03214683967579398  0.03776537998664957  0.04400143692699514
  0.05117294094416519  0.05839176702540456  0.06570794978699188  0.07308627202788255
  0.08047497392883189  0.08786597417358484  0.09533703468258546  0.10282942561934819
  0.11030226757553784  0.11774775021212543  0.12537062513622577  0.13325437298393877
  0.14121868106917670  0.14922138680517333  0.15729761524542779  0.16541006301540673
  0.17357276654942727  0.18172518880605906  0.18988333008694316  0.19806852515262074
  0.20638264782478116  0.21485688359207439  0.22347916001075629  0.23218845415990705
  0.24073426335971285  0.24926626873515037  0.25786674248903979  0.26646755473929673
  0.27514024000190190  0.28393382024172276  0.29286138203412315  0.30194210348283773
  0.31107105120779804  0.32021765958831283  0.32946719898329047  0.33876116537897744
  0.34797343717207202  0.35724043808892525  0.36651664019860597  0.37578657505512703
  0.38505962411966893  0.39442798614351188  0.40395590745901533  0.41368761350491173
  0.42365273364362382  0.43379751182456983  0.44397625740966229  0.45407633115529561
  0.46414617054259483  0.47424411977696340  0.48429520515237579  0.49425039768951762
  0.50415068425943588  0.51401522634763175  0.52381070193798185  0.53354518522689742
  0.54344784279402714  0.55360494649703706  0.56385171904791098  0.57413173469119383
  0.58447608988019972  0.59485963541954878  0.60521930373172417  0.61560080810121143
  0.62607754873326660  0.63664275858360264  0.64722837879469952  0.65784432266955106
  0.66842139769027753  0.67895394816382959  0.68969304657524011  0.70066404449592978
  0.71191646617621163  0.72321409356418598  0.73452137725941380  0.74580567842389345
  0.75719838126069017  0.76873982118567052  0.78044707173850192  0.79243567442738860
  0.80491076626355018  0.81737251744223904  0.82986277142092280  0.84242734015864607
  0.85550141639354815  0.86932570905751061  0.88413040518603991  0.89994614941722328
  0.91703264918025984  0.93651467729543270  0.96201386048297655  1.00000000000000000
 -0.01778946018735588  0.10103674528909608  0.13327417784005677  0.15355176232003440
  0.17050688275832887  0.18517957991923908  0.19837956930722384  0.21051324595430432
  0.22173022669220452  0.23216788739509708  0.24200044027900305  0.25143944512923971
  0.26053456968850219  0.26935025535474905  0.27774378773177377  0.28586605733912274
  0.29376014463735567  0.30136179192434581  0.30879152981750746  0.31598340743683306
  0.32296602331320740  0.32982160779718905  0.33653172611104559  0.34312280868997774
  0.34963408177722660  0.35603577706837730  0.36230463690407472  0.36851123800564212
  0.37468081912306278  0.38071510085547855  0.38669618943958867  0.39264850426458059
  0.39857186335735456  0.40449927731750296  0.41041989600768530  0.41634199499335484
  0.42221228859156706  0.42807003625619616  0.43393121595892520  0.43978637742557009
  0.44560352535855130  0.45134608723686021  0.45702204555089898  0.46266176302327966
  0.46829759381317848  0.47397044358137863  0.47968341518097973  0.48535130020418404
  0.49100996104940597  0.49666927936822697  0.50233694897001346  0.50800215079279576
  0.51368241930714786  0.51939418277671345  0.52516032034068150  0.53095462778745506
  0.53671111453519516  0.54246868232854284  0.54826048381807024  0.55412424095328339
  0.56004877844588763  0.56600210303592158  0.57201506008649827  0.57805898187294280
  0.58416106677852442  0.59033287628715081  0.59655013929754686  0.60285589295895481
  0.60930550494360602  0.61584581495538582  0.62241022523815870  0.62905796731030816
  0.63584138759238074  0.64276445395338910  0.64998740225558427  0.65740907624747635
  0.66494462941285282  0.67254412060681479  0.68022411233588498  0.68811307024798352
  0.69634139193092859  0.70492771176386027  0.71387308082832890  0.72322416544516777
  0.73284531924035512  0.74298370805133285  0.75358492172281510  0.76489075695954212
  0.77684837338283053  0.78972814869310626  0.80380811753726689  0.81973622207723140
  0.83839211933697144  0.86150882746668167  0.89761010528298824  1.00000000000000000
   4.5789008136444614E-006  -1.0000000000000000     
 F F F F F F F F F F F F F F F F
  <DiscreteSampler_grid>
  grouped_processes
  1 # 1 for a reference and 2 for a running grid.
  10 # Attribute 'min_bin_probing_points' of the grid.
  1 # Attribute 'grid_mode' of the grid. 1=='default',2=='initialization'
  0.0000000000000000 # Attribute 'small_contrib_threshold' of the grid.
  0.5000000000000000 # Attribute 'damping_power' of the grid.
 # binID   n_entries weight   weight_sqr   abs_weight
    13   10   1.660583578805313E+007   1.243046561878064E+015   1.660583578805313E+007
    14   10   1.660583578805313E+007   1.243046561878063E+015   1.660583578805313E+007
    16   10   1.660583578805313E+007   1.243046561878064E+015   1.660583578805313E+007
    17   10   1.660583578805312E+007   1.243046561878062E+015   1.660583578805312E+007
  </DiscreteSampler_grid>
