  0.00304688236341371  0.01197341481581416  0.02212880119690579  0.03213887675147879
  0.04233321751761097  0.05276439936934706  0.06294130592782611  0.07312601644831951
  0.08352140790028181  0.09389231412181703  0.10441420262217903  0.11432342502573600
  0.12433415289019692  0.13418836535230261  0.14417407400116794  0.15436351826909345
  0.16460362051772609  0.17517928188992155  0.18585203658385566  0.19632994837133283
  0.20684124861878944  0.21716690913812461  0.22777705033519133  0.23844530811526629
  0.24906668381447286  0.25941812672484643  0.26991658333326146  0.28054671742980475
  0.29100030647078046  0.30105966741982865  0.31109260306596087  0.32116713376179257
  0.33113685189424136  0.34117409886961630  0.35148055857006388  0.36188524104271769
  0.37210616112752792  0.38238775634172700  0.39279405487389457  0.40333347394034602
  0.41382635803824852  0.42433470696002568  0.43476221298163237  0.44512538119996492
  0.45560131397496156  0.46618481784110011  0.47668430728991995  0.48694815363548360
  0.49710748412165046  0.50746074978363487  0.51810408248774198  0.52893382507304088
  0.53977257897377473  0.55046509258639764  0.56098448352612507  0.57122085624972663
  0.58142217243953298  0.59189816867451617  0.60267731723567608  0.61385857266983279
  0.62513643287593423  0.63629057495972474  0.64721427850384761  0.65796790381192127
  0.66852236349127370  0.67893598476849526  0.68935667783583365  0.69999385321977969
  0.71065260959787502  0.72118423636493434  0.73174684304052084  0.74254912201105805
  0.75345355351065613  0.76422914280900534  0.77498243781189702  0.78568372740551562
  0.79628796897552068  0.80667696924382204  0.81700718894801894  0.82745687731159812
  0.83795566002614907  0.84818378269871830  0.85863799226072079  0.86888485487413547
  0.87922938515031168  0.88966920663988769  0.90031414605782489  0.91086525842448562
  0.92128851895474684  0.93143964115045874  0.94160214956065269  0.95136229393522320
  0.96135696987200314  0.97143103906390404  0.98235913430374533  1.00000000000000000
  0.00954539944767161  0.01575120070427623  0.02421342899959568  0.03444229283747182
  0.04453522593461717  0.05438879380389811  0.06434253209934508  0.07466924563854588
  0.08534505306725285  0.09616321505270436  0.10705695296084802  0.11796332057282559
  0.12878235993590414  0.13949705875403490  0.15024757716122730  0.16100084063542233
  0.17180087353028997  0.18262841177691055  0.19323285010193134  0.20375548712025290
  0.21417010922120028  0.22480054467173377  0.23561282232757516  0.24641718384148714
  0.25718009362268035  0.26791428422602176  0.27826391809457257  0.28824986105615419
  0.29812347132172690  0.30815879612202673  0.31843789665192967  0.32867805459894639
  0.33900078490991353  0.34948040372753186  0.36002184125301306  0.37050704755824693
  0.38076934825623904  0.39076116569495611  0.40058927723274468  0.41040202308268681
  0.42062469727644997  0.43111175774796390  0.44164970379942919  0.45224756823783752
  0.46298842624340975  0.47358007688362874  0.48378580088515311  0.49373684541172980
  0.50378383791728698  0.51390660264751165  0.52394159375948490  0.53389201047338586
  0.54390333485827924  0.55408027689694350  0.56434715273352398  0.57451804777110616
  0.58455371730250749  0.59470000261602196  0.60504598984761016  0.61557106879280876
  0.62608198656294711  0.63674774927263056  0.64764627913823503  0.65869777616961345
  0.66986998197046088  0.68089997490820842  0.69173707687736274  0.70231920555823979
  0.71291835786175684  0.72346017503399851  0.73407370325789445  0.74452666365364295
  0.75509724878151985  0.76570844936022719  0.77618759838075468  0.78666368063643544
  0.79684051442623904  0.80711897378394160  0.81714103629745649  0.82725712061257350
  0.83717801622351873  0.84710577064736881  0.85706982400304221  0.86729293614208369
  0.87760140972193879  0.88805139626691720  0.89837052417306407  0.90879448290187792
  0.91904644071295571  0.92932151525433082  0.93965489462982732  0.95021298788452724
  0.96062497840128813  0.97067781576658074  0.98092210704806193  1.00000000000000000
 -0.00185590233207527  0.00756511187250223  0.01587038910561006  0.02416640104449538
  0.03265119911192955  0.04116567561530322  0.04988035516222872  0.05872455681791375
  0.06765928964235189  0.07640970080211615  0.08533830591659101  0.09473289223022220
  0.10459324782352798  0.11489346590171487  0.12545446769453314  0.13642608953928009
  0.14729996186702085  0.15800878123506473  0.16867438051686073  0.17971949721510699
  0.19083056015428199  0.20182353591821009  0.21277126424818571  0.22355987106772876
  0.23418433200197916  0.24476769545035890  0.25577719284961431  0.26721375600609665
  0.27891017160873055  0.29072619007329986  0.30280135379911527  0.31515039578571530
  0.32767610771080224  0.34046277373659922  0.35323733865944945  0.36599054730135960
  0.37810516126554711  0.38990568308947415  0.40192426937193720  0.41432365243083852
  0.42682217570485315  0.43942820122187065  0.45217720304668324  0.46504025419329403
  0.47817571272197423  0.49163097711866016  0.50516531851315893  0.51847475414828925
  0.53125992693194390  0.54381810681179210  0.55631392903454180  0.56853458468349805
  0.58041008889574119  0.59223613056808366  0.60379483497763742  0.61516971627679007
  0.62631028934733790  0.63807159378863842  0.64994914996068087  0.66169638218949567
  0.67297398815263765  0.68434332503712325  0.69541270994089244  0.70650375690308087
  0.71765989027414934  0.72887685321968887  0.73997047857609388  0.75083960211384870
  0.76142483230962865  0.77174340228059135  0.78207870659345846  0.79223631046114951
  0.80227162809327768  0.81239563238540990  0.82273358803118624  0.83275528153355671
  0.84209116451946797  0.85130323157153265  0.86042618489252742  0.86947234341699642
  0.87802862981912588  0.88627001770970093  0.89457622266795134  0.90295764596264416
  0.91142963205345917  0.91978367544757822  0.92790943220254518  0.93597830906707247
  0.94420856581419943  0.95257117831006310  0.96076540314650671  0.96870701296574602
  0.97643842343632870  0.98420759891888265  0.99204759301886325  1.00000000000000000
 -0.00230582807423086  0.00930062870911328  0.01904053954669536  0.02942246468979361
  0.03958591233523582  0.05004082854584763  0.06050000989414858  0.07103369008321585
  0.08140822035887509  0.09182470424290959  0.10243578920528308  0.11331916256386136
  0.12433082565564441  0.13499709925063741  0.14548201682979481  0.15553762140214283
  0.16572850977371625  0.17570286504247387  0.18557787767163531  0.19556234588338348
  0.20546589825643932  0.21544396938720045  0.22539902231624678  0.23542661131261441
  0.24552785096577395  0.25577001321031440  0.26621952385990799  0.27697296963614632
  0.28785308954730476  0.29857703696051469  0.30910573554861331  0.31934547001192598
  0.32976251103785331  0.34015101085878136  0.35059810342579872  0.36108301546176397
  0.37205313898119829  0.38343236255756485  0.39480958606468447  0.40584860111849463
  0.41657739635468849  0.42705369574372837  0.43748306615688887  0.44770720892049914
  0.45794083290764892  0.46842253837906228  0.47914845659068578  0.48979672432552279
  0.50019094211249882  0.51062301891371664  0.52115496821907314  0.53190648467849899
  0.54276524738342513  0.55387822241228002  0.56512528286469421  0.57620112190457196
  0.58727984564777125  0.59830737172430759  0.60938866941044112  0.61998826481601332
  0.63059693252120330  0.64118905065428056  0.65191263251122267  0.66227873268943327
  0.67269294043804884  0.68317112045858153  0.69369268160319408  0.70383243543634411
  0.71366786206608546  0.72339100528445854  0.73348750615205571  0.74390656821802437
  0.75461314702094251  0.76556384968772095  0.77646279008220453  0.78770952134761707
  0.79868940361662744  0.80966753378589662  0.82030358183580110  0.83079690212051671
  0.84135137465307397  0.85212049765203834  0.86296687421605356  0.87391587950701599
  0.88488382320431769  0.89596259918134524  0.90574582251677294  0.91572836307233407
  0.92574548698475811  0.93582675783787728  0.94580003594005324  0.95575619529071909
  0.96647923884653086  0.97754531155405933  0.98883285927605069  1.00000000000000000
 -0.00235196131301184  0.00952853682863232  0.01892210888176522  0.02914984587747940
  0.03966909252262338  0.05072819033470239  0.06164600992260907  0.07199992516584926
  0.08259053042659202  0.09248177918565628  0.10265921652875609  0.11279957900879546
  0.12300450725050550  0.13343275394376569  0.14402061375299291  0.15515420960197768
  0.16610087717017916  0.17681595570458861  0.18735058302124880  0.19846389415390517
  0.21007927189498812  0.22141349192886092  0.23245791315932285  0.24302077626934554
  0.25344020184686172  0.26373114613977550  0.27380798951447627  0.28391513270781876
  0.29409664734089092  0.30432502012834384  0.31460689800622110  0.32496329847389221
  0.33544170086280323  0.34615765639359458  0.35715420119372410  0.36850386698533799
  0.37972056905501084  0.39074348977121626  0.40172365962650924  0.41277494915184204
  0.42323593737428089  0.43354865032267909  0.44384090850395425  0.45416804655024751
  0.46458929274366983  0.47517001732879399  0.48589564430040033  0.49667438791636842
  0.50739471310594431  0.51797096529756903  0.52821972769707770  0.53827275455353818
  0.54854677818768605  0.55880947081962451  0.56896721807990025  0.57913168389492242
  0.58959054911511666  0.60029615701541106  0.61102080564444228  0.62165024019996640
  0.63232115144134671  0.64328393647752258  0.65410297536813466  0.66503669292075529
  0.67585083801879176  0.68668706642769439  0.69744600339020713  0.70816515126851309
  0.71928581771013178  0.73018476537493138  0.74098930634537341  0.75145793734282906
  0.76174135548555200  0.77243845720749160  0.78335021105184255  0.79432156049912261
  0.80492954210469791  0.81571662643833243  0.82653767259758704  0.83697990201520989
  0.84721217972142560  0.85714209209725400  0.86742152725564803  0.87771240793689065
  0.88822548512540866  0.89845410755590815  0.90867889047544281  0.91871776488028212
  0.92835148412551960  0.93779483780336970  0.94750427792027192  0.95719626175833239
  0.96731598334266866  0.97755539903559496  0.98872568364203550  1.00000000000000000
 -0.00219128717940780  0.00950307555354256  0.01974763057858267  0.02977491526847949
  0.03995774980385697  0.05025790759374947  0.06090805342727347  0.07142819313588931
  0.08160282244079341  0.09171439954407695  0.10171101760751081  0.11168358276917603
  0.12205554600883688  0.13248681248414834  0.14309201911199840  0.15320308966115176
  0.16338000486868318  0.17364328593289780  0.18363966933865597  0.19387584865617713
  0.20459394118639637  0.21572445079734928  0.22676410649631348  0.23752126042248456
  0.24843071613112885  0.25920241161497332  0.26992006609898400  0.28070302263287567
  0.29146304342322210  0.30265607328814204  0.31382250514096871  0.32529813771853783
  0.33616598927120722  0.34706621198502707  0.35787520066782219  0.36891890575920405
  0.37989747347912833  0.39077200176308180  0.40128577306448221  0.41172685514218266
  0.42229639660928975  0.43313260230459161  0.44404656522899821  0.45479190765776478
  0.46527351321744859  0.47578177852294440  0.48628646639759693  0.49678837346389632
  0.50724213735966206  0.51774040487478024  0.52853567380604249  0.53942483257289908
  0.55039107231288131  0.56133964578578066  0.57228485357623904  0.58314196441136201
  0.59407919313255397  0.60480688001364769  0.61518498692713730  0.62530852738039977
  0.63530413055869006  0.64536218287636760  0.65543118220160845  0.66569917658900513
  0.67621008309483732  0.68670217765887653  0.69702450396538129  0.70722751560317465
  0.71757630198277000  0.72793843169128225  0.73850742443372075  0.74941738407806069
  0.76036712202977164  0.77105309506774999  0.78157547790244986  0.79201788096240422
  0.80245519957592404  0.81284743450245744  0.82324773444271193  0.83350737492048577
  0.84379673067367367  0.85415349134521457  0.86495210888798235  0.87563257835267683
  0.88657399699863126  0.89740036580102855  0.90810299347462342  0.91839853490428824
  0.92861874710992964  0.93892061239376634  0.94923517229650067  0.95949910539715677
  0.96967844821374782  0.97988831542511290  0.98994025155433962  1.00000000000000000
 -0.00242862660090218  0.01137177618480930  0.02295000767899450  0.03474518349687864
  0.04637804856738975  0.05836057553684770  0.07018717675359519  0.08171550858077502
  0.09303955966466773  0.10430303882088987  0.11571897081260835  0.12730602063634483
  0.13903640721231808  0.15064769523574773  0.16212388269960973  0.17348314131225231
  0.18458003008093632  0.19537772038831255  0.20587660255571905  0.21612301789647237
  0.22626971319137959  0.23651339188878617  0.24685373906598113  0.25699205256181401
  0.26704191425491303  0.27702176810106638  0.28674765170333244  0.29634481240979138
  0.30583608671657903  0.31526427290465447  0.32460990378284299  0.33398549514422615
  0.34357517657545389  0.35325856815654366  0.36289033674085464  0.37251628912191592
  0.38231258652952016  0.39233402844562115  0.40222300438366110  0.41198691826032680
  0.42172728322507885  0.43165175416273693  0.44130988258799680  0.45082848062507858
  0.46039121346209011  0.47029781194936349  0.48032248250555137  0.49030262235542826
  0.50015529305559703  0.50997867361256466  0.51995178678615495  0.53046872823889724
  0.54084322515397609  0.55081303257195624  0.56043793635258410  0.57053170541553611
  0.58095109835407155  0.59063639768127885  0.60015146235022443  0.60959100027731039
  0.61897014261909333  0.62831367240374736  0.63776598506095228  0.64763621596549381
  0.65796060849408666  0.66823217883850972  0.67830375839477641  0.68827469433763244
  0.69824879934212647  0.70816024566185298  0.71785364654815909  0.72751164468737173
  0.73723460091362591  0.74697403213338986  0.75689327543228957  0.76700368981177192
  0.77734193317749578  0.78774256781808216  0.79863616958595596  0.80994128535633669
  0.82140619947389382  0.83274097255782731  0.84422769213706650  0.85564369874284196
  0.86721718011299354  0.87865656888248944  0.89047095630115880  0.90217257355339564
  0.91397048990511776  0.92554300752459251  0.93695758122924655  0.94930171451234957
  0.96194371840855564  0.97474975334622771  0.98740865204659856  1.00000000000000000
 -0.00249870951717519  0.00966841293527387  0.02006886497620681  0.03062269708689238
  0.04125542290586569  0.05190392674328236  0.06250343019574642  0.07252114176144370
  0.08249182467140524  0.09242840730422686  0.10244238940720175  0.11236997432140527
  0.12233737887779340  0.13299902968683397  0.14402039142571260  0.15491078497066321
  0.16554193585757201  0.17633965282928338  0.18712445005511968  0.19782731184194757
  0.20871032696891242  0.21980901629928717  0.23092649053462427  0.24179233130306102
  0.25253655802974739  0.26278628952656224  0.27293063458591299  0.28274316596097770
  0.29297267597954602  0.30304662163420393  0.31311503288739895  0.32295259602598425
  0.33319289052848455  0.34371978328017855  0.35441746385815470  0.36490024569889062
  0.37528911717782543  0.38539681149069110  0.39536473048837045  0.40522641645790419
  0.41547289877470883  0.42590821581590688  0.43618483173707473  0.44620117995729203
  0.45618485744197912  0.46643459766958789  0.47681233338064272  0.48714848187955906
  0.49749359591015097  0.50783564617137633  0.51814388240624265  0.52835427740268970
  0.53872008997854071  0.54919644579683602  0.55969049617164146  0.56993237338280378
  0.58012956553401518  0.59055953373958581  0.60115359996600359  0.61191399610047403
  0.62289864900114877  0.63381747823177237  0.64469502387252364  0.65543507989667615
  0.66611865290228234  0.67661480378932681  0.68706763139906901  0.69788426756208366
  0.70912310282682134  0.72050504222329914  0.73197845329066846  0.74333907967957469
  0.75449166294662817  0.76503237006382840  0.77573283812014471  0.78665586893790618
  0.79770326580081763  0.80846252768567883  0.81892289850781042  0.82937846874099996
  0.83993863472732744  0.85050072232831320  0.86136999098367018  0.87270307394242708
  0.88403810467020616  0.89524927187654424  0.90595949946096910  0.91696923217165305
  0.92779814878034106  0.93843017532403539  0.94886147580756686  0.95917210102221551
  0.96956383078073605  0.97965021292482501  0.98989094007366818  1.00000000000000000
  0.17116637237419183  0.29265108541206525  0.30306328128652604  0.31254081528887179
  0.32137067912210543  0.32972514590896151  0.33746199953810946  0.34474758788459176
  0.35161793336126096  0.35804955421422568  0.36413114787904272  0.37004405633523019
  0.37580834194049467  0.38151174983540787  0.38722436100453006  0.39286757437217795
  0.39840232447123131  0.40379895448463365  0.40916212829545551  0.41448823178584815
  0.41981663447632600  0.42509019202708465  0.43032994211920739  0.43552400571058775
  0.44072356342898023  0.44594838200976167  0.45120993314942481  0.45649362590911385
  0.46180265528168174  0.46710276358554081  0.47233945763744967  0.47759051218792758
  0.48298590871571484  0.48836658008355810  0.49366820109934156  0.49886324945026395
  0.50397881388194032  0.50903554694378450  0.51416265623315127  0.51935590978216895
  0.52460020302707899  0.52986009223391994  0.53505662471101978  0.54020324710917833
  0.54539256179963480  0.55064959507876776  0.55599594744549441  0.56138564027915883
  0.56685890372319980  0.57236649170454190  0.57789578768043148  0.58345560333277890
  0.58892281006372282  0.59437238663031100  0.59987529568605658  0.60553215860899900
  0.61126003988694277  0.61692999425196660  0.62258011474826735  0.62828895507392379
  0.63411482437830569  0.64000689118547172  0.64595212524949530  0.65217513111488168
  0.65844790129846831  0.66484812220299183  0.67143934939275218  0.67825867109024440
  0.68495300071515253  0.69171413996463149  0.69843695278768980  0.70529771258232277
  0.71242965171821726  0.71982877949716650  0.72743054217380343  0.73523838018689702
  0.74314141996527450  0.75110322988818157  0.75931416062653989  0.76778908479136554
  0.77624528805240189  0.78480304160394732  0.79356689076346809  0.80278035684381888
  0.81228666912372327  0.82222923192416664  0.83255162287023432  0.84342717728176164
  0.85517167796098414  0.86782711387322387  0.88142003838179450  0.89587108564686713
  0.91230172032294365  0.93133348676270356  0.95697775663856999  1.00000000000000000
 -0.01910433934146806  0.10676200359419205  0.14031623180101704  0.16197488646239394
  0.17918852319455494  0.19384495780224170  0.20706824018071035  0.21931258504218393
  0.23074668675559570  0.24149374611261645  0.25171862466003958  0.26159825271037279
  0.27119929503484980  0.28027465078167246  0.28899871209853789  0.29716894240098990
  0.30511684666110894  0.31282858485180209  0.32032304568391246  0.32759512903643939
  0.33471987140131643  0.34166712870281141  0.34856136858235243  0.35528905384743636
  0.36187356884864352  0.36839362357685707  0.37480198004944781  0.38106432757196695
  0.38720944971055987  0.39328674605666986  0.39932545136319969  0.40528179177999146
  0.41130355736052088  0.41723416821645143  0.42313433838526809  0.42894289232717897
  0.43473517144640733  0.44055689705263190  0.44637358416032741  0.45218846504298832
  0.45795530971488418  0.46362665681068782  0.46923920080691828  0.47482004650814802
  0.48047946194251723  0.48624001181342019  0.49202658024544116  0.49771500754511810
  0.50324933207450473  0.50867016275761590  0.51413625013715636  0.51965700302916784
  0.52522694925512736  0.53082247653472681  0.53641347565890873  0.54200213474898040
  0.54752809198213748  0.55308603396024236  0.55872499903539841  0.56440212243675159
  0.57013798994633347  0.57584146697392979  0.58163094023349249  0.58752547422255608
  0.59352117674216820  0.59950453447738505  0.60550969525566001  0.61158784162523439
  0.61776869238363596  0.62408467598340112  0.63051460622473354  0.63698109616970733
  0.64345096046956529  0.65008154257844775  0.65698024210869277  0.66397478610295602
  0.67121705839761803  0.67870442355203064  0.68640445890766233  0.69453971905154255
  0.70288920368509600  0.71134419406691851  0.71995268954573843  0.72878717539339199
  0.73793360080297865  0.74744163438882372  0.75744115534657797  0.76811275202509566
  0.77934838305167109  0.79130679344895294  0.80450905440019949  0.81941852533275605
  0.83698815967054763  0.85871640335704547  0.89279008467726195  1.00000000000000000
   1.7748871836677616E-007  -1.0000000000000000     
 F F F F F F F F F F F F F F F F F F F F F F F F F F F F F F F F
  <DiscreteSampler_grid>
  grouped_processes
  1 # 1 for a reference and 2 for a running grid.
  10 # Attribute 'min_bin_probing_points' of the grid.
  1 # Attribute 'grid_mode' of the grid. 1=='default',2=='initialization'
  0.0000000000000000 # Attribute 'small_contrib_threshold' of the grid.
  0.5000000000000000 # Attribute 'damping_power' of the grid.
 # binID   n_entries weight   weight_sqr   abs_weight
    10   10   4.904419963792187E+005   4.167680347796555E+011   4.904419963792187E+005
    11   10   4.904419963792187E+005   4.167680347796554E+011   4.904419963792187E+005
  </DiscreteSampler_grid>
