  0.00921605039132398  0.01675874847679518  0.02670127766185279  0.03815453251594643
  0.04904868261826702  0.05966986896717877  0.07024127845356669  0.08062648034657439
  0.09082242323644635  0.10078643002922075  0.11066946175101432  0.12070649693013372
  0.13078936429927807  0.14111818861640102  0.15151222046452995  0.16192125327429102
  0.17224282953896683  0.18220505754855582  0.19240417830039630  0.20277325261125201
  0.21332963656031931  0.22413305352459970  0.23457072941666926  0.24483988838949114
  0.25480847548568897  0.26468992542106151  0.27453879721646657  0.28429681908638815
  0.29388232087674393  0.30415368648431296  0.31422985493607941  0.32532842436816017
  0.33615505530429501  0.34692560200899092  0.35729999951865699  0.36782853185710063
  0.37817088534791465  0.38835164854991416  0.39829003455119155  0.40831260476957310
  0.41824493212299535  0.42843746459998372  0.43880254993550755  0.44957739929296958
  0.46029684370121993  0.47079900244560535  0.48101024580950175  0.49118776736563674
  0.50136772451040945  0.51151632871860675  0.52153470331446083  0.53148054254210575
  0.54161800177428421  0.55186643463447560  0.56193392683167209  0.57204243177785530
  0.58214098719841945  0.59261406870105793  0.60321207724703307  0.61366165283197927
  0.62416761107209617  0.63461296028107861  0.64490836328632817  0.65511687794764339
  0.66531508437861320  0.67576510576239790  0.68645182425296702  0.69718915320106467
  0.70789240529613295  0.71835574697451599  0.72871311771288738  0.73911584486575177
  0.74940521538552629  0.75950961582016385  0.76949639169772666  0.77957718505614793
  0.78977316613349346  0.79993313580818026  0.81007694534651076  0.82041051853864400
  0.83083991085469666  0.84119531707838713  0.85160333017271617  0.86228455482823985
  0.87319997986081244  0.88386244761584798  0.89433667051792665  0.90513939265112342
  0.91615199151730908  0.92686204307037212  0.93741729679430341  0.94814646224783827
  0.95906108562468884  0.96967742776160759  0.98025022742821299  1.00000000000000000
  0.00000257153837227  0.00000265574338696  0.00000281781461993  0.00000299019420006
  0.00000315340786877  0.00000331676708214  0.00000347284534405  0.00000363434123642
  0.00000380290361131  0.00000397163770113  0.00000413923265348  0.00000431068837468
  0.00000449263427185  0.00000468306343767  0.00000487653959980  0.00000507712971430
  0.00000528966183650  0.00000550744753099  0.00000572902347899  0.00000596512003083
  0.00000621752925499  0.00000647378464781  0.00000674187183753  0.00000702491019183
  0.00000732498336197  0.00000762546736074  0.00000794405017350  0.00000828350081662
  0.00000863401964818  0.00000899008634476  0.00000936381882693  0.00000977476719142
  0.00001018589963671  0.00001061484777732  0.00001107139026296  0.00001155358831795
  0.00001203659276342  0.00001255084826421  0.00001309222376822  0.00001365012010466
  0.00001421683789918  0.00001482740523638  0.00001548323512549  0.00001615849950292
  0.00001687208609916  0.00001763595814456  0.00001843806412882  0.00001925080635649
  0.00002014584335699  0.00002109442556997  0.00002204993220294  0.00002306485218140
  0.00002414535682855  0.00002524409109536  0.00002642007677988  0.00002773176763712
  0.00002910853609564  0.00003055440218596  0.00003209384687613  0.00003371390132899
  0.00003543516782060  0.00003732252631751  0.00003938474291415  0.00004150099529928
  0.00004389738830754  0.00004637833019006  0.00004904327221015  0.00005191879097837
  0.00005497635546910  0.00005825547491331  0.00006188316127268  0.00006566897238211
  0.00007024194167253  0.00007487082335367  0.00008056033470260  0.00008627871325083
  0.00009288599916304  0.00010019539709615  0.00010905762836446  0.00011916494800307
  0.00013108413484390  0.00014455332720276  0.00016048753255975  0.00017933789386561
  0.00020218927558523  0.00022996988939247  0.00026470338004571  0.00030995697908435
  0.00036614041855340  0.00043941681251924  0.00053981962625959  0.00067233896233458
  0.00086522216850948  0.00114018260504084  0.03584636773887473  1.00000000000000000
 -0.00232644146135543  0.01013832444495879  0.02033739797895558  0.03129530400133775
  0.04203580789419062  0.05269866744350847  0.06323878749553391  0.07425996413324715
  0.08499622383004445  0.09547579715620556  0.10615028121033400  0.11726105622430026
  0.12830364005797443  0.13870276192899300  0.14900637048845505  0.15915416638153279
  0.16925756741990614  0.17955704389958596  0.18998815023183580  0.20077436827852690
  0.21190636013272313  0.22324261202302084  0.23450643836678281  0.24552993919499294
  0.25609024200104069  0.26663909112191869  0.27701540833800853  0.28741871248410661
  0.29783484226230222  0.30824134092813221  0.31899321482938331  0.32982192479211325
  0.34066465758961623  0.35142887063148864  0.36192432175495276  0.37219164717204123
  0.38257320631519026  0.39301107612349007  0.40373339490438165  0.41455350188515133
  0.42518448390405195  0.43570710364106124  0.44609018319044724  0.45641487313503576
  0.46652770953856171  0.47665752150454493  0.48716197945590500  0.49785091727726688
  0.50856409013322712  0.51910014467658161  0.52983556461003789  0.54043615549375612
  0.55178074774380192  0.56280535158690881  0.57389421062449331  0.58489212384547185
  0.59602118354256417  0.60693066325124190  0.61768152747144200  0.62836176788464770
  0.63903116222982048  0.64975558950696510  0.66047151024435480  0.67097168714273203
  0.68134302105107725  0.69151005872919669  0.70155191176988574  0.71133715047645862
  0.72120326600506246  0.73122801487185796  0.74129501379731277  0.75129083379117845
  0.76155577746553738  0.77209276483557387  0.78293475581498173  0.79354595595617983
  0.80421918034077011  0.81464617646355475  0.82488331087481881  0.83504405624992717
  0.84527723512093289  0.85562761248471431  0.86599936951979228  0.87627460898826171
  0.88665565378951938  0.89699323898341687  0.90724917918244796  0.91737125671836972
  0.92728566895299880  0.93708559931587365  0.94730307632916966  0.95747268442628741
  0.96806617391414029  0.97852564697262978  0.98923715989147443  1.00000000000000000
 -0.00221162734222288  0.00963778452522499  0.01952721141641637  0.02988141419802881
  0.04043997411299548  0.05112075628984034  0.06144293503135095  0.07177563907892286
  0.08212141123498447  0.09230030535866524  0.10253881805622077  0.11289005000133397
  0.12342927304329432  0.13370273345349562  0.14388918326345365  0.15441492880014746
  0.16510578061092435  0.17589369594624665  0.18647163276791423  0.19704921608939022
  0.20766114954401108  0.21823923416018862  0.22893678027979639  0.23947121002799707
  0.24990434934015082  0.26007836631576575  0.27033675426512044  0.28056232930534475
  0.29075012171181841  0.30077031776286034  0.31084508786559134  0.32161540013402884
  0.33222260198585879  0.34266343307974367  0.35270057318612125  0.36325068061811228
  0.37388614975410217  0.38421675791800841  0.39456131641702874  0.40478578171181290
  0.41506680716119437  0.42555625402423641  0.43601369142839813  0.44666577587012202
  0.45710249216971094  0.46801983738220942  0.47923479938256180  0.49019019290345478
  0.50112429112572965  0.51184708052092509  0.52247881380022787  0.53291917065290850
  0.54345918111015956  0.55439785062087865  0.56557014965306140  0.57672626849795350
  0.58776182619995132  0.59868726691951824  0.60912662513248872  0.61944299919334866
  0.62974126854566548  0.64015944655112467  0.65056890062336759  0.66106797342444878
  0.67185021455545013  0.68286606055999033  0.69373342658150783  0.70442028673511137
  0.71490321181305794  0.72550897795805480  0.73599533746630941  0.74661353439725087
  0.75721206817648057  0.76794451521255269  0.77823543296975828  0.78855711706940257
  0.79887933550160206  0.80933642299307473  0.82012667919703208  0.83088331203089372
  0.84163297998842634  0.85237447970937452  0.86306899134004733  0.87384125806503454
  0.88410914012964226  0.89441075454707974  0.90474538250476855  0.91525760057970640
  0.92590811979338694  0.93681826701305215  0.94781166070207334  0.95857271703042768
  0.96906394614043412  0.97944903760134949  0.98973062762529240  1.00000000000000000
 -0.00210514942225427  0.00981816131431922  0.02039646700150988  0.03080367821091449
  0.04132460250417196  0.05144870322108681  0.06164887643871121  0.07157695627089683
  0.08147952823340601  0.09163263170973936  0.10180961609177298  0.11240521109800559
  0.12303998035061370  0.13333110082967534  0.14366793543075948  0.15375979199190923
  0.16370331343031561  0.17350287892693758  0.18324590809254143  0.19343214273297563
  0.20387990113368623  0.21437673912817237  0.22506876860655364  0.23567731735841843
  0.24662651930111265  0.25744595534753106  0.26816627345099053  0.27839171783035360
  0.28860977351176520  0.29915645352386017  0.31020306260539704  0.32094865423770086
  0.33150696299701843  0.34179609462565252  0.35214830128261843  0.36244492237883741
  0.37262058294392941  0.38295438174005764  0.39332958540664315  0.40395080107577158
  0.41461311443478910  0.42536370171690718  0.43600472637333221  0.44683145712741190
  0.45777419635151173  0.46877586428830215  0.47987698831562786  0.49090710785655406
  0.50174270122921139  0.51225024534402508  0.52308235018672411  0.53412360114796509
  0.54502343210873461  0.55549700661304835  0.56596242700572563  0.57666847727248993
  0.58748874466139267  0.59801592719911056  0.60858774132645832  0.61911106550409012
  0.62962725637157790  0.64012461392288733  0.65062561494711368  0.66127916700310818
  0.67166503526952348  0.68191052077355097  0.69236177129542342  0.70293790507660214
  0.71362741963599907  0.72408377400982071  0.73478644231062262  0.74555619710688759
  0.75613788013920435  0.76662341861470618  0.77685473452055442  0.78716455817186737
  0.79766408985385917  0.80836833099120209  0.81917195390713160  0.82993955798401853
  0.84081035761570166  0.85151561064483428  0.86222206682601821  0.87293631046663522
  0.88375387742946343  0.89437644462546018  0.90483352647893744  0.91524079142940984
  0.92587820123789100  0.93625255315832212  0.94661154180952445  0.95676890296307870
  0.96772650374523761  0.97852417332855368  0.98930894556719595  1.00000000000000000
  0.02866173454196181  0.03297819065096947  0.03852092057479527  0.04444730567069646
  0.05127323603597699  0.05807421450223402  0.06480963293723185  0.07201472335297307
  0.07905828902791839  0.08606491617707791  0.09343629301428276  0.10058352984283583
  0.10808661875373901  0.11594807039074345  0.12396572920847861  0.13203883105428402
  0.14004433504218999  0.14789357301410627  0.15563815785055618  0.16341610665438391
  0.17125646679764500  0.17910238046335875  0.18705405586291787  0.19501621686067805
  0.20288925279111047  0.21087820508758648  0.21906345144514952  0.22741798624591730
  0.23604257298394615  0.24459034886633241  0.25315332622718184  0.26177722428773587
  0.27048033757822437  0.27947274336182948  0.28859783121437932  0.29786907923386924
  0.30730214006087564  0.31680929749912023  0.32625539114282937  0.33565179053339445
  0.34501667678187242  0.35440075269036353  0.36374268013159250  0.37299518040849455
  0.38226692717310479  0.39173472904728979  0.40145604990470340  0.41123991590136255
  0.42094355998894689  0.43075055292845882  0.44074616820683804  0.45099818189278379
  0.46131820347515662  0.47149111852392833  0.48153386924962244  0.49157185230384742
  0.50170390499956630  0.51200364332721449  0.52245095739733627  0.53292637010723265
  0.54335569564127018  0.55372505794478244  0.56411419774560678  0.57457646191322898
  0.58502039364636393  0.59544204884299501  0.60593858557991465  0.61649647545164965
  0.62712548866236240  0.63779630791907849  0.64860737095482990  0.65963114642260157
  0.67072244629521782  0.68188281332138256  0.69322684837078741  0.70471830999512486
  0.71617027332497685  0.72751116781414127  0.73885991904522319  0.75019521070043982
  0.76146355808598598  0.77282092466810814  0.78451353275211766  0.79638619778129682
  0.80820580220806471  0.82018735684165356  0.83256731810073326  0.84541742334475622
  0.85870051392391866  0.87226035183762574  0.88660577281086006  0.90216060892045524
  0.91899397522240656  0.93816142272579639  0.96276801153625535  1.00000000000000000
 -0.01758216711440928  0.10199475354291698  0.13544829528097577  0.15559308114558357
  0.17221617455457289  0.18682046917762940  0.20011421787221648  0.21224758784348013
  0.22351205467374158  0.23399677039637165  0.24379659826656969  0.25305623475001410
  0.26189270219053890  0.27057695747788990  0.27893391114233518  0.28700370374684336
  0.29474671729206975  0.30225198048106527  0.30963632731309021  0.31680007387303305
  0.32375569776785101  0.33064277989479413  0.33737619893082660  0.34387131014496131
  0.35025266885547895  0.35655117569342371  0.36283928020460599  0.36921854946666571
  0.37552091991898562  0.38169517613812909  0.38777190128548178  0.39380480652804367
  0.39979993233826888  0.40573035888625747  0.41160351781313120  0.41742261849236623
  0.42319882609883730  0.42894949802469029  0.43471763165721949  0.44048470932666772
  0.44619097852195683  0.45184134172615548  0.45744501713568320  0.46299549610425544
  0.46854558321891765  0.47414697046529458  0.47969730241200620  0.48528114619106705
  0.49087816130984380  0.49651543659823461  0.50220041558622242  0.50793014739030462
  0.51368652138294080  0.51944734860591746  0.52521686044248350  0.53098751873357686
  0.53677319625472364  0.54259965742623106  0.54844233066640080  0.55425888854120486
  0.56013389833171312  0.56616567098268722  0.57230914479965445  0.57851894674409210
  0.58474454620282534  0.59099176503148565  0.59729760199514303  0.60366828581371312
  0.61011447607134306  0.61666487470765186  0.62331459821698898  0.63003352601804419
  0.63684185393417714  0.64359499039163914  0.65062800975976509  0.65787964860928416
  0.66532366143074451  0.67290903584381956  0.68055693265286710  0.68844672914660709
  0.69662578499734518  0.70508513751024404  0.71382161050814230  0.72281104078237368
  0.73224981949140189  0.74230493257625274  0.75287036523684725  0.76409795946580450
  0.77616844866526480  0.78925667277461709  0.80356700375963730  0.81967820709859840
  0.83857055127739544  0.86148917230173283  0.89680953361987759  1.00000000000000000
   1.5750333709437579E-005  -1.0000000000000000     
 F F F F F F F F F F F F F F F F
  <DiscreteSampler_grid>
  grouped_processes
  1 # 1 for a reference and 2 for a running grid.
  10 # Attribute 'min_bin_probing_points' of the grid.
  1 # Attribute 'grid_mode' of the grid. 1=='default',2=='initialization'
  0.0000000000000000 # Attribute 'small_contrib_threshold' of the grid.
  0.5000000000000000 # Attribute 'damping_power' of the grid.
 # binID   n_entries weight   weight_sqr   abs_weight
    13   10   1.492922267286529E+008   1.098266144982469E+017   1.492922267286529E+008
    14   10   1.492922267286530E+008   1.098266144982472E+017   1.492922267286530E+008
    16   10   1.492922267286529E+008   1.098266144982469E+017   1.492922267286529E+008
    17   10   1.492922267286530E+008   1.098266144982471E+017   1.492922267286530E+008
  </DiscreteSampler_grid>
