 -0.00245206601790006  0.00920922386752846  0.01914955796093576  0.02957641496606778
  0.04004998863771710  0.05056767908416485  0.06116703501174528  0.07179813074542285
  0.08243312441618617  0.09301888916072558  0.10367015600796026  0.11431212681380076
  0.12477857838917572  0.13528281553682595  0.14570593113741784  0.15633172430634171
  0.16701093339858283  0.17746140983273098  0.18793059530908909  0.19834853953944123
  0.20884508144608502  0.21931928098135775  0.22983537947497154  0.24050674442132694
  0.25117201778103865  0.26179701766035735  0.27236538603484162  0.28271350676959539
  0.29312982969132645  0.30377812763337586  0.31444911813658805  0.32512064168502219
  0.33576361656378584  0.34651009473750771  0.35711022992333519  0.36776695645285706
  0.37839795138854576  0.38909971099298779  0.39956016516041487  0.41017855189393521
  0.42062619664349826  0.43109143775638742  0.44160094403021510  0.45227095646765147
  0.46287405300003537  0.47336380216487939  0.48399408065312677  0.49480999415522919
  0.50546629575088020  0.51597270169500153  0.52652045838556083  0.53727599877279208
  0.54786394157144980  0.55847447547932039  0.56896500649712844  0.57958435280718001
  0.58989706074203496  0.60011674517890168  0.61047333565854622  0.62084169355968855
  0.63130698396624363  0.64177435477627753  0.65257602598331965  0.66345609432693042
  0.67411798331017292  0.68465220927404824  0.69507462916173945  0.70559354367388905
  0.71611850430697477  0.72664197159386523  0.73716689218351072  0.74758560850139089
  0.75836446548706060  0.76917383188656263  0.77987506973092313  0.79046216705240280
  0.80107734701819289  0.81184088547914945  0.82230341547159602  0.83279739848363887
  0.84322342772753200  0.85373431342566497  0.86424915510250977  0.87472640638224952
  0.88528139795950866  0.89579077690159348  0.90637922098139778  0.91685960413669954
  0.92740852790023787  0.93785706901990673  0.94831653373568836  0.95868324421198392
  0.96896615737322433  0.97934188201277916  0.98966821311481734  1.00000000000000000
 -0.00254847685759210  0.00987358331558165  0.02031845192392861  0.03091501667890521
  0.04152596612443789  0.05210060370289035  0.06272183060116038  0.07321965324599820
  0.08364219085405916  0.09405600724472236  0.10445499792463701  0.11489835922816717
  0.12527495739465749  0.13564830472163467  0.14605565910061730  0.15642923490095806
  0.16683404626292347  0.17726995739158025  0.18763307957652559  0.19806456717197055
  0.20854994083647888  0.21929539846375942  0.22998172106557474  0.24065745923366402
  0.25126059610820306  0.26191019885474398  0.27247542344057796  0.28303347015421132
  0.29361603103798140  0.30417221334058142  0.31475479426341846  0.32539410881157715
  0.33599403927208393  0.34660364297960916  0.35711747077445111  0.36773851140170832
  0.37824245726663980  0.38882403951643918  0.39940162194581597  0.41006777563741120
  0.42069024750599016  0.43127095125973497  0.44174715349168114  0.45228977755764510
  0.46268745992173349  0.47323489467568236  0.48369725230636867  0.49425499280928370
  0.50473433316234972  0.51511593270282818  0.52563350542089116  0.53639746828081403
  0.54723695929276872  0.55802829556753919  0.56868831378270679  0.57939685190528278
  0.59000452772376599  0.60065330596753863  0.61140238850827078  0.62210140087962262
  0.63267155208572745  0.64307608775576142  0.65341786699266680  0.66372378087041339
  0.67394909892790256  0.68421812365317136  0.69472382828717272  0.70527548521163663
  0.71589701091434699  0.72641343484741638  0.73708921310197062  0.74777438177326006
  0.75827542452735974  0.76862250864507364  0.77900747485947885  0.78943928272374397
  0.79989517267079557  0.81030421641544315  0.82086191031662115  0.83143007873264063
  0.84197457247475560  0.85256384221545733  0.86316502610730561  0.87375067916583493
  0.88406817159540563  0.89430885641413405  0.90460544664394604  0.91489819553028628
  0.92544364791298472  0.93595132481989096  0.94652059594829707  0.95705016421931854
  0.96762884151886841  0.97830172330923248  0.98910288056620588  1.00000000000000000
 -0.00259790007730924  0.00988961823131938  0.02041366300542764  0.03105655724694305
  0.04169278228462843  0.05225261706838297  0.06279888724153017  0.07321209948768741
  0.08380378860720626  0.09449931962386435  0.10522294958371209  0.11578913699843385
  0.12634441140046468  0.13685006385999277  0.14731268112519799  0.15764393867497803
  0.16804095605115424  0.17859149786335343  0.18916897926240892  0.19968737687035623
  0.21003501800641700  0.22030739942539998  0.23056603328821657  0.24082310472033164
  0.25111149590095699  0.26145850178229413  0.27183685581557748  0.28231113697024035
  0.29280432910430437  0.30349528088821071  0.31425103030222656  0.32490063046369250
  0.33548348853939836  0.34604426360049800  0.35652676267490729  0.36694656419497490
  0.37733146865603867  0.38786026534059287  0.39835298702838956  0.40876420439703748
  0.41918955830109317  0.42966556745312878  0.44015507146832061  0.45061393825383228
  0.46108197281235530  0.47168336124477322  0.48230434569150732  0.49284866258195176
  0.50342869099534193  0.51406720539326778  0.52480765685274078  0.53546806846582318
  0.54623915585066274  0.55700603948676219  0.56774832473223402  0.57859377882186680
  0.58954946971204492  0.60050034959526943  0.61121838591430422  0.62186888810447460
  0.63252666644575717  0.64316227577402629  0.65373757304708180  0.66421295401063929
  0.67467214725606073  0.68511704301971488  0.69562414485305524  0.70626636303409118
  0.71692995617079780  0.72758949282958263  0.73811680714950045  0.74871552308553868
  0.75923079441866725  0.76963720669550084  0.77990426128240187  0.79021287486845104
  0.80064966932274284  0.81125770178799128  0.82168760158866205  0.83226149860245513
  0.84272819931030174  0.85331623114270783  0.86376717375218670  0.87412074034856235
  0.88458007611073319  0.89517930568661697  0.90571438944476268  0.91647660156565536
  0.92706748510049708  0.93757351166736269  0.94788541521573988  0.95814970678308164
  0.96859462257944839  0.97901357711939985  0.98949092114704018  1.00000000000000000
 -0.01771454784517355  0.09976659398756689  0.13369113690887413  0.15539146156095407
  0.17328430419440591  0.18874521724025464  0.20262242523164259  0.21531790183428520
  0.22710596561760318  0.23812676605851271  0.24856004240167509  0.25846254682312636
  0.26793638078230886  0.27697296218712875  0.28565979998271590  0.29405133297740166
  0.30210741419738607  0.30999477901785893  0.31764048477276063  0.32509118360623490
  0.33242297394498788  0.33951711875687646  0.34649789854061425  0.35336433400318196
  0.36008215109334629  0.36669721137640704  0.37322184228229860  0.37964116838788836
  0.38597486748901977  0.39224767100505242  0.39843969935944162  0.40451965877441992
  0.41057018708716808  0.41658603460059246  0.42252634905480396  0.42843525471119709
  0.43431126715678492  0.44013868286195867  0.44591305311881191  0.45166670491532063
  0.45739892986453695  0.46310571282690594  0.46879452856451692  0.47447237366214229
  0.48013904547027858  0.48579045940720256  0.49142561662057282  0.49705892098872384
  0.50268670869737098  0.50831033992971297  0.51394023999992777  0.51957876801257374
  0.52523886077490145  0.53092149430215863  0.53661522151814633  0.54232271231982521
  0.54805404399552682  0.55380681420619149  0.55958460287931688  0.56541675900114530
  0.57128837009783606  0.57718402344281294  0.58311857806595691  0.58913399934072996
  0.59519948953487567  0.60130038596552859  0.60749550773119620  0.61376336890690308
  0.62009356614259947  0.62651976480422089  0.63306055022171748  0.63968479797395583
  0.64639136122962415  0.65323484145390875  0.66020194569853774  0.66729449265109175
  0.67463950763834968  0.68210204497531990  0.68976212380283042  0.69766655620058027
  0.70574316673682924  0.71415602093115882  0.72284104867923205  0.73185414736693477
  0.74128509346780458  0.75114946120441706  0.76156547020656462  0.77258558618665796
  0.78440612533406118  0.79714287482715041  0.81105837440560280  0.82651663126405750
  0.84435550659476422  0.86593119726781020  0.90006727187725732  1.00000000000000000
   1.8934764210339780E-005  -1.0000000000000000     
 F F F F F F F F
  <DiscreteSampler_grid>
  grouped_processes
  1 # 1 for a reference and 2 for a running grid.
  10 # Attribute 'min_bin_probing_points' of the grid.
  1 # Attribute 'grid_mode' of the grid. 1=='default',2=='initialization'
  0.0000000000000000 # Attribute 'small_contrib_threshold' of the grid.
  0.5000000000000000 # Attribute 'damping_power' of the grid.
 # binID   n_entries weight   weight_sqr   abs_weight
    10   10   1.091437516790280E+010   2.192788713881178E+020   1.091437516790280E+010
    11   10   1.091437516790280E+010   2.192788713881178E+020   1.091437516790280E+010
  </DiscreteSampler_grid>
