  0.00951351464322112  0.01575643710325436  0.02496939814727779  0.03605503761774600
  0.04650208580148284  0.05661018803063818  0.06683893004310426  0.07732287507400301
  0.08769530785066249  0.09806904093796877  0.10853411733495648  0.11934030348292118
  0.12997064332892791  0.14005133845743034  0.15023016110493451  0.16024306847828704
  0.17040836060763892  0.18040593863127455  0.19052148608761693  0.20064072262385385
  0.21081945320426868  0.22100836868657869  0.23123549415410460  0.24106608737883314
  0.25108107230574567  0.26126734894825498  0.27172264133929458  0.28210473551603460
  0.29251486016402511  0.30310839128984085  0.31391776622125822  0.32478122850235280
  0.33560922476596611  0.34639495174511686  0.35730985462958448  0.36844710147241078
  0.37937329551862675  0.38987264076099037  0.40043869227409290  0.41084444481962840
  0.42142996658877196  0.43198666386143775  0.44287265024252648  0.45378366518600927
  0.46465003144014749  0.47526264350016167  0.48580085984466709  0.49632595358592035
  0.50676507981282093  0.51751616615664586  0.52847470403110597  0.53943439212999078
  0.54975992493542869  0.55989063111470794  0.57044000610076084  0.58113671562599578
  0.59198757770509924  0.60286124824860443  0.61409402460940066  0.62514793627230414
  0.63590686933448126  0.64664444743673344  0.65789479880917490  0.66889431296458068
  0.67946819489874377  0.68994430463801470  0.70073934379422298  0.71154033673410955
  0.72198733993781616  0.73239997602402973  0.74272631656587584  0.75299023303729840
  0.76311999740553005  0.77332796646797664  0.78338336373684636  0.79328757780313730
  0.80305512885387775  0.81297641742769500  0.82307416911226383  0.83340794716332034
  0.84387410444886390  0.85459494416976289  0.86529721082251476  0.87604142465352286
  0.88670135962738894  0.89725706035590358  0.90797200362199082  0.91854514562397727
  0.92929223703975516  0.93969143144172196  0.94994344181612134  0.96046020786648101
  0.97084892095293573  0.98122859917251892  0.99146698020028856  1.00000000000000000
  0.00000240088666370  0.00000271050265040  0.00000299369512596  0.00000326200551411
  0.00000352941328551  0.00000379190960713  0.00000405095159924  0.00000430801332374
  0.00000457559306248  0.00000485035917304  0.00000513120133806  0.00000542313435026
  0.00000571609645423  0.00000601495305808  0.00000632552631446  0.00000663159752669
  0.00000694743801123  0.00000727517707101  0.00000760552659214  0.00000794612458832
  0.00000830357521387  0.00000866510979714  0.00000903122851173  0.00000941777234957
  0.00000981453097602  0.00001020866089470  0.00001060823847197  0.00001103036756034
  0.00001148069879140  0.00001194690127471  0.00001242947856266  0.00001293862208628
  0.00001345324430586  0.00001395217213816  0.00001447417933776  0.00001502731424433
  0.00001560838077181  0.00001620948982948  0.00001684504653490  0.00001751470898516
  0.00001819815943277  0.00001889680374830  0.00001963469701799  0.00002044117105277
  0.00002127954152286  0.00002212306427948  0.00002303144310707  0.00002399925523697
  0.00002499465433492  0.00002597966908305  0.00002711188297034  0.00002830338707683
  0.00002954263906421  0.00003086363386550  0.00003230849775382  0.00003381864485020
  0.00003541059664045  0.00003716099977229  0.00003901311794240  0.00004094776292910
  0.00004305004117085  0.00004532773062181  0.00004767659216678  0.00005030349579107
  0.00005310833521033  0.00005621177092411  0.00005971765438600  0.00006351520658499
  0.00006761859093438  0.00007202550555032  0.00007676774217917  0.00008224236123736
  0.00008820084000857  0.00009500733971574  0.00010246406968899  0.00011132448753883
  0.00012122420435256  0.00013270048084639  0.00014450558640143  0.00015762904217725
  0.00017244560140986  0.00019028008788621  0.00021265909257941  0.00023780134269390
  0.00026607400739042  0.00029965614718705  0.00033994128756862  0.00038985794097627
  0.00045301471114291  0.00053672497755994  0.00064061742167426  0.00077225812615374
  0.00095959299752082  0.00125829081285510  0.01135293560527296  1.00000000000000000
 -0.00266295414584661  0.01015233353778588  0.02071141603603087  0.03152807471721997
  0.04201682982178467  0.05262468877629779  0.06321444964895485  0.07362039575344283
  0.08417101615574270  0.09493625546215730  0.10567462070735889  0.11621929866278391
  0.12682542113158446  0.13729069999053120  0.14768557896365000  0.15816534536437030
  0.16903303989704252  0.17993167043458799  0.19087473017906753  0.20177424182062345
  0.21240129557672413  0.22243276978963875  0.23251873161015146  0.24242876980700709
  0.25253339113814693  0.26283592026516667  0.27324897576477203  0.28411657383212158
  0.29483705134395355  0.30525641032202644  0.31582540816318344  0.32612495943815456
  0.33679018881845491  0.34739042778999724  0.35798297427003650  0.36870150922388523
  0.37952963131879636  0.39043659218263460  0.40114848071275017  0.41168661862088213
  0.42231906113725559  0.43292718562102617  0.44339571163222785  0.45381338436077079
  0.46429769320817488  0.47468680652397743  0.48500866768916751  0.49538774919203826
  0.50607619459222930  0.51687210938383343  0.52774564806059776  0.53858273670001400
  0.54946464629531722  0.56003773539017865  0.57034475748954816  0.58055350772723668
  0.59101316325909126  0.60172357682182886  0.61229805602420195  0.62274957584427793
  0.63310757303243936  0.64367024068176071  0.65396018798660793  0.66412449649046468
  0.67421275964911220  0.68428178224988967  0.69460743641690492  0.70476257725101810
  0.71543691192318548  0.72623894032771708  0.73671261778644004  0.74716291907420784
  0.75715339615160338  0.76723859104775649  0.77721832381629241  0.78774422552466927
  0.79817023321117198  0.80868405656589126  0.81936344678345541  0.83030638686818659
  0.84105102555732669  0.85161520431083249  0.86250762720071850  0.87385588853415253
  0.88510469269329761  0.89603914141564578  0.90684542870447926  0.91763099014722205
  0.92841027627894135  0.93928652596735174  0.94942041299345525  0.95994296738788998
  0.97009388732038626  0.98040499078233156  0.99014182682988716  1.00000000000000000
 -0.00227447030602054  0.01081221549803180  0.02151755134682997  0.03238746168431859
  0.04279547095942920  0.05335603383580106  0.06405325798999482  0.07484323358273087
  0.08532840126074061  0.09552629317339560  0.10589089638352363  0.11642557604860196
  0.12716075495604878  0.13772258536857457  0.14829690169562196  0.15887901226084220
  0.16929260164153637  0.17946936754753839  0.18972123864622198  0.19994529807226025
  0.21010425455251910  0.22006534266013178  0.23011263047656350  0.24027409876132916
  0.25071998927536621  0.26106451232155253  0.27103348370956132  0.28110437602695254
  0.29136422097114878  0.30253843692586530  0.31347085565293775  0.32395176225060446
  0.33421805791639425  0.34484325845145530  0.35556281350348584  0.36637031972013490
  0.37710771139991500  0.38837905383800697  0.39944852974000633  0.41054206162655421
  0.42177964326413087  0.43306194385640701  0.44402000192417213  0.45465366464082418
  0.46513666336249593  0.47557412596800924  0.48568283748329932  0.49575044385494743
  0.50589311525401659  0.51652061855165488  0.52752509317641061  0.53846278178215079
  0.54936914077066168  0.56007761853682647  0.57085590998586611  0.58147552818329529
  0.59211692770597579  0.60287264324597989  0.61362676460860355  0.62425718000503749
  0.63471889832814798  0.64516187805548719  0.65561250801422455  0.66614736457964052
  0.67685889071048388  0.68760524283307722  0.69826583907790263  0.70887431548253121
  0.71965564013523453  0.73025246803453969  0.74063474846679522  0.75104712809100138
  0.76160241033099219  0.77204741750088701  0.78226833408260665  0.79260591682560888
  0.80323924000987590  0.81407677955136404  0.82492596908243709  0.83588599011511755
  0.84651394302770278  0.85718773153928873  0.86776720823517106  0.87819756192712528
  0.88822202041800669  0.89813351035070310  0.90820587190137947  0.91834552179190210
  0.92857791881884311  0.93887738080535055  0.94920364139258440  0.95945349763693677
  0.96946872644642401  0.97971930925902118  0.98981303272175281  1.00000000000000000
 -0.00234289417517923  0.00923705760689592  0.01911730404128866  0.02917655313577920
  0.03912640020158220  0.04952100236963625  0.06048389713111644  0.07180259067846047
  0.08300993154655253  0.09385047839801203  0.10461970677312123  0.11518258429492463
  0.12559898407519579  0.13548989454729268  0.14538160245362733  0.15533259170184333
  0.16555851315624398  0.17566033444932194  0.18555880680262118  0.19603420771011598
  0.20678893838943715  0.21757002279638601  0.22803429084928226  0.23848977447555675
  0.24895714907366104  0.25936753610977331  0.26955057201968974  0.27990661408425555
  0.29017778242008141  0.30038247827770331  0.31039247603072856  0.32059283107367925
  0.33111382644816389  0.34187906309673738  0.35236497011049134  0.36265485298121397
  0.37279719177452070  0.38305034287264739  0.39347731295712374  0.40412466901513905
  0.41497592479666057  0.42590191966993546  0.43689058756093763  0.44793922946089426
  0.45883767573816409  0.46974625915914719  0.48071813160601473  0.49160668991410561
  0.50246940043734900  0.51258695352927619  0.52263551500915950  0.53255755155300455
  0.54258811782806948  0.55282683490557150  0.56313815261525468  0.57351887235816090
  0.58390191784133050  0.59437384616859446  0.60498218628599876  0.61541565727449332
  0.62619328486190617  0.63715807642864375  0.64829669511175048  0.65913409804234524
  0.66990261149539732  0.68075604496963260  0.69136780181390667  0.70190417345102663
  0.71238721596190346  0.72284574824804204  0.73335504004115148  0.74389283404246431
  0.75419183264477696  0.76410365579810458  0.77392418165170029  0.78387815338120725
  0.79403575622812661  0.80431166481167504  0.81482498588201602  0.82554004077591558
  0.83656426473524570  0.84772606232315750  0.85897013375182807  0.86997262051042190
  0.88089294536328777  0.89180243369891721  0.90281776775834410  0.91376597315907859
  0.92485582635422303  0.93616923081412906  0.94717478834504054  0.95809378906360898
  0.96862575362523129  0.97921035447880511  0.98950635200487425  1.00000000000000000
  0.02429204886941157  0.02755938860873950  0.03233958262347712  0.03743924037117879
  0.04269826443442227  0.04796469057963936  0.05314530462859431  0.05830639325962279
  0.06357800050347719  0.06901907596100329  0.07454176871124298  0.07995512139389734
  0.08553671828541655  0.09121641655040034  0.09694611080266977  0.10257137954315189
  0.10807476753664393  0.11358597049349384  0.11913524275303611  0.12473599254169428
  0.13041451083029618  0.13615657491465519  0.14194704518714069  0.14772289388204624
  0.15345634997930513  0.15924984262717931  0.16517063144217436  0.17112973058224423
  0.17712564221504026  0.18319685977619662  0.18932652101501302  0.19551526635764196
  0.20173574928220694  0.20808514811968021  0.21465558871245038  0.22137507207745089
  0.22817668344017053  0.23505510040630248  0.24203644389633663  0.24911507608145325
  0.25626539951889238  0.26346867054424356  0.27069715648794546  0.27800630749578764
  0.28546097995154401  0.29299695732019593  0.30066969694481116  0.30835185979706747
  0.31613369542358688  0.32414932604217356  0.33232992123202992  0.34059264843431869
  0.34881717795498141  0.35702369770730924  0.36527993624220256  0.37374969187935830
  0.38260562111638696  0.39182910094298584  0.40122396549814315  0.41064846238081670
  0.42002259013965865  0.42946883122366214  0.43907794085081370  0.44889121318801034
  0.45885793264574215  0.46898817325640091  0.47936228414948112  0.49009390644972350
  0.50099848673486957  0.51194686611919638  0.52297676529233339  0.53407774346011339
  0.54532220301580392  0.55676420807661575  0.56866402941113448  0.58100473220127813
  0.59379716645593617  0.60688681243912990  0.62038179028985874  0.63432218364750459
  0.64862291365616820  0.66339737045505154  0.67843681797567290  0.69397144195815563
  0.70997637978088546  0.72615650915473762  0.74342748978328976  0.76161180633797632
  0.78109863374130917  0.80131774243682485  0.82256339055382310  0.84585843433283636
  0.87144156014248086  0.90173878187896828  0.94050744734880920  1.00000000000000000
 -0.01688291053031539  0.10172309408837582  0.13692587638400594  0.15883086858383874
  0.17653761722287054  0.19168639888759906  0.20525492283299707  0.21783909946904662
  0.22951411210173120  0.24018140299188592  0.25036816465442630  0.26018777728864889
  0.26978188340557063  0.27878976027775076  0.28744189659771480  0.29589108686667165
  0.30412369466729555  0.31214708856053386  0.31955633598010375  0.32688285141312934
  0.33403883924725764  0.34107146940072836  0.34804562977886477  0.35486360127054306
  0.36149489047764810  0.36798413335568009  0.37438394240200173  0.38075294935252418
  0.38711757659247881  0.39346223954756915  0.39970141143027144  0.40583589319151253
  0.41188874547514381  0.41788496806816017  0.42384581599544630  0.42985595443925323
  0.43589457313852314  0.44172902103020262  0.44746187708278234  0.45312866992246414
  0.45877701282524608  0.46438656817455126  0.46995010497651291  0.47550365840824099
  0.48106824572074802  0.48661996871021423  0.49211873238036985  0.49756788769836874
  0.50308723243103826  0.50871979781141086  0.51441295333159143  0.52006730657816214
  0.52572922385203613  0.53143738483702896  0.53719578407374835  0.54297591517653254
  0.54870105618963350  0.55436790122348756  0.56001182424653062  0.56562107188198840
  0.57124284888363686  0.57691414766381877  0.58261263690174125  0.58854508783130688
  0.59454367060021596  0.60053805827002371  0.60664417193056552  0.61284463507264475
  0.61909267086693109  0.62538484597122146  0.63170179256429626  0.63809472859681748
  0.64463847342627278  0.65141005883485714  0.65838957998866798  0.66544258524445099
  0.67264977422030359  0.67995436820587885  0.68750963378017593  0.69542679561331122
  0.70355106893318520  0.71197266967102157  0.72066952366397319  0.72953141092405915
  0.73863936863130508  0.74824581633664577  0.75837697644256086  0.76904021382063847
  0.78039410241387352  0.79298782575015248  0.80695319182064484  0.82252059854825466
  0.84072961684577874  0.86279248916946782  0.89706871984606673  1.00000000000000000
   1.5863332822479922E-006  -1.0000000000000000     
 F F F F F F F F F F F F F F F F
  <DiscreteSampler_grid>
  grouped_processes
  1 # 1 for a reference and 2 for a running grid.
  10 # Attribute 'min_bin_probing_points' of the grid.
  1 # Attribute 'grid_mode' of the grid. 1=='default',2=='initialization'
  0.0000000000000000 # Attribute 'small_contrib_threshold' of the grid.
  0.5000000000000000 # Attribute 'damping_power' of the grid.
 # binID   n_entries weight   weight_sqr   abs_weight
    10   10   2.984526750506376E+007   2.388654143371266E+015   2.984526750506376E+007
    11   10   2.984526750506376E+007   2.388654143371266E+015   2.984526750506376E+007
  </DiscreteSampler_grid>
