  0.00305047819656954  0.01156343216394183  0.02210373993644489  0.03255477692927916
  0.04290133110361519  0.05396193311724434  0.06500824948432198  0.07558225024961500
  0.08579103416450425  0.09611168884381488  0.10648164878776151  0.11704025088302103
  0.12785603172394683  0.13876128087458151  0.14963672816387635  0.16045740023126726
  0.17120037501938529  0.18195099902512105  0.19274355317010256  0.20374518639923955
  0.21430913423392561  0.22483888721410911  0.23549251594309087  0.24605886438641952
  0.25653421373984009  0.26672929380136884  0.27727139634016323  0.28778486569306450
  0.29808455736161238  0.30836302118344455  0.31899925607139262  0.32944468528260817
  0.34009876862598476  0.35086269479458532  0.36183922723038370  0.37276485865349046
  0.38307300004164813  0.39321861293168731  0.40333091764518703  0.41356280586398908
  0.42444742248269673  0.43522475915881925  0.44587315047982423  0.45619503245689308
  0.46607940873621861  0.47619478713109170  0.48658422278247554  0.49698260999707683
  0.50737312961346248  0.51766669186217995  0.52826746464743290  0.53883235149218700
  0.54934223443009012  0.55993563134307434  0.57056008554890980  0.58103097312133678
  0.59129577821726498  0.60157017026658621  0.61210897387229046  0.62270455403038460
  0.63336309712303873  0.64393985843953827  0.65440524594753868  0.66450761328158359
  0.67454088324902128  0.68457176916725615  0.69476602109995511  0.70489106177683503
  0.71515201163798092  0.72540357680713663  0.73578946684370539  0.74600331191679092
  0.75614610797111292  0.76585797050212578  0.77590100819495156  0.78637570870960671
  0.79746627471104559  0.80858687093655912  0.81955990576563442  0.83044081911167233
  0.84137682551216175  0.85212288184092699  0.86304496221951732  0.87396213749111906
  0.88453349955848026  0.89515123882863568  0.90594938808624859  0.91666156714796088
  0.92689906376699138  0.93711774832234607  0.94770069783283273  0.95822569066329211
  0.96898613742387274  0.97946287594492432  0.98983010987042064  1.00000000000000000
  0.00959530937438839  0.01548123503149117  0.02471192363195848  0.03470647692211744
  0.04455671620834292  0.05438528265666472  0.06448491623518970  0.07478762725742900
  0.08516632054727237  0.09567054462908370  0.10647494746250437  0.11778651478896172
  0.12915674089485132  0.14032608834017421  0.15135274584530675  0.16222506153776925
  0.17287166848081667  0.18360282907924072  0.19428878335116723  0.20476014669654014
  0.21501367885952655  0.22510751221611078  0.23527470511147003  0.24526766899538466
  0.25526730880707488  0.26542755260556627  0.27560457089831053  0.28602675418543111
  0.29634899916835916  0.30664612645018580  0.31699175291401172  0.32748352127841657
  0.33803511421607202  0.34874066005491705  0.35957521861222497  0.37044864990887211
  0.38119626469709855  0.39155345062931796  0.40178581805237645  0.41192498878155015
  0.42200578790471927  0.43217397443024114  0.44246653158351706  0.45280865207303195
  0.46307815853147782  0.47320163885976657  0.48344417293611808  0.49382528226600991
  0.50447973519285028  0.51537760704140678  0.52603347350977736  0.53631723987853264
  0.54637106673899527  0.55638085431706086  0.56649094536920652  0.57672725014388571
  0.58707677611037934  0.59755387373191127  0.60820190987820200  0.61900427869491925
  0.62976301721201011  0.64014836974107758  0.65043072219063813  0.66078325798976423
  0.67102554271063652  0.68113113387876545  0.69136683498498530  0.70162303694943362
  0.71168510991330425  0.72157626667368457  0.73156180116027214  0.74185887020640973
  0.75232043164935813  0.76270778359196401  0.77299269985120356  0.78307304031280611
  0.79321858571642057  0.80328077803673825  0.81363545380190549  0.82403626315055756
  0.83434227625862634  0.84435269278089042  0.85424227999785252  0.86421761552036980
  0.87437180076047649  0.88469486752947590  0.89519209593900195  0.90535116978845154
  0.91546883315587047  0.92559513858669151  0.93592802461242153  0.94631341667869895
  0.95685547788357128  0.96772446992901018  0.97874162110085328  1.00000000000000000
 -0.00214366678698243  0.00767676082352023  0.01616249062621196  0.02509292043197192
  0.03425292921885834  0.04374058392690262  0.05329029787590097  0.06275349719529261
  0.07220137501958541  0.08167671539539957  0.09117654106353849  0.10077326887563237
  0.11053293607389890  0.12067183015902956  0.13100809432018534  0.14151909114943603
  0.15216461129839148  0.16294425682096805  0.17384015534375807  0.18494407164983653
  0.19631878863866695  0.20767431688423105  0.21900073916926216  0.23060493768205434
  0.24277431654595902  0.25513021443362160  0.26721575191934810  0.27932332582235159
  0.29145844930390735  0.30370207558702478  0.31604235498026417  0.32848310366822564
  0.34057637977858785  0.35272744603122219  0.36517102991927169  0.37767599431509069
  0.39004282018942937  0.40230704559910607  0.41449850685108919  0.42668781548378470
  0.43911688593883391  0.45179991349662568  0.46472783589890065  0.47756844242386293
  0.49004767561118789  0.50229358095345589  0.51458277705132838  0.52702907841112201
  0.53956735512378962  0.55210228636186531  0.56491551637393167  0.57791399808578392
  0.59072120302898812  0.60355056725295686  0.61649287033613898  0.62870957817367978
  0.63983606060351295  0.65085841429236091  0.66180249317143225  0.67264861214781402
  0.68317138647607822  0.69378736629615734  0.70451076258885414  0.71508716190807242
  0.72561081089972379  0.73621225091970333  0.74691192551966634  0.75739129250272230
  0.76783871094158529  0.77823881147647589  0.78847316245777876  0.79837515226148914
  0.80780081016255689  0.81708867004617269  0.82607170272259245  0.83522985199239175
  0.84462915614154388  0.85385693883993874  0.86314174194857729  0.87206231803508272
  0.88085461612054350  0.88970344190201733  0.89836640982025295  0.90683835082070996
  0.91518946176510141  0.92333351860296309  0.93135274954281588  0.93942557020792206
  0.94723276049437721  0.95486798492597513  0.96240397930465160  0.96996972846147655
  0.97759051708844347  0.98507175466838293  0.99260843627212847  1.00000000000000000
 -0.00233411355556498  0.00951329714304408  0.01966178677075851  0.03055110140853291
  0.04112243029529662  0.05149749225371273  0.06184141562981989  0.07270778554912150
  0.08340714063376058  0.09368079337612539  0.10411711927036733  0.11503867093383932
  0.12633518002043198  0.13712204193312730  0.14783790960468468  0.15853645402616826
  0.16927105901398581  0.17986878469078835  0.19040135935479274  0.20084402171962201
  0.21131693036014937  0.22173496602131246  0.23235312250406334  0.24289154447629913
  0.25323612680434709  0.26380541075655584  0.27446925652341336  0.28526729363887893
  0.29576102525512843  0.30650632853882948  0.31717594417199735  0.32774689318250461
  0.33810278407262889  0.34883173322754035  0.35958233895924596  0.37055345131066553
  0.38130456534489465  0.39179491931175153  0.40186929220280976  0.41191272993818051
  0.42222413521994445  0.43283217954251213  0.44372226245291713  0.45470359934489979
  0.46555943536531763  0.47659128970993331  0.48721734692475982  0.49795179831218844
  0.50835618577455322  0.51859709618918881  0.52900575754209933  0.53945091779717835
  0.55044968002589223  0.56153020854158109  0.57243787646364508  0.58323283555469663
  0.59377667181753890  0.60432891616435702  0.61507214946081046  0.62579970941440233
  0.63693239458958162  0.64763518898059247  0.65832930082424390  0.66894055680529907
  0.67956728185130255  0.69012436018748802  0.69997851587131255  0.70997634669451293
  0.72025033255735971  0.73093895998890746  0.74165376847054809  0.75230858236805664
  0.76314805026020061  0.77382321413247657  0.78416231517444379  0.79460390413076221
  0.80484998970260169  0.81534636587756282  0.82589026796982890  0.83664226354766269
  0.84730929879277850  0.85800332188523576  0.86880687990798189  0.87930620308859064
  0.88960469518746899  0.89999614242024373  0.91028614042204414  0.92019539869391109
  0.92991420621998577  0.93981275116254381  0.94998154686487146  0.96018961843284689
  0.97014019356505488  0.98012182321069441  0.99007559928156708  1.00000000000000000
 -0.00246033435535407  0.01005376052070667  0.02042616595218816  0.03107687820587652
  0.04218288636363246  0.05306980414884208  0.06387958134711332  0.07445838324456712
  0.08519894106936240  0.09588240607976180  0.10637631834740208  0.11698409210061994
  0.12750269231323119  0.13790413263275253  0.14801699675097996  0.15838646128495595
  0.16893470422039913  0.17950636366346695  0.19025931412017547  0.20124210419996805
  0.21200512797388649  0.22213380652476758  0.23240057558358654  0.24274540035716155
  0.25347331269796014  0.26386883502918351  0.27433106342316577  0.28496412077763200
  0.29540722805462388  0.30651365369585570  0.31776141030550831  0.32938049115398299
  0.34053494718365390  0.35135344048613332  0.36202331456038517  0.37226310728662065
  0.38261459668925568  0.39294846251296023  0.40328539180047906  0.41392107217849577
  0.42488980826776218  0.43573233402559891  0.44647312109123533  0.45712807782060388
  0.46788726795699970  0.47865048894354562  0.48904069522886351  0.49949320877062048
  0.50982834287508028  0.52017712022725815  0.53056377307514591  0.54106620023296681
  0.55160987163201969  0.56228746383706285  0.57226449007421709  0.58248221412288337
  0.59249281387779706  0.60279239979161980  0.61272905484842211  0.62282602814277976
  0.63325835435190392  0.64394089846806546  0.65461123114060860  0.66509199513549477
  0.67543353477821222  0.68579751923765531  0.69594734925413371  0.70616295512723137
  0.71634343553440438  0.72656118525947200  0.73712512942773745  0.74793032527569958
  0.75866811966288028  0.76919190703347817  0.77986396872537112  0.79083996348358798
  0.80164776385218228  0.81221760461158110  0.82259387361071801  0.83278421737987984
  0.84277704734335568  0.85290776748202379  0.86338493126014892  0.87379187928198898
  0.88409890692734283  0.89441442784399727  0.90493146107073852  0.91538811110979867
  0.92590330053637926  0.93668589860945606  0.94756482961744193  0.95809722989508628
  0.96836507042089526  0.97870412478501079  0.98932996748101043  1.00000000000000000
 -0.00232726045381344  0.00966269839941842  0.01984875936211708  0.03036008360825236
  0.04118679411632598  0.05230576812160839  0.06336929809715881  0.07446190920810729
  0.08542201878253999  0.09627331564240368  0.10689866531630961  0.11736507734443102
  0.12797914344788736  0.13884525648252874  0.15005479583587167  0.16121099782104434
  0.17215167407391296  0.18303756891694853  0.19362355746768403  0.20421351082431868
  0.21449854505654917  0.22483087986194902  0.23523308399763579  0.24574506304501090
  0.25607489168380582  0.26646702662392635  0.27699226238149721  0.28758037031799355
  0.29783424841416989  0.30787153432025033  0.31810191954189682  0.32849284267579693
  0.33904298111669184  0.34943509352966656  0.35998359143582009  0.37062402423970203
  0.38147804203058289  0.39257897068203434  0.40357969816815287  0.41455981082690524
  0.42460143735742800  0.43457086980383086  0.44460165845481198  0.45472991138634139
  0.46476646227229357  0.47489172671473384  0.48520563974084663  0.49574370839918103
  0.50596340295099529  0.51619989093480567  0.52673202297763144  0.53758493708045429
  0.54834755374071786  0.55910812976428059  0.56986571839585720  0.58056256428638764
  0.59113446639412148  0.60186397228031274  0.61290279576409501  0.62404352911727579
  0.63488419234631843  0.64554642477060220  0.65616450002064453  0.66685687503013857
  0.67762272950504776  0.68841312192901294  0.69897280496869230  0.70942328289381495
  0.71979677956939625  0.73004188022780181  0.74027964137197266  0.75049249080176528
  0.76091468119188566  0.77108250452954985  0.78116564247358955  0.79126217174306657
  0.80150443558616702  0.81158059357177681  0.82127083542230095  0.83088417481461052
  0.84142107767428631  0.85226107050718836  0.86329134922436346  0.87400987470337654
  0.88442153191871808  0.89486267627802663  0.90535379672956517  0.91586233095559033
  0.92641422233411086  0.93673029007587527  0.94730071926562642  0.95807204095971343
  0.96837484352948389  0.97915051823593313  0.98948859684995760  1.00000000000000000
 -0.00199214502025641  0.01193121385026267  0.02416443280477585  0.03665903753511774
  0.04919886399005028  0.06142114506285797  0.07357924238785837  0.08527455180527874
  0.09683095263167130  0.10828134377805215  0.11943272769882031  0.13020711320793690
  0.14076529172668445  0.15152842836107541  0.16249047081084136  0.17346038584499171
  0.18442638246145340  0.19524958554605346  0.20587942729062375  0.21622678263277478
  0.22635800226620942  0.23630638858843081  0.24613748545076994  0.25605977990450363
  0.26618307396754831  0.27645003556801923  0.28672420506016982  0.29706252080865775
  0.30742719502099658  0.31781115687650791  0.32814676039997925  0.33852920896501026
  0.34882410182981055  0.35913138547098222  0.36947270615559946  0.37978141624419376
  0.38997488001452235  0.40000014479303703  0.40981809993674745  0.41945824424693035
  0.42878354185451928  0.43806135819657377  0.44754512823295606  0.45704835136698208
  0.46639383081031011  0.47573913163136089  0.48527369062236109  0.49486210769817046
  0.50428022583954346  0.51364874382666348  0.52319324151443314  0.53300597596470922
  0.54280360262917537  0.55251245026608287  0.56211641663059608  0.57171851941560348
  0.58145632468593289  0.59145795573543714  0.60147074274034917  0.61137224540871793
  0.62121315744781302  0.63116485076445772  0.64118358469216341  0.65086446433291212
  0.66040175904236764  0.67040597555799430  0.68077254563396727  0.69120821003711230
  0.70163739947195158  0.71189821793732078  0.72206427874516088  0.73214550888922414
  0.74220205651106397  0.75242280652847460  0.76266863193026435  0.77301759210922738
  0.78343894334153552  0.79384264490367240  0.80427686701467660  0.81480378964611722
  0.82552823027428901  0.83645983483223441  0.84755473425969829  0.85878747179605242
  0.86992318649891398  0.88101406428660400  0.89202256529717172  0.90309039075278508
  0.91409412647853061  0.92521341991650374  0.93669138844861233  0.94880183410889896
  0.96131606328700592  0.97433887925611018  0.98716911758102399  1.00000000000000000
 -0.00266008852673551  0.01072390069396956  0.02154521060754921  0.03255408482872296
  0.04355833347581627  0.05465771203906124  0.06582837481929349  0.07676932569206016
  0.08789163181239060  0.09871871976949105  0.10933673942683882  0.11993416393391895
  0.13054001645148783  0.14122899281929094  0.15194992554938341  0.16305700382083163
  0.17399601872597101  0.18513259610037225  0.19610801270672301  0.20729352299012432
  0.21830960158131940  0.22920296545176741  0.24000981213539599  0.25072196581852357
  0.26102360351377579  0.27102583352215698  0.28064759712566595  0.29050655740811820
  0.30090408209171898  0.31153998854043263  0.32237783750725912  0.33338956090395488
  0.34442124844212452  0.35537221322720530  0.36579784794971448  0.37662442622758008
  0.38736240626594570  0.39801937055320780  0.40843160006009283  0.41890039858949485
  0.42930260551351052  0.43978955709469914  0.45009672953984076  0.46063287397494013
  0.47084774962108134  0.48129360078817157  0.49153726019010857  0.50169481831691110
  0.51171697833201735  0.52169245214852500  0.53210314464343467  0.54261372872534119
  0.55311215294585314  0.56328353352469929  0.57338636724779424  0.58360299320910913
  0.59402488616766946  0.60457367275007945  0.61512822271354539  0.62579094905302857
  0.63660386035358418  0.64734407659196980  0.65784240258955895  0.66809554947608674
  0.67815253345107718  0.68812433073385981  0.69807990079668958  0.70843563402079146
  0.71886774601026260  0.72969826291272732  0.74062167690671998  0.75107535850196228
  0.76103095891888339  0.77110093987530459  0.78153847046608782  0.79206922026732984
  0.80220656415334290  0.81238199161568236  0.82281869080371095  0.83346843080830157
  0.84398482980996292  0.85420376878509707  0.86455499027269556  0.87504530099120525
  0.88576101340315661  0.89644952748164708  0.90683123198698790  0.91732399399920295
  0.92750993319910557  0.93789943534756837  0.94819293620439349  0.95854458775249918
  0.96907527195085930  0.97929803988429243  0.98973810127388162  1.00000000000000000
  0.19754455788486425  0.21734176542745409  0.22687950335065446  0.23618191562881585
  0.24652868190213045  0.25582329364178863  0.27324566880195811  0.28884905280882794
  0.29736047726544562  0.30668223598132671  0.31587240934238786  0.32479823593192231
  0.33344088626716356  0.34151567948338518  0.34913210990829202  0.35639400935771531
  0.36336684094584543  0.37010403995888091  0.37655859326478996  0.38287057308794153
  0.38915517007535144  0.39539586608369781  0.40159757523898709  0.40774310339046616
  0.41380946028854693  0.41976380019232645  0.42552226985339014  0.43129486745108209
  0.43700276020187651  0.44270276766217492  0.44840050162560491  0.45402792143600823
  0.45962438308263037  0.46507408101891318  0.47051957844336406  0.47603022420449803
  0.48164365962677158  0.48729194504317552  0.49291654194698964  0.49849116139805827
  0.50403579818291333  0.50959006499559800  0.51515319392272529  0.52074601514936381
  0.52635894876735168  0.53201765140194834  0.53760500062926075  0.54326814255556666
  0.54897680680773076  0.55473930890204226  0.56056986518368401  0.56644472132592094
  0.57237476418373667  0.57832388270179025  0.58431129071783161  0.59038194863602911
  0.59653799541139430  0.60278805337823360  0.60909477002386936  0.61545609475757324
  0.62186846584464639  0.62826086910873447  0.63468081890204975  0.64102281131757621
  0.64745609889804456  0.65411067309312787  0.66091943761639083  0.66781272386764035
  0.67479014208690258  0.68172582525607539  0.68883866560289242  0.69614343403355594
  0.70353094806108762  0.71109325272959423  0.71881053345508417  0.72670159210709684
  0.73455137396122627  0.74245211212068885  0.75042408311241537  0.75881695066896016
  0.76725936572437625  0.77609891562438904  0.78525634272106859  0.79498644698096144
  0.80534419573484217  0.81600795037723006  0.82681883787962729  0.83796393828600191
  0.84996045196543302  0.86302681080276744  0.87769415714954557  0.89365546086197745
  0.91102502732626400  0.93137527356925853  0.95817067186862281  1.00000000000000000
 -0.01462366338798688  0.09027305414227746  0.12704604363555669  0.15071483486815598
  0.16972031355995576  0.18608491770814470  0.20031748770618110  0.21325326863720798
  0.22527081453925749  0.23637393955283609  0.24654897990458080  0.25607093621811766
  0.26523684335756559  0.27421710582959852  0.28285889140457021  0.29127535104383939
  0.29946486224364444  0.30760473232886498  0.31549689636764833  0.32322903863510588
  0.33081663688161156  0.33827772989017574  0.34581254679671397  0.35324341479113630
  0.36035103622156922  0.36727676391441877  0.37409412228907868  0.38072289555343336
  0.38714500977014549  0.39342433227020901  0.39960074279964974  0.40573288086796017
  0.41198567696087768  0.41823323319665479  0.42427532311211519  0.43033749635865420
  0.43614913878510431  0.44183691973666223  0.44746798321344800  0.45309472131415585
  0.45882722572492041  0.46449165289632666  0.47009794933018684  0.47565611682080561
  0.48114032595490369  0.48660572888033898  0.49206819871849861  0.49750442747366586
  0.50296863554814564  0.50854021856604537  0.51406895747952275  0.51963939971999396
  0.52526115117522032  0.53091609957713193  0.53661920544792707  0.54234350257471586
  0.54813668860763132  0.55400714496612846  0.55989434636066560  0.56591359297259503
  0.57204724966941101  0.57824344738789668  0.58459727586422383  0.59101380207964038
  0.59736340210203132  0.60376865614480157  0.61031616445739634  0.61695154534368424
  0.62355290022579513  0.63003897883031512  0.63648174034825744  0.64309524187111089
  0.64990538831916522  0.65679225589300361  0.66374497132187993  0.67090813880655298
  0.67834655960018786  0.68584226293621942  0.69380803105814215  0.70200058878664628
  0.71038489004689043  0.71905000450836987  0.72801784950213178  0.73719180303764675
  0.74649761323354691  0.75625735349260714  0.76656524565751771  0.77791085600879295
  0.78991588984158256  0.80329073124993899  0.81786344025507518  0.83405892461121656
  0.85277218761887963  0.87585446493938790  0.91359502872571619  1.00000000000000000
   3.2951219199378590E-007  -1.0000000000000000     
 F F F F F F F F F F F F F F F F F F F F F F F F F F F F F F F F
  <DiscreteSampler_grid>
  grouped_processes
  1 # 1 for a reference and 2 for a running grid.
  10 # Attribute 'min_bin_probing_points' of the grid.
  1 # Attribute 'grid_mode' of the grid. 1=='default',2=='initialization'
  0.0000000000000000 # Attribute 'small_contrib_threshold' of the grid.
  0.5000000000000000 # Attribute 'damping_power' of the grid.
 # binID   n_entries weight   weight_sqr   abs_weight
    10   10   1.154584829116264E+006   2.648516671700618E+012   1.154584829116264E+006
    11   10   1.154584829116264E+006   2.648516671700617E+012   1.154584829116264E+006
  </DiscreteSampler_grid>
