 -0.00247287738738044  0.00958051618536312  0.01968758846017995  0.03028705054874349
  0.04096839483092104  0.05162239496849022  0.06219408359135791  0.07301049248828526
  0.08387111843888685  0.09481306883783884  0.10558191931134883  0.11643626796035308
  0.12696336918849227  0.13734009253784299  0.14775321415426598  0.15829187987833865
  0.16884485401654051  0.17948639158626045  0.19017463905223228  0.20097585092007475
  0.21164241500322684  0.22219567347317704  0.23259994498089995  0.24293286267599098
  0.25330606664786331  0.26373607948415989  0.27436014629644656  0.28493160305522902
  0.29552482356732945  0.30602378162355881  0.31656376196119729  0.32715842876051598
  0.33763551441371931  0.34794593298801985  0.35818291559307114  0.36842880030545105
  0.37871305697885227  0.38897162265050067  0.39931501381681150  0.40977641677553017
  0.42024133065349628  0.43084206959159449  0.44162958856715229  0.45247242379809799
  0.46325004628119587  0.47373842605161626  0.48415848500806757  0.49452731136578726
  0.50496118824822156  0.51537186335533203  0.52580211150721234  0.53628810768421720
  0.54676770263780783  0.55722188512904547  0.56771441037946258  0.57831467212517695
  0.58905468282544216  0.59979339519740293  0.61042797992588516  0.62098183410598129
  0.63148512015655645  0.64199848081153799  0.65248376169044753  0.66302631902981179
  0.67360171121973078  0.68426640442841746  0.69487772657177205  0.70549457057994169
  0.71609434902469760  0.72675097466758365  0.73735114009497904  0.74786673500688106
  0.75842005071198570  0.76899212034302311  0.77943010921873035  0.78989356176461789
  0.80037241075409626  0.81083123487645026  0.82139657662467846  0.83195863143690618
  0.84246408101495207  0.85290768507625170  0.86343262452824354  0.87403936999077791
  0.88441497737932928  0.89494590008302066  0.90572312427412316  0.91646357271444845
  0.92706309973005674  0.93771695577698144  0.94819379188823183  0.95859102418220310
  0.96877162057696997  0.97921442318457297  0.98956245475731930  1.00000000000000000
 -0.00245881595550900  0.00923586771339421  0.01923882209436090  0.02972759069250980
  0.04020010845220580  0.05062294525096594  0.06098255883427198  0.07139201663180904
  0.08183725569047340  0.09249443666114476  0.10307942668382428  0.11363418164607042
  0.12414665811230405  0.13502051130503040  0.14583047375390579  0.15633877454490241
  0.16682710323034611  0.17745491075213379  0.18801714627826374  0.19850015740080790
  0.20902803982424187  0.21988483065113970  0.23078347551858214  0.24130501439671989
  0.25193154174922883  0.26226835396961851  0.27275637521886947  0.28310977417118022
  0.29340583253730085  0.30360161151703785  0.31370222546688609  0.32406520277482631
  0.33438933329661458  0.34486269331172154  0.35539322859991884  0.36603089978399062
  0.37672344305293753  0.38730360495230276  0.39789561742280805  0.40839793004153402
  0.41894104015215344  0.42949142307404575  0.44010503543256685  0.45092468625838317
  0.46187409875798618  0.47264382413836414  0.48327493825914103  0.49396906075346975
  0.50464484261896336  0.51516513608773817  0.52567706323392693  0.53605535990393782
  0.54666160884739756  0.55707348166054615  0.56758397708633235  0.57807543019865026
  0.58868962158488292  0.59938320131057288  0.60994359209786853  0.62042077860492872
  0.63081803923335200  0.64128369332998303  0.65183976361747575  0.66233036492014530
  0.67271147414324040  0.68318109266772176  0.69375219875045180  0.70441495569782697
  0.71487052686999564  0.72521862020574457  0.73563633186832622  0.74605468007207110
  0.75664040181108383  0.76733907366818777  0.77812364610256102  0.78886864697346670
  0.79946119449704323  0.81002590321172219  0.82068184117062737  0.83125682904197162
  0.84190209614320244  0.85246352765567390  0.86294931243721251  0.87354156709603381
  0.88393923313976752  0.89456463880472314  0.90505549119704876  0.91565136982460815
  0.92636292972604484  0.93711135397749667  0.94784544872044441  0.95858621652684373
  0.96900549202839314  0.97947506381822924  0.98971452713504471  1.00000000000000000
 -0.00236734128760256  0.00930561690898513  0.01911466507061959  0.02938942655358182
  0.03967269688689766  0.05006450731023615  0.06039152276947359  0.07082237384385733
  0.08108299678767812  0.09149874877054225  0.10196865659237012  0.11280485417472552
  0.12376510602169943  0.13464792473494155  0.14546533099077130  0.15604146576551345
  0.16657920792154604  0.17686603519856137  0.18721066567161720  0.19764660977623166
  0.20805516272111449  0.21842864771857620  0.22885458728054037  0.23934117875443078
  0.24973490411741670  0.26017423523882666  0.27063090188252353  0.28121057859603610
  0.29181404332383104  0.30238765686464109  0.31296529081680718  0.32333850907086448
  0.33383570947599789  0.34428488691525894  0.35471087653597633  0.36529562888637634
  0.37572455154874468  0.38609877111659380  0.39652267598202223  0.40717311836795717
  0.41783249547011381  0.42838095331112491  0.43888306360899304  0.44947536527756249
  0.46009294585567834  0.47073006131937040  0.48141818805056258  0.49212302159095872
  0.50281641555002032  0.51370110666654478  0.52453760046157105  0.53536345713194944
  0.54591399318516420  0.55641327301939025  0.56689045486648082  0.57729559897532512
  0.58766959248627637  0.59818097144896931  0.60872541175544981  0.61944331749730541
  0.63018692546245070  0.64104758250207716  0.65174869503409505  0.66233884064321691
  0.67307409446190558  0.68386880665185223  0.69444655005154632  0.70503032892769490
  0.71552931143162402  0.72613637411444587  0.73670708277838415  0.74735673486303145
  0.75803719551918047  0.76852708324642283  0.77890701098443216  0.78922260310607573
  0.79965870069567635  0.81015024939662961  0.82071813916763114  0.83105460135323905
  0.84155590018838133  0.85212743649317690  0.86263118883651857  0.87311058069175995
  0.88345076271376821  0.89403674557972834  0.90454610108777966  0.91512325162196362
  0.92579278620289618  0.93642669649557497  0.94690218781791735  0.95734055596968604
  0.96800335627064582  0.97862714419746577  0.98930137683423613  1.00000000000000000
 -0.01764831832871776  0.09989918414907456  0.13390132979881847  0.15546198435906422
  0.17327893076868137  0.18873144012815904  0.20262800006142215  0.21533629502988771
  0.22714053007581309  0.23818171347464967  0.24862559890807961  0.25852233262022417
  0.26798317386471543  0.27702551509761891  0.28573386446298910  0.29416298243127259
  0.30226451178954411  0.31017786873279268  0.31781409290099372  0.32524304254129149
  0.33255211446502042  0.33963290967674270  0.34660555010098743  0.35346660411107977
  0.36018347195753342  0.36679829743033004  0.37331402544996700  0.37970919867750164
  0.38601119820949803  0.39225864632085072  0.39843892982802581  0.40452184934465862
  0.41057247214096776  0.41657350573788976  0.42250301297087534  0.42840141851328239
  0.43427722889128439  0.44011433437023773  0.44590304281895998  0.45167232360486192
  0.45741901125826168  0.46313346351240525  0.46882293887524840  0.47449802017943243
  0.48015989943824910  0.48580913245574420  0.49145036591531988  0.49709277488495468
  0.50273564565748829  0.50838282604113239  0.51402451513791692  0.51966880813616589
  0.52531935613385206  0.53098147585569333  0.53666249634645091  0.54237630090458455
  0.54812439751553321  0.55389132216815162  0.55967920973062657  0.56551508113497151
  0.57139319001760258  0.57729535802124810  0.58323337307714829  0.58924784081013226
  0.59530441649138766  0.60139369020934386  0.60758690636463886  0.61385763651602265
  0.62018663646541849  0.62660204936526886  0.63312741924910265  0.63974584503179899
  0.64646556250260856  0.65333376623968242  0.66031466827870733  0.66740447079087084
  0.67474254204328521  0.68219940720005445  0.68986093830418316  0.69776385596524082
  0.70583662073537168  0.71424620458024601  0.72294178403847875  0.73197248303988471
  0.74142659136959266  0.75131692566379582  0.76175547638940500  0.77279442620888372
  0.78460050032812534  0.79729806184261287  0.81115754528505501  0.82658270925745103
  0.84440347538951177  0.86594997033645948  0.90014505612553075  1.00000000000000000
   1.8010957708933068E-005  -1.0000000000000000     
 F F F F F F F F
  <DiscreteSampler_grid>
  grouped_processes
  1 # 1 for a reference and 2 for a running grid.
  10 # Attribute 'min_bin_probing_points' of the grid.
  1 # Attribute 'grid_mode' of the grid. 1=='default',2=='initialization'
  0.0000000000000000 # Attribute 'small_contrib_threshold' of the grid.
  0.5000000000000000 # Attribute 'damping_power' of the grid.
 # binID   n_entries weight   weight_sqr   abs_weight
    10   10   1.592275459131042E+010   3.525107290971513E+020   1.592275459131042E+010
    11   10   1.592275459131042E+010   3.525107290971513E+020   1.592275459131042E+010
  </DiscreteSampler_grid>
