  0.00937214279182407  0.01683842129573188  0.02675876645435246  0.03744520802023997
  0.04766992209601795  0.05792935294763769  0.06814002844801781  0.07829343916373677
  0.08859824138562479  0.09901903353940374  0.10944269365140998  0.11980274549310439
  0.13022049005694408  0.14067194366622246  0.15102374373370858  0.16128358625598804
  0.17153882363459222  0.18185204026499832  0.19212008944895348  0.20241923252226349
  0.21284268855166577  0.22330714059360240  0.23372126676767269  0.24412568499727710
  0.25457716812794468  0.26517473450374635  0.27575132817068582  0.28636486211958334
  0.29700608732072287  0.30768126710117333  0.31840427111125519  0.32912568347553911
  0.33964287464843967  0.34986002840410269  0.35999704240474673  0.37012913685203697
  0.38037169456899389  0.39068328827415855  0.40108595448237921  0.41156999547961981
  0.42199779779775876  0.43243513459152083  0.44274037288991452  0.45302199984127040
  0.46354734504948875  0.47438306502716715  0.48513541762070783  0.49593987332402489
  0.50675435823500825  0.51761667165702763  0.52825286958019069  0.53883665458591468
  0.54938566765566232  0.55987263000754972  0.57027770551642687  0.58063623047570856
  0.59087325544107350  0.60106590650630642  0.61137095991706636  0.62192356389818615
  0.63244815463322068  0.64288127628823266  0.65334339725924406  0.66374630018085967
  0.67423332784687584  0.68453048407201755  0.69478806974849183  0.70518490092166686
  0.71566565144795136  0.72639532901298742  0.73699160946459064  0.74772902607189262
  0.75829127880277525  0.76908745122050926  0.77963800623666268  0.79039318367632749
  0.80068861256261625  0.81114570647003581  0.82152977110553682  0.83201141897115094
  0.84254470856708585  0.85301545975902959  0.86336005649995984  0.87389524311421751
  0.88424737846057211  0.89461728268944740  0.90480034954544952  0.91504621894334082
  0.92546890110440894  0.93562597510701129  0.94624491035736169  0.95677794292017304
  0.96752482063918754  0.97791242523702582  0.98891127759334663  1.00000000000000000
  0.00000249619067701  0.00000261849415941  0.00000279779050015  0.00000295482976725
  0.00000310510969784  0.00000326071209804  0.00000342012579578  0.00000357942059638
  0.00000374026248604  0.00000390720250714  0.00000407798143254  0.00000425436727701
  0.00000443769635175  0.00000462622863145  0.00000481760202448  0.00000501305468757
  0.00000521924051758  0.00000543376627083  0.00000565423389401  0.00000588428544850
  0.00000613077461884  0.00000638567021075  0.00000664656183293  0.00000692248992536
  0.00000721183915716  0.00000750848835724  0.00000781485970760  0.00000813926799171
  0.00000848284085123  0.00000883823964481  0.00000920371906724  0.00000959019736534
  0.00000999482659811  0.00001040391608832  0.00001084475476800  0.00001130652244947
  0.00001178172097323  0.00001226811418539  0.00001278827280111  0.00001333669978494
  0.00001389979869924  0.00001448470701023  0.00001510543058860  0.00001575822181307
  0.00001642652896581  0.00001715192285181  0.00001791594710958  0.00001870041508118
  0.00001952294264652  0.00002040416911356  0.00002131789943810  0.00002225853806409
  0.00002327796740980  0.00002436256200531  0.00002549944925323  0.00002671734750337
  0.00002802581451037  0.00002940910372558  0.00003087836359864  0.00003246722416454
  0.00003414732402011  0.00003592119793793  0.00003786787556078  0.00003990483885902
  0.00004209392052250  0.00004445029455603  0.00004697018158868  0.00004976242477081
  0.00005282528851496  0.00005615371028971  0.00005977509208353  0.00006368168441776
  0.00006803936306745  0.00007285149068816  0.00007826522224163  0.00008431005563078
  0.00009113283384536  0.00009885210221390  0.00010774737215727  0.00011805878056737
  0.00012985722981716  0.00014398206232474  0.00016084095000648  0.00018201837865988
  0.00020878107033761  0.00024215905636283  0.00028545168153211  0.00034057466160224
  0.00041318147343598  0.00052241890727219  0.00068832579995823  0.00095301097979619
  0.00154037648719841  0.01013605973989583  0.71855008486151495  1.00000000000000000
 -0.00235773528467370  0.00960290506719331  0.01996192996929571  0.03080356139634648
  0.04146951106623832  0.05232055298491311  0.06306352156277832  0.07359497822198317
  0.08395927858159893  0.09417594722255272  0.10435136361325936  0.11479163113480283
  0.12513765033581473  0.13576375941115867  0.14618106642798676  0.15685890390991872
  0.16744027728678879  0.17798218897674595  0.18856079646793103  0.19887556156744973
  0.20923165385868223  0.21959475818657176  0.22996993087373946  0.24044610631926938
  0.25090967999021052  0.26176011898430485  0.27248078083183580  0.28312785002640417
  0.29372170114307633  0.30412785481975074  0.31450185110979556  0.32487633911020902
  0.33537449909831102  0.34605252554624999  0.35669409632089094  0.36737231096369199
  0.37788497534564630  0.38859064163465945  0.39918012828519095  0.40973196548192425
  0.42024569862983585  0.43101991397637129  0.44174720818730456  0.45245976918705827
  0.46284070017695167  0.47326047983663377  0.48380753687392103  0.49434385719717699
  0.50489018123565976  0.51538976716947216  0.52603168282520718  0.53658726381279709
  0.54691087846855813  0.55709240113352732  0.56772072699198883  0.57844283517316564
  0.58931287067290905  0.59981699489912177  0.61029925066514834  0.62062826016297146
  0.63106545050615737  0.64156484130984803  0.65233593879908613  0.66315899297115455
  0.67408585944051569  0.68502820298107792  0.69563962304180338  0.70625528914248403
  0.71663262034680186  0.72703991265177925  0.73747122571548829  0.74776634703821110
  0.75817782810202250  0.76860108975507202  0.77937258210096372  0.79008354198164710
  0.80081829357971712  0.81149714890780533  0.82197540826937576  0.83260156448464961
  0.84312539238883821  0.85371591473731478  0.86408323079489691  0.87434976410950183
  0.88517100279908834  0.89572151941519385  0.90619836903308193  0.91655541224212200
  0.92680241843919153  0.93725561265010016  0.94759478501043937  0.95797366640220272
  0.96837012011858148  0.97888303236763863  0.98950339121802910  1.00000000000000000
 -0.00228250643765607  0.00924529914506785  0.01941030197895450  0.03013221103759418
  0.04095259200160418  0.05144251019881928  0.06203801697555154  0.07289678934159695
  0.08382173472920548  0.09440969395004480  0.10491743734878271  0.11549825424501209
  0.12593299375221853  0.13620209856373347  0.14634053409646103  0.15680848073478729
  0.16726577313802357  0.17766440513182527  0.18794896565615191  0.19839855869828041
  0.20902214274099370  0.21932200036847557  0.22958414465845078  0.23995547565497630
  0.25033751089577883  0.26074121086926610  0.27109757448044169  0.28163184234020161
  0.29206604257607222  0.30237717980805551  0.31272438632865057  0.32309622215882627
  0.33340114728115577  0.34366212291028936  0.35388063964477645  0.36407801916379151
  0.37430722611167550  0.38461159340715473  0.39489744385864917  0.40524515780770987
  0.41573268029222654  0.42646041468820878  0.43731116261723568  0.44805026528215830
  0.45879248043898613  0.46944745110457625  0.48013742800325682  0.49073926326901374
  0.50136571683387543  0.51197844168892725  0.52243735594162366  0.53274867956295735
  0.54304020655229412  0.55363213213365503  0.56434887223230179  0.57501433981733663
  0.58544196133427484  0.59581571003896661  0.60620386079211819  0.61685582235784087
  0.62778277899959545  0.63883741117128690  0.64992443504509223  0.66094626294049552
  0.67194281460078276  0.68280948253431606  0.69336952334288782  0.70364909892782690
  0.71397556994931821  0.72453908893633867  0.73524947118798711  0.74605724808099039
  0.75678455679054690  0.76746460636358638  0.77805870436579028  0.78857419270451434
  0.79913608826768490  0.80972285991002968  0.82031846055039559  0.83089081854995572
  0.84143169607857027  0.85208332777695606  0.86284646760719397  0.87356586632084532
  0.88423164689897060  0.89486648310284256  0.90559874090247872  0.91631134304272466
  0.92671402233423383  0.93700443931906874  0.94729674952018439  0.95769103361372099
  0.96818029716274412  0.97873459349134717  0.98939078693591043  1.00000000000000000
 -0.00242133791575992  0.00950373532894612  0.01955080910513037  0.02999000718660391
  0.04020557451396582  0.05048863999139446  0.06068925028064309  0.07105871399217677
  0.08130043877446699  0.09174277169878434  0.10216689722885422  0.11249112056369033
  0.12275306970311049  0.13309535687033958  0.14352050732058239  0.15417575644152978
  0.16463602377438558  0.17519659700935836  0.18585625591565400  0.19634563852266082
  0.20697572931283853  0.21751268212343625  0.22839419147446632  0.23894144383316032
  0.24943152041097943  0.26009123942073081  0.27071161373291580  0.28113455587668468
  0.29148434406899876  0.30203880728132637  0.31270968794914039  0.32350004272985228
  0.33444366052850405  0.34543573136556183  0.35610051682012805  0.36670681300430874
  0.37715519121840896  0.38771338111023457  0.39826433125071575  0.40880186106919431
  0.41926544684107880  0.42976399878729804  0.44025075884823855  0.45061261147204651
  0.46082871864474767  0.47114648775367157  0.48149039645023822  0.49210361112249768
  0.50261635949241701  0.51335130698548859  0.52404007938340202  0.53508580334907718
  0.54606639899754350  0.55686201284152403  0.56752755059455751  0.57802621530852116
  0.58843562283183448  0.59877127185841816  0.60912857716420210  0.61943081419038526
  0.62996498703497517  0.64076216586697543  0.65149955668929238  0.66224230313111809
  0.67276324959165101  0.68331866244362405  0.69396068300982783  0.70458591309223473
  0.71525510687254146  0.72588468665488504  0.73663913775788903  0.74742926536115550
  0.75811394144148769  0.76886311807397945  0.77937443452234978  0.79005688901084214
  0.80054602065559466  0.81108733740871108  0.82155249663174823  0.83197194095066007
  0.84235130386341384  0.85269391322482169  0.86315684632718370  0.87366277819270632
  0.88416447040367241  0.89471209114676808  0.90531909105085828  0.91591561398121302
  0.92653432965055860  0.93721736261045607  0.94770898725213504  0.95829409893611817
  0.96879806461523366  0.97937041934976710  0.98963333893191896  1.00000000000000000
  0.02079220009866542  0.03275329150320697  0.04085350464119130  0.04767750409546864
  0.05448013050858495  0.06136485527022593  0.06825482344215293  0.07515779197553528
  0.08209018390692764  0.08901908225558812  0.09591398871626214  0.10285779605791419
  0.10996655321552699  0.11719884812746999  0.12447380116578834  0.13187562725656457
  0.13933671564424938  0.14685963336030963  0.15442127213695833  0.16205528962284790
  0.16979176701851137  0.17761217489063147  0.18551591759613001  0.19341236007073656
  0.20131768924529614  0.20932809692172569  0.21762560721377383  0.22604896305482219
  0.23438353628245887  0.24266723722531347  0.25094749045777698  0.25929010810918929
  0.26776099336768661  0.27631487720590592  0.28489570275881804  0.29349304454765401
  0.30210668928800627  0.31081240137803351  0.31965782291617406  0.32857818988763610
  0.33756500626289099  0.34657164773716520  0.35567441313406151  0.36496266988296810
  0.37440663306732924  0.38393732477160886  0.39361226978437230  0.40339872164521723
  0.41322919322653889  0.42302860656358610  0.43281383844415805  0.44260605810873527
  0.45243691304790778  0.46238315103137173  0.47240020696838719  0.48244071923640686
  0.49250121649420742  0.50266468255783481  0.51290087821949082  0.52310974633093110
  0.53335544874626739  0.54366895323417297  0.55408692316431551  0.56457715569247102
  0.57502049193320137  0.58548499763090900  0.59608282143618485  0.60699256805646851
  0.61799777421425472  0.62884714427747657  0.63960436729969206  0.65047708100584767
  0.66150825191416829  0.67250370166342510  0.68349255166519374  0.69465960917215663
  0.70599214368428642  0.71735107820327759  0.72862849568757060  0.73987576645225206
  0.75111661513068351  0.76235855917245832  0.77379871189969252  0.78548300219123079
  0.79746547033680615  0.80961451467493306  0.82223273435105515  0.83533065244236393
  0.84895358299132184  0.86299293128751997  0.87771434841528395  0.89352187119286286
  0.91096894587154387  0.93108919420204173  0.95773138552236559  1.00000000000000000
 -0.02394941589897002  0.11252582145496859  0.14577284842908347  0.16628833130290896
  0.18277248083245895  0.19698983027990208  0.20963052976376295  0.22109812160938155
  0.23180954803948645  0.24188883796719821  0.25148032416280358  0.26052018184751130
  0.26924692695969199  0.27756751210412833  0.28562629736763262  0.29344519981830552
  0.30098408515410802  0.30833754714401618  0.31548817734130274  0.32247264518367980
  0.32937168501442121  0.33614173049594115  0.34276870895308997  0.34924245175781116
  0.35552802174235426  0.36165458959579960  0.36771340294708926  0.37374712244636660
  0.37968256246890147  0.38554402229222939  0.39133246779577752  0.39709707291940616
  0.40280712719541323  0.40844801253584090  0.41404978614585086  0.41962963618867816
  0.42519586300060014  0.43075738511519424  0.43630076445821930  0.44179056889385354
  0.44723497784575128  0.45266441862378637  0.45805478228822755  0.46341207129229417
  0.46876278659859166  0.47406155253479187  0.47943795782701354  0.48485147023865005
  0.49026225160390696  0.49567160634207275  0.50108606216342899  0.50652180029377436
  0.51197666757350435  0.51745956422552530  0.52299422240452331  0.52856216533778533
  0.53413821130022177  0.53971623861108253  0.54531689640105052  0.55098551866670675
  0.55669274757675491  0.56242821612395133  0.56810849625546855  0.57381609270704048
  0.57957803574953803  0.58541305650073916  0.59135171772819883  0.59739229371530644
  0.60348347504847288  0.60966029141066824  0.61590828334500902  0.62228274378892279
  0.62878445133824690  0.63539344994191005  0.64204975627290939  0.64887109840579604
  0.65583286916297490  0.66294589731184184  0.67032293911192053  0.67797978720019914
  0.68583618484544107  0.69400076307518543  0.70249581655106674  0.71132061761913201
  0.72061234262432949  0.73024437723531666  0.74048603799218082  0.75130636632154801
  0.76317269777122709  0.77597453423127682  0.79009439003430415  0.80590504253142492
  0.82429731348448310  0.84719007050410067  0.88328036358408979  1.00000000000000000
   2.8549577139627114E-006  -1.0000000000000000     
 F F F F F F F F F F F F F F F F
  <DiscreteSampler_grid>
  grouped_processes
  1 # 1 for a reference and 2 for a running grid.
  10 # Attribute 'min_bin_probing_points' of the grid.
  1 # Attribute 'grid_mode' of the grid. 1=='default',2=='initialization'
  0.0000000000000000 # Attribute 'small_contrib_threshold' of the grid.
  0.5000000000000000 # Attribute 'damping_power' of the grid.
 # binID   n_entries weight   weight_sqr   abs_weight
    13   10   2.328425128073797E+007   1.961479881103028E+015   2.328425128073797E+007
    14   10   2.328425128073794E+007   1.961479881103023E+015   2.328425128073794E+007
    16   10   2.328425128073797E+007   1.961479881103029E+015   2.328425128073797E+007
    17   10   2.328425128073794E+007   1.961479881103023E+015   2.328425128073794E+007
  </DiscreteSampler_grid>
