  0.00962640972611146  0.01593839388451605  0.02520321920241246  0.03594244454317074
  0.04623150463576908  0.05651201220517715  0.06672209204378990  0.07690126016137047
  0.08726769601944830  0.09785566646975931  0.10846601233288537  0.11908223879160953
  0.12974893105825269  0.14041926984001493  0.15085493857570123  0.16116067291135283
  0.17149457774078641  0.18188472944787032  0.19217926073782088  0.20247016714800978
  0.21289273266983175  0.22338236598624828  0.23382771740923153  0.24425427776021452
  0.25475176856436621  0.26544510071803579  0.27612341824322073  0.28681494083920445
  0.29750633697594386  0.30826535794717630  0.31908519721378492  0.32983422468358709
  0.34032457932847565  0.35050794785573702  0.36055531641331617  0.37057422645089144
  0.38068127654561479  0.39089579336738994  0.40124203594539815  0.41176449119860253
  0.42235736118789535  0.43293108751551712  0.44330951500166060  0.45356719365178727
  0.46409908557869778  0.47492923214260441  0.48573878886845462  0.49672788395688150
  0.50786859552187302  0.51904822131331263  0.52993691113047148  0.54071381499332061
  0.55138594680912822  0.56199859555153597  0.57246755587249776  0.58287888568530422
  0.59316480059958188  0.60341200100216763  0.61377133864347111  0.62427762769233830
  0.63477135227846559  0.64514851361205761  0.65545218113990134  0.66569445404108207
  0.67599764467681223  0.68627040670442085  0.69661158548528268  0.70711478703668162
  0.71764374872295267  0.72826568453687446  0.73881721232838082  0.74959094787292513
  0.76026133824558595  0.77103429595012973  0.78158089568239775  0.79214960645387589
  0.80252163107627283  0.81297181209924163  0.82345086407553414  0.83392631258771321
  0.84442174342973608  0.85485450295364163  0.86515779078320898  0.87558049996209608
  0.88591286949906667  0.89622462265689062  0.90636474661596189  0.91654262076846915
  0.92685351472750199  0.93707927102737765  0.94765688769374601  0.95822034198494277
  0.96908740864526666  0.97978478412281444  0.99144125826418117  1.00000000000000000
  0.00000250868700817  0.00000260203602331  0.00000278083416745  0.00000294539316973
  0.00000310270209360  0.00000325856356872  0.00000342039698056  0.00000357991388172
  0.00000374137646682  0.00000390953494662  0.00000408258429806  0.00000426247291194
  0.00000445152466226  0.00000464702785248  0.00000484473886336  0.00000504656754502
  0.00000526037656331  0.00000548472877758  0.00000571125051526  0.00000595444499425
  0.00000621462015361  0.00000647804842166  0.00000674630969797  0.00000703907640797
  0.00000734387347778  0.00000765599864109  0.00000798244426381  0.00000833100898052
  0.00000869713960573  0.00000906502578415  0.00000945610967071  0.00000987236189698
  0.00001029000284141  0.00001073539648974  0.00001120740898210  0.00001169148521732
  0.00001218661647724  0.00001271187903798  0.00001327040177436  0.00001384931729389
  0.00001445272321843  0.00001510123306178  0.00001578075069872  0.00001647531484379
  0.00001722643045571  0.00001803035167287  0.00001883870910475  0.00001969195694730
  0.00002060437982052  0.00002154327814529  0.00002251161773767  0.00002358055380641
  0.00002470975048075  0.00002588697425499  0.00002715872776924  0.00002852151133697
  0.00002994467481652  0.00003144972229234  0.00003311632519285  0.00003481077377666
  0.00003667761154152  0.00003872204630758  0.00004080309094899  0.00004308948216487
  0.00004548381383889  0.00004810161489676  0.00005100378430210  0.00005415759492041
  0.00005757286566792  0.00006127636492674  0.00006524101600965  0.00006973486092413
  0.00007447610802321  0.00008000455219446  0.00008600777753873  0.00009294851219262
  0.00010058370545620  0.00010946042037538  0.00011952788184205  0.00013095551476843
  0.00014437989758038  0.00015988967390338  0.00017872574379286  0.00020176491317365
  0.00022929343456221  0.00026430314057493  0.00030802086305556  0.00036179093259763
  0.00043001808794022  0.00052528523552964  0.00065842634750376  0.00084152885621357
  0.00112219127272324  0.00179987068836268  0.01264717360064506  1.00000000000000000
 -0.00232095611461216  0.00974818632597378  0.02027767842823674  0.03122160377190306
  0.04205876500662800  0.05296622114774308  0.06368309556369615  0.07407205475585403
  0.08433444675020886  0.09446546164610733  0.10460680826432893  0.11496870573931726
  0.12524685484120046  0.13589637323045520  0.14640242433676209  0.15715936120781721
  0.16779748746417963  0.17839929834542131  0.18919107902411877  0.19958515234505569
  0.21001575836513869  0.22035646619605989  0.23068645003570601  0.24102813415810337
  0.25137564941085638  0.26214888172332346  0.27292460154539738  0.28373690024691550
  0.29444018348350037  0.30491796668920362  0.31525510976742427  0.32560737789904803
  0.33615894114041911  0.34685450953009900  0.35756275219826078  0.36830434218823893
  0.37901767294535293  0.38990107912541916  0.40069162695415128  0.41136148295410385
  0.42189052190334109  0.43255140600178316  0.44314587325117222  0.45371100089781913
  0.46390701599386058  0.47410631635809281  0.48453403845577575  0.49494486976880481
  0.50537509952044946  0.51586049576630821  0.52661607827366408  0.53731229377118528
  0.54763229026932503  0.55778808855057360  0.56838888727771053  0.57911285174922833
  0.59004542565543450  0.60062787515439275  0.61116626367360871  0.62153634993614848
  0.63190686713713184  0.64234380279485681  0.65313927855156417  0.66389114521988002
  0.67481719969764564  0.68576482586869103  0.69651753358641377  0.70721178299891907
  0.71758972928265685  0.72803378123126083  0.73856881429969123  0.74893650201349471
  0.75937683761626140  0.76975594764595678  0.78056553600341094  0.79135400494272901
  0.80234027210569980  0.81326585829687015  0.82393778903974979  0.83469136154046364
  0.84530162948363408  0.85587671724706837  0.86610234674743958  0.87632110627750537
  0.88691575716777515  0.89731060312711097  0.90758074408682554  0.91777288377597988
  0.92788380515505886  0.93817109671683885  0.94837197744634238  0.95852639517567639
  0.96875696127795863  0.97906497306900442  0.98959980030871364  1.00000000000000000
 -0.00203011656761011  0.00947634943373464  0.01974823748625687  0.03046916532943685
  0.04126157535631151  0.05177361975103003  0.06238032287752695  0.07330391462182832
  0.08425210863477563  0.09486794646111429  0.10535571040693834  0.11595273595851212
  0.12636580493518873  0.13662641834609845  0.14674150637096711  0.15724849758617193
  0.16774507472213873  0.17805003262407265  0.18824141847569156  0.19855779952849831
  0.20911313027214398  0.21938880974988856  0.22962120913925277  0.23998126446668394
  0.25035433631172638  0.26072312036866080  0.27111554427741974  0.28169773475158866
  0.29217018735743483  0.30247127481924152  0.31284535880702163  0.32329228341346528
  0.33364186446260119  0.34384488349505166  0.35398672187883201  0.36405389065791599
  0.37410248017274006  0.38424319007634844  0.39441889857191598  0.40472952388525957
  0.41525069103948159  0.42602499393051618  0.43696142308730324  0.44778044503896425
  0.45858001797051801  0.46916278273941042  0.47968390373362002  0.49019423878464202
  0.50084230180092704  0.51153738239811730  0.52205996242425656  0.53235572491745631
  0.54267848367956517  0.55328966106818056  0.56407460053751945  0.57483850499858702
  0.58540944599419553  0.59589547641141727  0.60637754824211187  0.61707408666771080
  0.62804037283683167  0.63920505299012664  0.65033694430517819  0.66135590126510024
  0.67235190521795551  0.68318095263768042  0.69361359628735997  0.70370576967895437
  0.71387065986309017  0.72439194317688027  0.73506971802601540  0.74586920958273983
  0.75661605558952971  0.76734617711238051  0.77796100485058284  0.78847668230541046
  0.79903658304975311  0.80967997817241089  0.82035039727784775  0.83093326239679333
  0.84141081540929374  0.85203672217438897  0.86291812219551578  0.87380724924702113
  0.88460725416808217  0.89533887084037111  0.90608664537720729  0.91695659471672675
  0.92730099971774427  0.93752004611606710  0.94764729085692778  0.95793272533955576
  0.96834203443166766  0.97878368132639049  0.98939689110209317  1.00000000000000000
 -0.00247571383480123  0.00982331360398431  0.02002771636237419  0.03034464961167557
  0.04055632226620136  0.05083050591905136  0.06101379082417166  0.07125580635642981
  0.08140895496259308  0.09181585966291189  0.10212242995315510  0.11234920347973743
  0.12253206259344215  0.13278463101171059  0.14306293909112577  0.15357722182213113
  0.16393919934146572  0.17445663524616511  0.18514034030286958  0.19576356452202490
  0.20639191920776165  0.21688115537264299  0.22764896296310472  0.23816865204765042
  0.24852230158931035  0.25902218042977648  0.26953241319793736  0.27988494366153999
  0.29012780034233682  0.30053505993927782  0.31116399012154483  0.32199824230831309
  0.33295715492626327  0.34399721928581506  0.35475178340112784  0.36550868924743857
  0.37610699013811277  0.38674985915933446  0.39739668920427262  0.40806710505636029
  0.41854055167250503  0.42900339444551644  0.43940105429573451  0.44977895737017926
  0.46004742622117423  0.47042592265173461  0.48083405858235884  0.49160973621019366
  0.50223351710808029  0.51307270220250067  0.52372729939784279  0.53474288481992660
  0.54566163892939223  0.55645968799478474  0.56713920236625859  0.57772861257626718
  0.58815441233775201  0.59849735008168170  0.60890130089604422  0.61930047458833037
  0.62996057815433237  0.64075307554864147  0.65150303510371033  0.66227116619868842
  0.67287427643024456  0.68351710894679107  0.69425033102362610  0.70500700107296810
  0.71578728346306608  0.72648981208805496  0.73730374822525591  0.74807966295492923
  0.75882347353368851  0.76953003443531842  0.78010607574505642  0.79068234765435086
  0.80105020130302396  0.81139486771177682  0.82181604524058016  0.83215554876459064
  0.84244657857958039  0.85265409944241355  0.86301692625896564  0.87343837328353702
  0.88390634503471111  0.89439198339094728  0.90487356032912436  0.91533713460111810
  0.92586844727526196  0.93655418015279623  0.94711476107659009  0.95782347175551374
  0.96847579533663009  0.97913691455445506  0.98954991226059030  1.00000000000000000
  0.02057972552119173  0.03522693832328289  0.04319436040226232  0.05018740216734925
  0.05724831308267501  0.06428180041305412  0.07125938489712287  0.07828315114594597
  0.08544336611197115  0.09262657545385131  0.09983811732109776  0.10720351892256791
  0.11469500499149621  0.12219786686828930  0.12983140036582580  0.13754821956143506
  0.14530378267206226  0.15303865907010619  0.16088996058506400  0.16890504048461771
  0.17697670890831768  0.18501903806254660  0.19298906297646146  0.20102250513161765
  0.20920569085117535  0.21779068104739149  0.22645707124653222  0.23506221847487746
  0.24349823331173198  0.25190180957163633  0.26033061889136477  0.26889824505823223
  0.27753817844786804  0.28615275006929514  0.29475171745549456  0.30337983004420815
  0.31219003576284310  0.32121723105340999  0.33028291618187727  0.33937240645194544
  0.34849575374936748  0.35768807281946313  0.36696585139138826  0.37627563686084747
  0.38569759021567457  0.39531216722700957  0.40507964255035073  0.41486430561275067
  0.42461974739334812  0.43437364415591828  0.44409054068816151  0.45385765796281019
  0.46375717279586115  0.47371139155323949  0.48367936493060226  0.49365558881012983
  0.50374845709758109  0.51387983625487876  0.52400020985637508  0.53415998068638137
  0.54433572519310913  0.55460670522362432  0.56496687055023309  0.57534120630959362
  0.58571976635929579  0.59624693667126116  0.60708104884473690  0.61809887106264283
  0.62900133885215181  0.63981980255508020  0.65063563593442841  0.66153193280785494
  0.67243362464568834  0.68336398374029672  0.69446584570666614  0.70576382950819372
  0.71710623110978500  0.72839496958076555  0.73951528151083867  0.75051086823678925
  0.76144566480341458  0.77259522268753600  0.78399065654954747  0.79558642424224102
  0.80730539805306090  0.81941332276948964  0.83194694355287224  0.84487081531192598
  0.85812957802994005  0.87179403265689814  0.88618352976484838  0.90166150898074671
  0.91856543770779908  0.93820326137120225  0.96327420900391769  1.00000000000000000
 -0.01831686049701533  0.10173399683263053  0.13469252939885140  0.15509482817257511
  0.17167437250994999  0.18604464181128816  0.19900122753092134  0.21085855893988292
  0.22184937289684195  0.23222027427781236  0.24207438480418275  0.25150950722597876
  0.26042182884150333  0.26903364414596270  0.27730640067985624  0.28540356959027496
  0.29331344471306858  0.30095392052923203  0.30840439385048235  0.31564564564814807
  0.32275434767087186  0.32981509452457741  0.33677533937227211  0.34359708085364121
  0.35025199685276964  0.35668227155858190  0.36292214398320638  0.36910200793685022
  0.37526441009225575  0.38136089915322763  0.38740200266714198  0.39338831536408247
  0.39938231235607563  0.40529653963680456  0.41119597591748464  0.41708580406428675
  0.42295294057638966  0.42881777359879752  0.43466125360141944  0.44042002296806743
  0.44609213732468239  0.45172823767477349  0.45732983016136319  0.46291437381706707
  0.46851197890528767  0.47408103397962631  0.47972738103269591  0.48544460972439540
  0.49116540751570853  0.49686894975044610  0.50257849841894509  0.50831320136171154
  0.51405960315790422  0.51983065962161989  0.52565609387067413  0.53150003970836968
  0.53736876588051596  0.54320557006210102  0.54909584254587507  0.55500506174170705
  0.56099688647859935  0.56690002541511375  0.57285188919441732  0.57885989190536091
  0.58493398542662323  0.59109793825839152  0.59733565653667187  0.60362725356542657
  0.61000209431744556  0.61648070517008779  0.62303487373594668  0.62972105841824677
  0.63651661610388421  0.64335836068010732  0.65037682432336585  0.65750055035071353
  0.66473564768585680  0.67228919087159800  0.68006058996867957  0.68797369579817469
  0.69614301529847544  0.70456831214242843  0.71332642234214105  0.72253385611041898
  0.73206400597219679  0.74216845897145234  0.75272874316014216  0.76419305088334466
  0.77644410952692389  0.78970560548098656  0.80411572510861729  0.82007266268824264
  0.83850781663194507  0.86109355701990231  0.89659888651264186  1.00000000000000000
   5.4820179524707404E-006  -1.0000000000000000     
 F F F F F F F F F F F F F F F F
  <DiscreteSampler_grid>
  grouped_processes
  1 # 1 for a reference and 2 for a running grid.
  10 # Attribute 'min_bin_probing_points' of the grid.
  1 # Attribute 'grid_mode' of the grid. 1=='default',2=='initialization'
  0.0000000000000000 # Attribute 'small_contrib_threshold' of the grid.
  0.5000000000000000 # Attribute 'damping_power' of the grid.
 # binID   n_entries weight   weight_sqr   abs_weight
    13   10   2.328425128073797E+007   1.961479881103028E+015   2.328425128073797E+007
    14   10   2.328425128073794E+007   1.961479881103023E+015   2.328425128073794E+007
    16   10   2.328425128073797E+007   1.961479881103029E+015   2.328425128073797E+007
    17   10   2.328425128073794E+007   1.961479881103023E+015   2.328425128073794E+007
  </DiscreteSampler_grid>
