 -0.00233459836007735  0.00942936345384714  0.01937694099704119  0.02955478152368948
  0.03983080907226165  0.05001500195438775  0.06021533498937236  0.07044683046554101
  0.08065735573081248  0.09104440547013945  0.10146455182633628  0.11174614939882518
  0.12197949412215833  0.13226150253382124  0.14264141123538265  0.15303748848375470
  0.16345390349716435  0.17399370726385860  0.18459539833576422  0.19520140826451651
  0.20586554613523528  0.21655037743727287  0.22719159485715928  0.23775184920678605
  0.24824898772746917  0.25891391935937413  0.26961071693800609  0.28034248982872373
  0.29102125608787910  0.30184706037222814  0.31270353668619461  0.32334919709657117
  0.33406066424769598  0.34470358980386967  0.35529907282004364  0.36573869903656059
  0.37622724830021798  0.38674474475153281  0.39728489706311659  0.40782748179099687
  0.41825505879305730  0.42854733986821242  0.43885929160939557  0.44926989177960813
  0.45977055270353551  0.47039099150850044  0.48085183840807394  0.49143689503108745
  0.50209764410931412  0.51287945366545440  0.52357841570072616  0.53409308675172196
  0.54460474362316424  0.55495348971185143  0.56537462003056627  0.57576962654693276
  0.58622757220890098  0.59675473146226898  0.60727757846181341  0.61797251771041661
  0.62860165698394532  0.63929290686888163  0.64994587012794314  0.66061025815714147
  0.67125677158372132  0.68186516213069559  0.69250116486690028  0.70320380183495423
  0.71398740501017288  0.72458684912438165  0.73504179157372773  0.74546879149238432
  0.75602505543262943  0.76655784482098299  0.77693528610929175  0.78725024737556670
  0.79766258204230789  0.80822212609633415  0.81881226571465882  0.82939986104418617
  0.84023878099471871  0.85112189942695760  0.86201951373388774  0.87264132034261144
  0.88337938145541450  0.89409112301035121  0.90467343261168032  0.91524355992967121
  0.92616280112970162  0.93716243456797910  0.94788526403034845  0.95852248833096265
  0.96898447026803292  0.97950340402255986  0.98970757612707883  1.00000000000000000
 -0.00256284177751583  0.00972608475760451  0.02001759336259184  0.03068655239557174
  0.04134869406065394  0.05210447957036145  0.06289696897462049  0.07358854725446527
  0.08432353373822406  0.09482276745242454  0.10535029572920819  0.11577405768266731
  0.12624255712085977  0.13665748260668259  0.14704987145932541  0.15766136837824757
  0.16820067834835001  0.17884809469129265  0.18943234007807719  0.20005915611542216
  0.21060315652188677  0.22098673083049869  0.23134292376441162  0.24174095202216156
  0.25218511360773410  0.26254241730046157  0.27279804312493622  0.28302543582326800
  0.29317840437223608  0.30339660459921913  0.31373801497555714  0.32420622388636516
  0.33461629790665004  0.34495728629633471  0.35537624615771196  0.36586280912495317
  0.37631355181611476  0.38670840105727367  0.39717227526501320  0.40766437154990859
  0.41824048680195242  0.42886449429823675  0.43955831157020314  0.45017944073160510
  0.46072023307653165  0.47125243286876634  0.48188211915026469  0.49268701001982790
  0.50346559894466214  0.51413076815846803  0.52466415619688922  0.53525582739757038
  0.54591386166219991  0.55663149139219692  0.56724614299025455  0.57785939634179184
  0.58854041650368716  0.59925677950660150  0.60993435143204033  0.62064885306411055
  0.63122228876033826  0.64175109721004797  0.65225302376592265  0.66272098104058574
  0.67316620302490571  0.68355238470437363  0.69409735680598195  0.70471463490443687
  0.71534294419194511  0.72600173290861514  0.73654970303100276  0.74723666790365517
  0.75779318379934801  0.76849845477131618  0.77908331913508089  0.78965278080510171
  0.80020640285777145  0.81079777231302541  0.82151374779475617  0.83228790138522535
  0.84289805547172436  0.85357828162712968  0.86398513301336499  0.87440423898245878
  0.88464948838492985  0.89491905335263888  0.90516830339001930  0.91544496199671177
  0.92598477897022113  0.93656202573260172  0.94702532442204557  0.95744537500223814
  0.96801347024610196  0.97873411181721526  0.98935901506236978  1.00000000000000000
 -0.00248586389498004  0.00940907436809653  0.01944611570691597  0.02982001380076739
  0.04019413019892058  0.05073285823301346  0.06135035582455293  0.07172231349915278
  0.08206304106010405  0.09241538053866567  0.10279303963211264  0.11309190600047596
  0.12352537058211648  0.13400977502055017  0.14458025029161933  0.15508758734049988
  0.16550064259389702  0.17595958696074759  0.18641794936515024  0.19697992118451160
  0.20766387339114237  0.21834906933253445  0.22910581326871893  0.23975829470454174
  0.25043531555448356  0.26106503176964352  0.27175666220826245  0.28248551823399853
  0.29328187479011925  0.30401461382289918  0.31470003525336371  0.32532404231861245
  0.33584718321440432  0.34625257857307618  0.35665397163625812  0.36703700484120266
  0.37747767967441098  0.38786793634436217  0.39833793601575090  0.40887275248802218
  0.41948841191831648  0.43001129264439902  0.44044049111681610  0.45083796396637865
  0.46125720078856364  0.47174959494218033  0.48228537930283050  0.49286651771174494
  0.50353017302264402  0.51419581693833460  0.52485437097263421  0.53545629863774802
  0.54601278410955345  0.55642738935109226  0.56680475493019244  0.57722809598964009
  0.58764676665191939  0.59809042037262639  0.60852216533228198  0.61909845230789917
  0.62969163465242117  0.64026330309894852  0.65090156509161079  0.66153454332307149
  0.67220805425401720  0.68284521020303601  0.69353079827895825  0.70417819751432009
  0.71475556107934235  0.72521924537861582  0.73577792693165267  0.74630970656514140
  0.75688761196026977  0.76740480075885908  0.77805484322795104  0.78871495181667028
  0.79931115941426067  0.80991135478776888  0.82041977922570930  0.83104702859494284
  0.84158636591453495  0.85213316111009307  0.86267080069294189  0.87318972823004382
  0.88370644133805409  0.89419638571439874  0.90471438016857064  0.91523974784705009
  0.92576529978936872  0.93623755078959392  0.94679078069609135  0.95728805795718896
  0.96803755724204710  0.97870245306904080  0.98941366008358567  1.00000000000000000
 -0.01827181410130604  0.10338008211977609  0.13785350396266860  0.15928133872872446
  0.17683641291927657  0.19204522171070795  0.20570416725637228  0.21820324452150794
  0.22980575604575734  0.24065744276581835  0.25094595647048523  0.26072131827196315
  0.27008341138103897  0.27902892907605858  0.28766830029854701  0.29601980853633492
  0.30409486928911800  0.31196765020518208  0.31956034272882627  0.32698657356333743
  0.33427005148340605  0.34133521067050365  0.34829498659390534  0.35509136194150615
  0.36173118246879327  0.36827856148603294  0.37472905380198607  0.38106772971708902
  0.38732502318735040  0.39352714046667758  0.39965118676786227  0.40567295081586968
  0.41164674056492873  0.41756259415744434  0.42340820135247165  0.42923582820380596
  0.43504387456221078  0.44081025660028372  0.44652584016620273  0.45221873826111580
  0.45788548428670511  0.46352842723151261  0.46915697731460709  0.47477360124434320
  0.48037938147965764  0.48597701405504617  0.49156480009923342  0.49714423922002965
  0.50270574807589541  0.50826367062447508  0.51383116014022123  0.51941528404037451
  0.52501731297230603  0.53063156879194606  0.53625574518918073  0.54190367878059420
  0.54758446882600131  0.55328843711439424  0.55901328976921039  0.56477079798554231
  0.57056893728728730  0.57640461643143903  0.58228417284724288  0.58824663890129791
  0.59426626971703767  0.60029522501800447  0.60641771817866419  0.61262331826148597
  0.61889065241013519  0.62524623575802840  0.63171791201760219  0.63828820742212378
  0.64494875736669988  0.65175061679269763  0.65868978184322335  0.66572812626787792
  0.67298870505514707  0.68039716626831115  0.68798392830058464  0.69584102241518797
  0.70388523269933390  0.71221995977582553  0.72086375702473060  0.72981098264269173
  0.73914992709907756  0.74889323299824151  0.75918257657821120  0.77008348453790010
  0.78174420629074604  0.79425790737339208  0.80789952147842192  0.82307211710998096
  0.84058558433705710  0.86186046603826338  0.89586085869526422  1.00000000000000000
   7.8774457965654147E-006  -1.0000000000000000     
 F F F F F F F F
  <DiscreteSampler_grid>
  grouped_processes
  1 # 1 for a reference and 2 for a running grid.
  10 # Attribute 'min_bin_probing_points' of the grid.
  1 # Attribute 'grid_mode' of the grid. 1=='default',2=='initialization'
  0.0000000000000000 # Attribute 'small_contrib_threshold' of the grid.
  0.5000000000000000 # Attribute 'damping_power' of the grid.
 # binID   n_entries weight   weight_sqr   abs_weight
    10   10   1.597259448766235E+010   3.586224675129373E+020   1.597259448766235E+010
    11   10   1.597259448766235E+010   3.586224675129373E+020   1.597259448766235E+010
  </DiscreteSampler_grid>
