 -0.00248607301233689  0.00927745688329472  0.01912708568143969  0.02945335923363167
  0.03990744010870496  0.05042992781629320  0.06106966787556208  0.07166237336652859
  0.08233122215179116  0.09273091856532607  0.10312089815845688  0.11348579546777164
  0.12398771584456771  0.13457484986856419  0.14509034719494551  0.15557174767547971
  0.16608097341236178  0.17675093108009748  0.18752593094138095  0.19810253687907722
  0.20860948601034540  0.21906653513578433  0.22960886292610214  0.24009410208118037
  0.25057738188515283  0.26097129267987673  0.27134687356979958  0.28182701861243964
  0.29233063746555665  0.30293685438135975  0.31359769134542259  0.32436134787993365
  0.33507596678322055  0.34556995905156795  0.35597607169565387  0.36632245522083223
  0.37681791684680321  0.38726031126374383  0.39778159439234895  0.40834942876947805
  0.41904230648789514  0.42977136420126122  0.44052714849362617  0.45123207230604362
  0.46177025497745677  0.47231108580849479  0.48295132068150287  0.49365045070783636
  0.50423251036290351  0.51467260250307312  0.52507973053818058  0.53545775873529522
  0.54599389980356283  0.55663863937390023  0.56732288964990651  0.57806132656813125
  0.58868861412190343  0.59945357668209376  0.61013491285590915  0.62080796502872948
  0.63131436816949182  0.64185882968661057  0.65234164994589450  0.66277358816233201
  0.67327986444245791  0.68380869961541579  0.69430070969416535  0.70486352684241305
  0.71553808806999508  0.72620934496437839  0.73671891668681977  0.74705608041264837
  0.75755327150717644  0.76810856034332342  0.77862006662372452  0.78908505674245188
  0.79964703489422861  0.81033726873406020  0.82081252055821885  0.83143438879078568
  0.84206812325956815  0.85263779095823944  0.86303733774969438  0.87347731714983434
  0.88398037133107943  0.89438178911702004  0.90486805391962244  0.91529494400850220
  0.92573428701891936  0.93612655221229413  0.94676782046127494  0.95746064163561972
  0.96818676554851923  0.97883124167173141  0.98943784710963112  1.00000000000000000
 -0.00241597680090617  0.00963401525759764  0.01942629089811018  0.02982031170561479
  0.04020962806787302  0.05095102599308864  0.06153021630442414  0.07214367731916778
  0.08269946374026133  0.09316651443384975  0.10370677436139078  0.11406074871918498
  0.12446028315086012  0.13485060143554398  0.14529600696265180  0.15573535218393114
  0.16618528705519586  0.17653087946373927  0.18682676145760457  0.19708919968445276
  0.20745140555432778  0.21777959676420261  0.22820874167557550  0.23863854414634181
  0.24908998336464200  0.25959573255485829  0.27012487600023033  0.28066600848461831
  0.29116089491159564  0.30183972260286301  0.31269828923045917  0.32341183950551555
  0.33427639884857607  0.34514571107573322  0.35605517486704880  0.36686234112424948
  0.37756603387760185  0.38820431958362311  0.39872777580467755  0.40928147559336381
  0.41984185063058449  0.43035564393502829  0.44086955151405333  0.45151646222204112
  0.46208308623912725  0.47250612271770581  0.48301280080121639  0.49356207112870742
  0.50412268771620061  0.51455666956397672  0.52500243893040321  0.53551538088719774
  0.54596854152204954  0.55637084129729275  0.56674429745415567  0.57714264682135574
  0.58763345786135390  0.59823158918720132  0.60888797580805643  0.61961014722342789
  0.63041899872216134  0.64114413832491679  0.65180440348388280  0.66237228495319089
  0.67302362367167357  0.68362764512383933  0.69414366821432472  0.70456659359958640
  0.71511381823158415  0.72566314028860923  0.73627865581810381  0.74686644368444288
  0.75751268592493981  0.76807269129963196  0.77859916096281712  0.78911061091403079
  0.79967609503556369  0.81015641563783969  0.82076219173082843  0.83141773107392558
  0.84217494245299196  0.85292103567991195  0.86370827694066810  0.87456914293448218
  0.88516074027781444  0.89563761845080769  0.90597486579519204  0.91642372860233978
  0.92694842569411218  0.93730657959853136  0.94776323714841237  0.95811636272309386
  0.96857672800386507  0.97906308711724921  0.98956514574700716  1.00000000000000000
 -0.00224951615325643  0.00946294673015173  0.01951838643847639  0.02999684719972290
  0.04048955056102382  0.05095151658182891  0.06131850903842467  0.07190513736038505
  0.08264668166909654  0.09344806883659423  0.10414948907795053  0.11483645367877716
  0.12554233636960532  0.13618600307464726  0.14673875732688446  0.15709957994594995
  0.16755274980961590  0.17793036332114218  0.18830337167999922  0.19858644128365258
  0.20892995512466214  0.21930989381861932  0.22953568238334290  0.23999110014185543
  0.25048518391022362  0.26103894536039213  0.27142580256716620  0.28195534530007771
  0.29256311640360605  0.30307203347640399  0.31354974269465580  0.32400023468270517
  0.33441047387274142  0.34488263926548324  0.35536313758742283  0.36615064615080262
  0.37701221359503889  0.38752094124243519  0.39791169882667848  0.40820012889965923
  0.41867890900439347  0.42918599699361198  0.43952347905112354  0.44987422273483357
  0.46027943262926418  0.47070985404250887  0.48114680755211947  0.49162228316561729
  0.50209976763799224  0.51266035551410549  0.52309217375413952  0.53347628005584147
  0.54392995954890133  0.55448481895338519  0.56512333211711652  0.57557010035792122
  0.58603848699696925  0.59653572592537196  0.60702422390398747  0.61740715670760860
  0.62776292430006120  0.63823755534777193  0.64879618366091807  0.65943827549124145
  0.67013364156783872  0.68084253023291086  0.69148712938816659  0.70205421177185734
  0.71267594695568581  0.72339742971748844  0.73414052204770486  0.74468164612898446
  0.75521416261220076  0.76565418772588778  0.77611234735960977  0.78656704708728331
  0.79717206088889614  0.80782274014817979  0.81845361454179333  0.82901731386091249
  0.83964918422185442  0.85031992430667169  0.86100411711843206  0.87173532983256030
  0.88237821511362691  0.89306881172436614  0.90373628031871867  0.91452172421681366
  0.92513299991759834  0.93575456598757178  0.94659287808896408  0.95750121183699566
  0.96809328595156563  0.97858829088522570  0.98920322382894121  1.00000000000000000
 -0.01749760193055884  0.09975294106967394  0.13390023040093263  0.15538323289534148
  0.17321418136074465  0.18864839698904673  0.20253813336322676  0.21523438185444865
  0.22703061259602852  0.23807748045205931  0.24853085667186006  0.25844120492602668
  0.26791137268377879  0.27695473434424839  0.28564768490304426  0.29405337368682055
  0.30212155648744138  0.31002771518494604  0.31769238429063923  0.32515803327518761
  0.33250892695252432  0.33961155387427261  0.34659898463454614  0.35346276542996596
  0.36017226366694810  0.36678009464653483  0.37329985240850777  0.37971560095412477
  0.38604759553519818  0.39232260220324788  0.39852172344201159  0.40461853429797179
  0.41067738888306016  0.41668831385726257  0.42262088335901488  0.42850804676073267
  0.43436481016031597  0.44018553636023849  0.44596542650385068  0.45173415047352100
  0.45748398569574333  0.46320097579727226  0.46889037562271269  0.47456385496702697
  0.48022672394485688  0.48588059068133982  0.49152187281142407  0.49716177781482573
  0.50279349989586730  0.50842928894876682  0.51407071817936989  0.51972440339181358
  0.52539353929867216  0.53107583757782706  0.53676688018961027  0.54248194367251257
  0.54822672268164829  0.55398585130889222  0.55976428873524753  0.56558408313348818
  0.57144784176570385  0.57734682924284653  0.58328363687800089  0.58930362756935528
  0.59536495056099981  0.60145734199288048  0.60765826573077519  0.61393198958214568
  0.62025793028692555  0.62666847282499449  0.63318524598571757  0.63978781681777597
  0.64648712242288153  0.65333531015746549  0.66031616108750268  0.66743430129605119
  0.67479837496680273  0.68227634415067506  0.68994261961546355  0.69785206398366362
  0.70594314097660771  0.71436660745795422  0.72307021015411344  0.73211852746821104
  0.74158631213427950  0.75149206442747918  0.76194607840145590  0.77301486443158685
  0.78485356495706970  0.79758840604471604  0.81150336481583951  0.82697830409719131
  0.84485329338701587  0.86650142743960923  0.90050623968181609  1.00000000000000000
   1.7753616714887618E-005  -1.0000000000000000     
 F F F F F F F F
  <DiscreteSampler_grid>
  grouped_processes
  1 # 1 for a reference and 2 for a running grid.
  10 # Attribute 'min_bin_probing_points' of the grid.
  1 # Attribute 'grid_mode' of the grid. 1=='default',2=='initialization'
  0.0000000000000000 # Attribute 'small_contrib_threshold' of the grid.
  0.5000000000000000 # Attribute 'damping_power' of the grid.
 # binID   n_entries weight   weight_sqr   abs_weight
    10   10   1.952077723760861E+010   4.751593302211905E+020   1.952077723760861E+010
    11   10   1.952077723760861E+010   4.751593302211905E+020   1.952077723760861E+010
  </DiscreteSampler_grid>
