 -0.00252393749411975  0.00973443300871924  0.01998799618080793  0.03044210014209644
  0.04103832594485669  0.05174895254722704  0.06247854530806412  0.07294561831275731
  0.08342778623650161  0.09410032086577948  0.10479818933900414  0.11546550279129944
  0.12612653054534315  0.13697735158334745  0.14772175889002118  0.15830729117510914
  0.16889678657419321  0.17938529896417268  0.18992532638016918  0.20046739498341526
  0.21113926707283090  0.22178367737014865  0.23234269548179273  0.24277850245541019
  0.25310739125236409  0.26352832090921680  0.27408200860459492  0.28480429851426209
  0.29530262702185273  0.30577139588659663  0.31622385038737255  0.32673348336574476
  0.33734635529587575  0.34796191491941447  0.35860701425178848  0.36908254531709267
  0.37945259663190978  0.38993265974454278  0.40043646663007376  0.41116565459468046
  0.42171078672485274  0.43214635623933667  0.44246718536738555  0.45275052361581408
  0.46323757460172144  0.47374061664155648  0.48424364233894623  0.49482114593603305
  0.50540270988459413  0.51601169583850282  0.52649282815452014  0.53674818743706176
  0.54708276102009312  0.55742347839984230  0.56794403479961575  0.57831974261885621
  0.58864108894275946  0.59895609833337460  0.60949458390006850  0.62011512689325632
  0.63077176947875635  0.64133499860195997  0.65195630759091272  0.66256695175790714
  0.67317216483212150  0.68361184838445976  0.69403119361391874  0.70439207551339256
  0.71486929159756440  0.72546478376460144  0.73617973196470621  0.74698011803202491
  0.75764004057109513  0.76824477924094914  0.77872342358613855  0.78912854126704701
  0.79958240587994622  0.81011998585841261  0.82090456379460774  0.83165363828419858
  0.84223393607580732  0.85282327858617757  0.86343365107045844  0.87406589283480685
  0.88460260123100842  0.89517633648143624  0.90591471661567491  0.91664666246816773
  0.92725595417300188  0.93786201666858038  0.94832818630716531  0.95879215349547386
  0.96907040716102288  0.97939570168248280  0.98969342604004840  1.00000000000000000
 -0.00249387017149781  0.00927215185570926  0.01927208578294978  0.02973809062062101
  0.04029847905528017  0.05085384311196471  0.06144729214333745  0.07204560579415373
  0.08271222638840303  0.09321628688362184  0.10374376140400667  0.11434329255340749
  0.12498885154182171  0.13559903050724564  0.14617441730220798  0.15660449740437984
  0.16714715345264494  0.17773918328640514  0.18833506727844609  0.19873687868201001
  0.20898022820906598  0.21947325773632964  0.22999421999762121  0.24052810361454718
  0.25112307510215093  0.26183804023342583  0.27258325574293890  0.28319587284698322
  0.29382988957577044  0.30436975531590788  0.31487248942846879  0.32531607487443404
  0.33592646497203416  0.34650359966373484  0.35705683193865273  0.36760285248664243
  0.37820463389536957  0.38883196310230861  0.39940945737032985  0.40987089443831431
  0.42029583619940042  0.43063675430926063  0.44088464138144362  0.45110653306929455
  0.46153397785444511  0.47207040368366676  0.48261749322603154  0.49315262120472830
  0.50382464251125969  0.51460390935278433  0.52541185868660234  0.53619148277932815
  0.54684371234944817  0.55737007873902222  0.56781930481925247  0.57824229709241048
  0.58864928407431250  0.59925842491941217  0.60989510346548492  0.62060599505481107
  0.63116812478449980  0.64164889536633407  0.65224323024588360  0.66283574590486827
  0.67343426744556345  0.68405208448510701  0.69462458049530384  0.70534623678679609
  0.71587137987662197  0.72646173333304842  0.73685385083171018  0.74736928222734056
  0.75792756775843551  0.76854242708975928  0.77897651317856009  0.78930782577825420
  0.79977560896099420  0.81025725538058802  0.82090301960014811  0.83147620248396303
  0.84227916538289505  0.85295421442797814  0.86372118777262585  0.87428641389212070
  0.88480456094621895  0.89532012933475280  0.90584179393641251  0.91633217914202314
  0.92671999203239563  0.93716835802189258  0.94759035733098140  0.95820940813091615
  0.96863843738909927  0.97919403286820816  0.98946285474079743  1.00000000000000000
 -0.00260249385767937  0.00972184822327398  0.02029489480762071  0.03083902700323083
  0.04147145828636666  0.05204305783169060  0.06261450709244870  0.07283493074040839
  0.08300768689934045  0.09349355624074746  0.10401934382814650  0.11456236808051419
  0.12507915547221740  0.13556774743016670  0.14603508840055110  0.15652206911324262
  0.16710697137726141  0.17772236361275923  0.18827764853168438  0.19882257428521277
  0.20934253104485945  0.21972364816913909  0.23012808615945235  0.24042816557695665
  0.25072669022785576  0.26105159451186932  0.27144159383482591  0.28198531801093069
  0.29266065914446421  0.30338271399397654  0.31403097032393662  0.32454225166025930
  0.33503261122111255  0.34556053967040590  0.35600716633082763  0.36660750937215564
  0.37713564525941751  0.38774824214291437  0.39821178183175276  0.40851401612419536
  0.41880209499209792  0.42923050415465874  0.43987678987173295  0.45069630333198990
  0.46146947036390501  0.47220158642048704  0.48286682351098281  0.49349471812490020
  0.50415490226842918  0.51477891665238318  0.52543101229960132  0.53597689218983358
  0.54650195328226803  0.55711564174351613  0.56791095420429294  0.57887090252493423
  0.58966502954607491  0.60041779804238959  0.61105819165674669  0.62176763469598761
  0.63230015115028770  0.64283464659227851  0.65349364569035440  0.66418797077294134
  0.67494350884141130  0.68567503182808986  0.69642484688045869  0.70710036701268086
  0.71767261554890538  0.72831711408339295  0.73911566420371877  0.74985774133691085
  0.76060044810748750  0.77130488988939050  0.78196684543230588  0.79251733301671745
  0.80293798989379206  0.81335424099177067  0.82370999382943422  0.83410452337949681
  0.84450365241218617  0.85492562153438534  0.86524840671205383  0.87558243184115558
  0.88582595941035758  0.89604993622879447  0.90632466973147707  0.91661803513645146
  0.92699133597394479  0.93740634267356482  0.94792612851895786  0.95849340223951318
  0.96895591956076721  0.97941042015821367  0.98974913830175770  1.00000000000000000
 -0.01780581221949103  0.09938622707029035  0.13357003034383089  0.15515096466543235
  0.17305543029438475  0.18856523211859261  0.20252252172396346  0.21528777979698235
  0.22711495748325328  0.23813498912086212  0.24854481618641139  0.25841179573600176
  0.26786882563777531  0.27692776089041071  0.28564364324855102  0.29407353602678349
  0.30215245669066471  0.31004569764498857  0.31770202892658633  0.32516430726474088
  0.33252476004139686  0.33963615967696192  0.34663315210028084  0.35350844346659510
  0.36022378119213994  0.36682805559678594  0.37334106546309404  0.37974906228697497
  0.38607230753500876  0.39234203203179674  0.39853663380376786  0.40462059793758925
  0.41067990101140778  0.41669797149429744  0.42265125883597415  0.42855982496147188
  0.43442616329324785  0.44023886540356749  0.44600097910657005  0.45174341262310630
  0.45746976911117493  0.46316928048078138  0.46884633186039232  0.47451073755763301
  0.48016359179334711  0.48580626199928306  0.49143911390250983  0.49707589429967663
  0.50271347003676692  0.50835282474668808  0.51399394573181967  0.51963912548478042
  0.52529701595918166  0.53096708033443840  0.53664619029997673  0.54234728961842193
  0.54808013134879618  0.55383743276422592  0.55961938982165560  0.56544227525636792
  0.57130062273911519  0.57718174255098853  0.58309967985431976  0.58911291146098566
  0.59516754816349393  0.60125068179882801  0.60742917701690025  0.61368870104799766
  0.62001578038621574  0.62643431687880169  0.63296397961088147  0.63958345888575929
  0.64629810364144336  0.65315902956128358  0.66014276279125927  0.66724704817743141
  0.67459569521772611  0.68205507670260657  0.68969400021265359  0.69757837303186909
  0.70564772223286476  0.71405644877424235  0.72276091212818550  0.73180078560428719
  0.74124215581817288  0.75109182539150343  0.76149167248986294  0.77250390050870066
  0.78428983385655682  0.79697777476976983  0.81086314043002761  0.82631482005071732
  0.84419236962046040  0.86574567395338897  0.89967553036608305  1.00000000000000000
   1.8062569029129233E-005  -1.0000000000000000     
 F F F F F F F F
  <DiscreteSampler_grid>
  grouped_processes
  1 # 1 for a reference and 2 for a running grid.
  10 # Attribute 'min_bin_probing_points' of the grid.
  1 # Attribute 'grid_mode' of the grid. 1=='default',2=='initialization'
  0.0000000000000000 # Attribute 'small_contrib_threshold' of the grid.
  0.5000000000000000 # Attribute 'damping_power' of the grid.
 # binID   n_entries weight   weight_sqr   abs_weight
    10   10   1.153052264973975E+010   2.914177732158952E+020   1.153052264973975E+010
    11   10   1.153052264973975E+010   2.914177732158952E+020   1.153052264973975E+010
  </DiscreteSampler_grid>
