  0.00948556352122375  0.01647052727235390  0.02531150939772846  0.03613264372168380
  0.04654130035796615  0.05714532125971226  0.06755468159579966  0.07793677517344585
  0.08827668711909631  0.09869039361609629  0.10913703081329627  0.11927088061569442
  0.12945575996555134  0.13992002794859468  0.15059585997062769  0.16150276087768525
  0.17215766633914131  0.18276150493192611  0.19307358046798342  0.20346030488375919
  0.21386688954291813  0.22427658797648198  0.23449826803288001  0.24494338378280445
  0.25541170532583574  0.26578467016093421  0.27627454948265440  0.28675505747951963
  0.29755264254066432  0.30838362805117620  0.31935212487256870  0.33046251290878309
  0.34118665208178811  0.35186939198663542  0.36240036798226366  0.37304453065512649
  0.38382151253627883  0.39458199047604348  0.40537889176118169  0.41620896351404624
  0.42715642508052204  0.43820777217280160  0.44930848900616333  0.46010004526294557
  0.47099051873653758  0.48184826004861570  0.49255321741551056  0.50297758849463381
  0.51343416002460407  0.52391305451673731  0.53419383828529210  0.54427580872453407
  0.55455360173955370  0.56492697010267978  0.57570290002946822  0.58658942410887993
  0.59762464689212591  0.60826307151912506  0.61883968055438177  0.62957878632117525
  0.64048161464350606  0.65120076707210817  0.66182262189507468  0.67250962691946292
  0.68300854056638027  0.69327357542436829  0.70351947995234088  0.71391879033171113
  0.72441670506314781  0.73502569068858370  0.74568109637357594  0.75629089675276273
  0.76701944082291873  0.77727830742107862  0.78762119488082860  0.79768762820278938
  0.80771016791455941  0.81765010711199415  0.82780178123828685  0.83803507591429971
  0.84840065165214540  0.85862122146888042  0.86868666553070117  0.87867012562277091
  0.88854959290567304  0.89868241901621171  0.90893509357650260  0.91915230927202818
  0.92945448265969777  0.93988801588782334  0.95033359685278307  0.96079928979164286
  0.97106492321771476  0.98127970879067672  0.99130504091942184  1.00000000000000000
 -0.00224207788777351  0.00950756183437947  0.01986635130323810  0.03035009891794559
  0.04079082960503243  0.05118702031077328  0.06166019779184964  0.07221985423415073
  0.08262953048002444  0.09300511284541299  0.10308193316472712  0.11322449449483073
  0.12326816977225639  0.13387881325798923  0.14425360921470118  0.15496795362540025
  0.16574303403070359  0.17645675036133376  0.18691485603234989  0.19704573345541199
  0.20724347147053410  0.21766367461364722  0.22813855445812686  0.23856009312132281
  0.24901719008760406  0.25966707178070914  0.27016875310892002  0.28048721355666772
  0.29064091075576809  0.30085988016382498  0.31112264491137498  0.32142668382288642
  0.33185209413939193  0.34240280963351899  0.35296994402434362  0.36334768622049635
  0.37364598507608365  0.38413076091057757  0.39484511976647430  0.40570777504931455
  0.41644672765051127  0.42725424082354596  0.43795732661856474  0.44877111855466473
  0.45952026715007821  0.47018148639925733  0.48062809220466024  0.49099742684489456
  0.50149028809917906  0.51221750933445687  0.52274464572029988  0.53312776487585323
  0.54346633342016926  0.55392272383776453  0.56434042171317944  0.57446306720470519
  0.58465283582580330  0.59504785078768518  0.60556457482161719  0.61632503121904081
  0.62693166014315793  0.63773271003475596  0.64855486780801253  0.65973260239303833
  0.67037112368856067  0.68066998792210109  0.69092714286600554  0.70167097951203117
  0.71225142638475947  0.72288763050098304  0.73349947748837740  0.74414596673711852
  0.75475404109828959  0.76512701507015290  0.77574491335234674  0.78645941164888666
  0.79699537969074519  0.80754204289555431  0.81829802007906438  0.82965869602611053
  0.84103521798767278  0.85200384001206741  0.86240478745633609  0.87272170023642981
  0.88305339736039090  0.89375069904016258  0.90428717623696975  0.91471645936531154
  0.92522061335157402  0.93594093935772338  0.94672549253262428  0.95765580618285995
  0.96865765693080930  0.97929779389651761  0.98978980600054156  1.00000000000000000
 -0.00232941242909116  0.01046659257760121  0.02076049139061029  0.03078261965420383
  0.04082286116731319  0.05094841968648649  0.06141552843772029  0.07185418429234172
  0.08233912329818270  0.09255789787366585  0.10291315458450447  0.11307927577654805
  0.12340950957150332  0.13365601566555721  0.14389297654827554  0.15408989192386660
  0.16445711209184377  0.17519388727575058  0.18594542314953835  0.19654114479091001
  0.20717235502743050  0.21804131711532343  0.22891200170430478  0.23996850309041179
  0.25092592920375867  0.26227848971170026  0.27327787232747741  0.28405372531864043
  0.29481119992536786  0.30549647847470013  0.31619219955585087  0.32650186830694561
  0.33677432856817396  0.34696616193265767  0.35721722601864897  0.36749800030083757
  0.37783483983852140  0.38837356617188745  0.39897327218956125  0.40945742059974383
  0.41969012401594141  0.42989013716794533  0.44033656901570911  0.45094683582142581
  0.46158908576874047  0.47204934491780787  0.48238608590377136  0.49268670543323173
  0.50297301508448145  0.51335247544434404  0.52381978004185803  0.53414451504269800
  0.54424558784076205  0.55435746810161068  0.56468139395496530  0.57516625158450485
  0.58552528251513347  0.59567388951045586  0.60571695703256034  0.61589754121325890
  0.62641863340117754  0.63724743940373441  0.64792006532132151  0.65846632279031325
  0.66911825539158087  0.68000233663414078  0.69090744729006781  0.70174578154479472
  0.71268723617975627  0.72367730311518785  0.73431329724117311  0.74477047952910258
  0.75539760888263030  0.76636301546498786  0.77751379891432248  0.78845522394200607
  0.79904552733770928  0.80983953277639387  0.82068242204629915  0.83140868936249768
  0.84173500645463728  0.85177746285693201  0.86214578552593191  0.87250354584144429
  0.88301093845012746  0.89323078770209430  0.90371042617230379  0.91448414660099542
  0.92585616976886620  0.93711667394506948  0.94815280728682905  0.95875367387179034
  0.96895537767463957  0.97907178159808161  0.98943915361231838  1.00000000000000000
 -0.00324343500065289  0.02918237067121482  0.05024170558892745  0.06618632882381249
  0.08045538587490760  0.09422765320353003  0.10771913692150560  0.12038212257960224
  0.13238691889922793  0.14404404529234577  0.15578131737936277  0.16728777233621642
  0.17857927472486657  0.18930904558507386  0.19974625517213199  0.21027548008481267
  0.22109932766508567  0.23216563752446573  0.24306630971043358  0.25390584763676360
  0.26495434260662243  0.27582986822818623  0.28655810833335449  0.29702880537195026
  0.30735350709006742  0.31740041912446509  0.32724010065619552  0.33694733475642991
  0.34643039908503376  0.35566280415054669  0.36483737048830572  0.37396487969700948
  0.38290683676055626  0.39175595982762029  0.40075841641792093  0.40987831040542944
  0.41883453994210407  0.42747832432365140  0.43600987340623215  0.44458083414384741
  0.45314804945993303  0.46169103182269516  0.47021865550734238  0.47875696247121136
  0.48732658017889113  0.49577589390542853  0.50423544831865552  0.51294742076732336
  0.52146115641316293  0.52969561563095779  0.53792605977598673  0.54623817929875551
  0.55466196229956344  0.56305869543617582  0.57139627115128233  0.57958634889772787
  0.58780562921194224  0.59585368826080443  0.60379836998372804  0.61173244217568268
  0.61975442688441984  0.62793695826785967  0.63598857972226763  0.64397946806631490
  0.65203487778572777  0.66018926197026728  0.66833988077256778  0.67642627560119994
  0.68450522230645006  0.69265266841474749  0.70082658322643276  0.70900331816494611
  0.71728364528357258  0.72574183269825432  0.73445334310780686  0.74324082156357629
  0.75199292534052364  0.76098224659296898  0.77022994015397506  0.77977358111785555
  0.78946539780313629  0.79907937378004024  0.80901044433304581  0.81905621359163172
  0.82931427499623389  0.83967285343312603  0.85042879032174623  0.86165488426278958
  0.87337452041568975  0.88562728697019677  0.89880517404743265  0.91318774800943603
  0.92891545120115204  0.94712267055788057  0.97021050855803870  1.00000000000000000
 -0.00239150117574599  0.00960215915482783  0.02009751805786591  0.03097422818341342
  0.04184909403035650  0.05228077079853111  0.06287565873982533  0.07363864862320926
  0.08416079197002299  0.09460420991880590  0.10498221590644505  0.11538668430447500
  0.12581082782222447  0.13608361397906965  0.14652804689120086  0.15671875380498265
  0.16690777398364282  0.17697170621849259  0.18701903341870083  0.19717052330167814
  0.20735223539676445  0.21763864314148734  0.22811086864157903  0.23863581464950226
  0.24926240988895251  0.25965107976247470  0.27007429492377127  0.28058877804531657
  0.29126625000683470  0.30198127758641530  0.31271937649581816  0.32356571838860076
  0.33435988297347552  0.34506916848173752  0.35561320121089984  0.36593306729152070
  0.37644386538610070  0.38729546537115739  0.39834654456456092  0.40912596676623841
  0.41983436701755067  0.43055623076330568  0.44117805123722958  0.45162871200884386
  0.46209021454249122  0.47258744075918102  0.48346184243801554  0.49449185628433373
  0.50575218484084128  0.51668581523130541  0.52742054951458794  0.53792427290300948
  0.54842744666351195  0.55896649189398229  0.56953399213654676  0.58021368896582393
  0.59067580770208772  0.60136692959463611  0.61202639003988513  0.62299596411582514
  0.63387778424964236  0.64463327109938939  0.65529701170055865  0.66571018240187541
  0.67599937511453723  0.68643902233083087  0.69712015079434808  0.70828141226789043
  0.71875281442132966  0.72936935033513173  0.73996724402448977  0.75055747922100868
  0.76113435505342664  0.77138864010795716  0.78207226187578016  0.79255118356801901
  0.80278129362310580  0.81319071987842251  0.82344704330306295  0.83358089392154233
  0.84363141747924342  0.85396160145113975  0.86451608752061782  0.87493979531322241
  0.88526082761563418  0.89587375208994457  0.90627607662407117  0.91668665214389278
  0.92719478728167626  0.93773340939948513  0.94832792747027372  0.95858742551706555
  0.96876437674807092  0.97902992700450786  0.98943234882291620  1.00000000000000000
  0.02095288614394019  0.03118793062586459  0.04131712940022700  0.05140427735401232
  0.06158560852438505  0.07208423907904256  0.08256683123445324  0.09255003998120898
  0.10232878127921348  0.11201599783713907  0.12158537485148069  0.13085316981290102
  0.14003222801177900  0.14920666862648532  0.15830076954211431  0.16725378490264434
  0.17588759102763776  0.18445808203313277  0.19309500418788669  0.20171693979441122
  0.21027755045067767  0.21860213373600429  0.22687754852041650  0.23520749880652841
  0.24362283943796595  0.25200914289977855  0.26019647658814571  0.26823926971377898
  0.27627397337615206  0.28436556489515380  0.29270110642976066  0.30132904515089715
  0.30991841856024654  0.31841632706932510  0.32661526440416394  0.33465274105306692
  0.34263645607631066  0.35071608518303976  0.35906595450340156  0.36750273805147238
  0.37600353680688631  0.38467483639401490  0.39333571708508319  0.40189843027211086
  0.41032509731108741  0.41886231409343971  0.42752740916486354  0.43624481441056828
  0.44490226902072666  0.45334387366199330  0.46191829826519437  0.47074081995993816
  0.47950088303234190  0.48805568324920284  0.49665155232843111  0.50531516785069031
  0.51399884885220992  0.52270267096427547  0.53143297122683719  0.54038217413369927
  0.54942695595209257  0.55850019414356078  0.56764379215240013  0.57687389915482623
  0.58612509789483125  0.59527020245015627  0.60445208544185569  0.61376915711242186
  0.62319875108311462  0.63285033329902851  0.64286335784133586  0.65330874586055687
  0.66387225040972986  0.67407086764612678  0.68398314712148889  0.69381857476464326
  0.70366434289666302  0.71355644880531965  0.72358066767809426  0.73411551345541559
  0.74538368132002586  0.75708067336094342  0.76900018528787539  0.78097263485796597
  0.79319362773352597  0.80571522589627698  0.81865579690387036  0.83212102159544110
  0.84618864209748290  0.86062002166678875  0.87540236644532821  0.89255715306749672
  0.91131394576636449  0.93298061927611742  0.96023340748434416  1.00000000000000000
 -0.01034459655217946  0.05865733847873435  0.08342126365237745  0.09931509713060785
  0.11133373627856377  0.12168577285530116  0.13108027014664392  0.13976846774188514
  0.14795150993377398  0.15556012393027951  0.16285181462271869  0.16973977932797857
  0.17625164248764894  0.18258395052811469  0.18874723105943353  0.19451858895919075
  0.20022019616644082  0.20579532580916993  0.21124994825750207  0.21665349966485115
  0.22202047215142662  0.22737466302269238  0.23278787155247224  0.23825266667509054
  0.24366483512680387  0.24904720970427091  0.25448287045864754  0.25993719569223633
  0.26533702384205871  0.27070393247841373  0.27606107044623290  0.28147946543193231
  0.28699757107866425  0.29246259244046674  0.29790872389786294  0.30333167571162506
  0.30871876632217332  0.31410172215263382  0.31941748093806382  0.32474792911021705
  0.33018382187660256  0.33572127065143514  0.34131532193563696  0.34695030647444081
  0.35259507407766305  0.35820482558989314  0.36398301601868710  0.36975478828679925
  0.37571529440616930  0.38175747501365070  0.38781844014030425  0.39391186159800584
  0.40007250766812946  0.40631949793964955  0.41260867515316901  0.41892573550951695
  0.42529511263702940  0.43171458934982693  0.43823764207990540  0.44481698091307381
  0.45142700720769185  0.45805845425503555  0.46486191434038737  0.47184925801033489
  0.47900456618644000  0.48632471553420770  0.49379517591635969  0.50123443045645144
  0.50888466136944077  0.51661893258280500  0.52457579728157799  0.53275633722138149
  0.54111644815351256  0.54965688101132926  0.55833602727284259  0.56720362330432694
  0.57634853797345764  0.58586886451659692  0.59563993968932039  0.60551986028233717
  0.61578796059978413  0.62639318788153076  0.63740381360395415  0.64858596427241388
  0.66047856915929137  0.67329476266500587  0.68745277686061335  0.70277403515715653
  0.71906630439098118  0.73652936049697282  0.75551648585208009  0.77625075624617612
  0.80016357603418498  0.82994134723479118  0.87419436631114245  1.00000000000000000
   2.8228044882231790E-011  -1.0000000000000000     
 F F F F F F F F F F F F F F F F
  <DiscreteSampler_grid>
  grouped_processes
  1 # 1 for a reference and 2 for a running grid.
  10 # Attribute 'min_bin_probing_points' of the grid.
  1 # Attribute 'grid_mode' of the grid. 1=='default',2=='initialization'
  0.0000000000000000 # Attribute 'small_contrib_threshold' of the grid.
  0.5000000000000000 # Attribute 'damping_power' of the grid.
 # binID   n_entries weight   weight_sqr   abs_weight
    13   10   2.064855177420973E+000   6.492947873974385E+000   2.064855177420973E+000
    14   10   2.064855177420973E+000   6.492947873974384E+000   2.064855177420973E+000
    16   10   2.064855177420973E+000   6.492947873974385E+000   2.064855177420973E+000
    17   10   2.064855177420973E+000   6.492947873974384E+000   2.064855177420973E+000
  </DiscreteSampler_grid>
