 -0.00243375819722508  0.00920734207362920  0.01915036004062417  0.02938485647684302
  0.03962509777693332  0.05001905977080495  0.06039755267835339  0.07077304525903526
  0.08114370435976712  0.09166150088825906  0.10221616005841845  0.11252602702542425
  0.12294603360199376  0.13350247560692216  0.14409192988381345  0.15441448845511677
  0.16468580963044077  0.17516077633623658  0.18562136497478732  0.19609159445679872
  0.20653473223280025  0.21718983976187656  0.22787945208209315  0.23868239950464870
  0.24939259598210997  0.26026186464609591  0.27106831098451867  0.28212479510104782
  0.29302743253407637  0.30374310275793553  0.31436874999464659  0.32484932569936581
  0.33536313687820435  0.34581274903354731  0.35635750078688833  0.36696507195814876
  0.37758495517265872  0.38824808190329779  0.39884525618180167  0.40934761175805862
  0.41978988877170259  0.43022846346622312  0.44065333227274545  0.45117524236579587
  0.46177046485141371  0.47248257880399847  0.48322723154947128  0.49397054870164903
  0.50455073291088270  0.51493122054719165  0.52529594138413649  0.53569704526858786
  0.54614701228861184  0.55665383616138164  0.56718066237401665  0.57775170394293629
  0.58820899786386516  0.59864819062436858  0.60918036453627533  0.61984103193456597
  0.63048771986667451  0.64110362406400345  0.65173580762842609  0.66232363000616223
  0.67290468538248072  0.68340047304217544  0.69391523513703934  0.70436747647948550
  0.71481988824164855  0.72538224503018889  0.73585980101426807  0.74632599784940856
  0.75669969773776524  0.76703060483049257  0.77736344310772909  0.78783698294987459
  0.79831912314566678  0.80880944609263128  0.81929054226439868  0.82975891851374062
  0.84019408418190900  0.85053292771758093  0.86094275232801276  0.87149034204292708
  0.88213165532429016  0.89287091051702783  0.90374483557115448  0.91468536584259652
  0.92549997862342348  0.93622766451450923  0.94672167076985347  0.95735464358068190
  0.96793953752356887  0.97865985961220436  0.98932537919715979  1.00000000000000000
 -0.00265264053984385  0.00980550852035367  0.02022825407073454  0.03083820882498390
  0.04151188158855899  0.05210670639350867  0.06257854688969870  0.07304374510567291
  0.08348081108553033  0.09402900644061367  0.10456451070573318  0.11500686857139562
  0.12548642230111326  0.13594616615638708  0.14634305551467278  0.15692295478139517
  0.16748137862269616  0.17818814825053475  0.18877762940678525  0.19928687761839542
  0.20975948738123440  0.22028293369491084  0.23083137765199263  0.24151514610166139
  0.25218931793379956  0.26274955672267203  0.27314511966668342  0.28345773942756375
  0.29378108914227002  0.30408925495504724  0.31438143963123499  0.32484044497442394
  0.33524429170607817  0.34560235421326641  0.35603686404545593  0.36651998952166159
  0.37704266707488931  0.38755978787954959  0.39811961341412583  0.40891206517553808
  0.41968998081818976  0.43044161150921001  0.44086300729780969  0.45117506837025806
  0.46136055345996330  0.47153541813410865  0.48168705574378634  0.49204310132063572
  0.50242524708773872  0.51300063409910079  0.52345132274452166  0.53390892043957949
  0.54439317155762112  0.55477779808538574  0.56518876427379583  0.57555011763649933
  0.58603792137389232  0.59665596855485126  0.60711681673473283  0.61760437121398959
  0.62791656647750860  0.63837543858710288  0.64878234096924059  0.65931530631865409
  0.66977770648877821  0.68051128365647839  0.69120864356607381  0.70184642970866562
  0.71248853893262853  0.72304244592594091  0.73374222201751305  0.74421587570149872
  0.75467263832643883  0.76502813798114977  0.77540031247109598  0.78585978844478577
  0.79628754265161661  0.80681207961965584  0.81742591436294831  0.82828583706516645
  0.83912141963601439  0.84979237712872646  0.86041572199421068  0.87096011242005211
  0.88169052300938788  0.89248889170566748  0.90338422181149258  0.91424416691876442
  0.92503689487654428  0.93592567533287552  0.94667263285293080  0.95731467870790632
  0.96800863362834977  0.97867725623769120  0.98936904693440653  1.00000000000000000
 -0.00248285384277183  0.00973279406501299  0.02012913937545867  0.03077664128467370
  0.04144013591950732  0.05202229166261958  0.06267328955031622  0.07325637959506116
  0.08387472503001416  0.09430257092243031  0.10471943234935642  0.11508726493834276
  0.12552941988678024  0.13585910543103780  0.14615531964391223  0.15668185104191196
  0.16715323692473349  0.17776823590853699  0.18828890480796232  0.19927618114136933
  0.21005898660002650  0.22079139370332815  0.23148323977797436  0.24219241820717771
  0.25282507076701738  0.26335755107947095  0.27393124364480498  0.28466621217498933
  0.29535506309412868  0.30593915138928796  0.31640977238038653  0.32678976858684622
  0.33724350612653231  0.34764913073237191  0.35821994153231501  0.36889046695124400
  0.37961787165203448  0.39034932902127339  0.40089978414510574  0.41139431094573364
  0.42178864206246502  0.43205546161201136  0.44233288233775447  0.45260319980132813
  0.46322172201565709  0.47389335472964966  0.48453365224735595  0.49507965036214724
  0.50551594364974761  0.51606875126212759  0.52659285873580175  0.53707359887674155
  0.54755658304601329  0.55807103251846468  0.56867263839584814  0.57919707752375049
  0.58965588972507166  0.60013740163027429  0.61050000257944670  0.62081627341613455
  0.63115512355874848  0.64166972207236095  0.65217547765648198  0.66270262165510763
  0.67320330465712042  0.68362765880728715  0.69405100554106192  0.70449369248264471
  0.71498697985059889  0.72549674584505752  0.73598244514844546  0.74654850011661633
  0.75708515268811816  0.76751503720513181  0.77792956828705129  0.78836272746996106
  0.79882776357538809  0.80953103556696360  0.82032004885821264  0.83118981945743231
  0.84184126535540815  0.85239741942340796  0.86299503366575980  0.87358368479827919
  0.88421637981074241  0.89474020223739070  0.90534556454035819  0.91587644689786385
  0.92657323456490792  0.93719139337255852  0.94765871262670132  0.95828068825067847
  0.96872896495542793  0.97938969409323906  0.98964973162300751  1.00000000000000000
 -0.01783732332997099  0.09962165575936001  0.13361121220229968  0.15518424379630355
  0.17301447306823867  0.18846368855613693  0.20237685117895460  0.21510441092853788
  0.22692437676527755  0.23798338953374598  0.24842578095624024  0.25831976798795053
  0.26777830864343422  0.27683154697938567  0.28554180122412598  0.29397417284147381
  0.30206143738630498  0.30996674424930720  0.31762212835082709  0.32507414404083579
  0.33241678423173504  0.33951826601093138  0.34651704268353795  0.35340583122242386
  0.36014595007857270  0.36677921289594234  0.37331588108606861  0.37974174308047454
  0.38607638918748666  0.39234455866696832  0.39853431291978964  0.40462806704527798
  0.41069326800009182  0.41672110409523344  0.42265849308310172  0.42854977958741275
  0.43441218368131146  0.44023712187170966  0.44602319755107117  0.45179507443764200
  0.45754323525412560  0.46325787358371451  0.46894830198896459  0.47462569208628025
  0.48029008673764784  0.48593989099383372  0.49158139079073948  0.49722138949158801
  0.50286800630604211  0.50851249585017255  0.51415476344831768  0.51980074375846919
  0.52546271696756830  0.53114034421805967  0.53682712031246305  0.54253004791944281
  0.54826252813224774  0.55402496779376997  0.55981581097645361  0.56565370211991217
  0.57153048258201455  0.57743146627939412  0.58337497028613061  0.58939941999867840
  0.59546903911617344  0.60156943015839603  0.60777287382280498  0.61404791790617830
  0.62037703868370364  0.62678989196631507  0.63330461101890867  0.63990658850442872
  0.64661342445394954  0.65347491680351810  0.66046040518385507  0.66755992468684100
  0.67490778121615791  0.68237303865085475  0.69005049736374435  0.69797615675424662
  0.70606745455800535  0.71450476185235867  0.72322631204495347  0.73228179249333747
  0.74172654779305103  0.75158796140007544  0.76201516826159177  0.77306144052974546
  0.78488702521096465  0.79761289097429355  0.81151338060685152  0.82696826916568633
  0.84486428547564996  0.86651001156493190  0.90059283274121837  1.00000000000000000
   1.8067539825300710E-005  -1.0000000000000000     
 F F F F F F F F
  <DiscreteSampler_grid>
  grouped_processes
  1 # 1 for a reference and 2 for a running grid.
  10 # Attribute 'min_bin_probing_points' of the grid.
  1 # Attribute 'grid_mode' of the grid. 1=='default',2=='initialization'
  0.0000000000000000 # Attribute 'small_contrib_threshold' of the grid.
  0.5000000000000000 # Attribute 'damping_power' of the grid.
 # binID   n_entries weight   weight_sqr   abs_weight
    10   10   2.210480034004757E+010   5.625686343560887E+020   2.210480034004757E+010
    11   10   2.210480034004757E+010   5.625686343560887E+020   2.210480034004757E+010
  </DiscreteSampler_grid>
