 -0.00229008844895869  0.00951945923000816  0.01953841832547329  0.02982547505519991
  0.04014622958830676  0.05082659463633254  0.06169979482733924  0.07240516066962352
  0.08311019876841816  0.09376070789773328  0.10427292072282547  0.11466939433944333
  0.12505541296487330  0.13571497965502938  0.14622779732752236  0.15709284052520822
  0.16782691873196318  0.17876516775927939  0.18952476970327484  0.20016979868506452
  0.21079416531707629  0.22122002572368904  0.23169964444607641  0.24198085461970911
  0.25241212814769820  0.26288801658016953  0.27344719749283486  0.28429631387821341
  0.29505849389105998  0.30606218310320332  0.31689498935480109  0.32766385629641459
  0.33852137093045942  0.34927673769312395  0.35988989165493779  0.37032348835361117
  0.38083763166642415  0.39119534969065334  0.40162905949978783  0.41211373967985943
  0.42267190363859514  0.43302134949622795  0.44358940338227243  0.45393238304767508
  0.46423235603632129  0.47434827888088760  0.48469679493255091  0.49523174522562735
  0.50605588845554939  0.51708169353356859  0.52778617957677210  0.53830726959697683
  0.54898913594842869  0.55980681915007791  0.57054528697338136  0.58116148404018486
  0.59195224322694251  0.60263112823787790  0.61329619833235216  0.62378682174976119
  0.63417323224072430  0.64458419491290297  0.65507913215543934  0.66565538331722918
  0.67620750707229416  0.68664676046220863  0.69712480617932948  0.70757176344762696
  0.71832141425294627  0.72920342773153735  0.74021016097886017  0.75105223596433279
  0.76183952444457770  0.77237542629979428  0.78285032462786786  0.79324795619860666
  0.80363980933679480  0.81384815647514852  0.82404284563548980  0.83428911376239845
  0.84446625034495826  0.85436779415132669  0.86442764129028848  0.87473426124236986
  0.88513108337508895  0.89557455782620765  0.90602927585125603  0.91678066976005712
  0.92725065377171578  0.93762550796398259  0.94776655192087333  0.95792786080363668
  0.96837667100141389  0.97890875008567735  0.98944536094691715  1.00000000000000000
 -0.00247955242958668  0.00941124307674898  0.01969702213277706  0.02999495691714038
  0.04038596773910019  0.05057757674754945  0.06093343617902374  0.07133951863977446
  0.08173537959578964  0.09212175837271071  0.10250591614420979  0.11299698364072014
  0.12351815477270842  0.13410606974115286  0.14465006804760266  0.15501245477858330
  0.16545956592912789  0.17592039983097107  0.18636847224498376  0.19699619367074322
  0.20742594628411209  0.21814835438077626  0.22852436295870199  0.23918426916113542
  0.24977871186710027  0.26084953185542092  0.27190980268439352  0.28313430784271476
  0.29414744594353681  0.30490745988564416  0.31572666088053503  0.32663405201295220
  0.33764438800604185  0.34844089686503904  0.35925512031851503  0.37014258854850307
  0.38085208457054753  0.39145352953635570  0.40210789540792846  0.41274472278108243
  0.42319172332086952  0.43351492490840637  0.44392440807514910  0.45444354112016394
  0.46504406979356394  0.47568828093136706  0.48636782227010611  0.49683633637885505
  0.50723140540469513  0.51773428546556211  0.52828384858969168  0.53856672483750134
  0.54903504832078931  0.55956365634613880  0.57004498674670689  0.58023683533961545
  0.59021293619340476  0.60024212156770584  0.61042956522468705  0.62084450061983576
  0.63133029518807282  0.64199275519809351  0.65275045802527065  0.66346805694004307
  0.67391765381991486  0.68447298164217973  0.69477735906785854  0.70508495075841959
  0.71541869730924001  0.72570520194304744  0.73601000018763585  0.74622416202394937
  0.75687408396790368  0.76775457878057074  0.77870784863285569  0.78968930307478635
  0.80020694503853873  0.81086291977404878  0.82126958448888399  0.83185872373493341
  0.84210447671604605  0.85230540066767224  0.86262180181574999  0.87307984338275457
  0.88397157512328184  0.89499916605753638  0.90577295599355423  0.91634841691140367
  0.92675789995441127  0.93720923209065632  0.94758460133505373  0.95794878208682044
  0.96839904656337450  0.97895232616025551  0.98938719581390411  1.00000000000000000
 -0.00194919158043199  0.00915907455222364  0.01863479375850988  0.02907794072575781
  0.03933330771301070  0.05017927726349381  0.06108545501689383  0.07186013852647635
  0.08258232272156329  0.09299839412869881  0.10323199018159825  0.11348362742188221
  0.12380491071383476  0.13429676722261319  0.14465463979402268  0.15509263989741942
  0.16571630439371737  0.17637781928861734  0.18679495480428046  0.19722589172699939
  0.20774601225545467  0.21863070810156807  0.22948719167957804  0.24041503981791632
  0.25144753582937274  0.26248373798930341  0.27370264578674292  0.28485170890792355
  0.29585390938689266  0.30647210233447658  0.31705271841164639  0.32737562407668458
  0.33768143513417748  0.34786348527728422  0.35795811137445221  0.36821703076963541
  0.37864365999367061  0.38931970717456549  0.39992631670871592  0.41039862952350398
  0.42123727524197613  0.43206573843967855  0.44278387975220318  0.45332504729195539
  0.46391188873541428  0.47457186842657045  0.48517834280433952  0.49570126009398974
  0.50616360469556232  0.51654645511881547  0.52680909834169642  0.53716506273763942
  0.54757881437680911  0.55804585583866240  0.56841086154809872  0.57879146848613439
  0.58926638114778696  0.59991550666726812  0.61062034581624136  0.62137054736618791
  0.63196240976156348  0.64258843410863276  0.65315727768085730  0.66379073560026292
  0.67439828340007335  0.68507911283601497  0.69590007227121620  0.70684653756666094
  0.71758737860857758  0.72830871794520879  0.73877938890438688  0.74926045693786414
  0.75946794149372066  0.76961207026801548  0.77983537868506292  0.79002896617311846
  0.80010466823329429  0.81017455186757670  0.82068610033719602  0.83137913149939779
  0.84207865044628816  0.85283080789532972  0.86380153100877610  0.87471555505647147
  0.88509592569586892  0.89567551857604355  0.90612469848055988  0.91665108157419994
  0.92703540189319711  0.93728845388678117  0.94759376580206611  0.95780962892197952
  0.96845255258657770  0.97892582760539526  0.98939931348872812  1.00000000000000000
 -0.02038378839034404  0.12700366877947522  0.17582987297461955  0.20895170513766742
  0.23625310549931045  0.25964147706034740  0.28046644283223005  0.29938638646740445
  0.31679060234742545  0.33303225360240468  0.34833441631376577  0.36266227481018798
  0.37635140196797562  0.38927421476750157  0.40180463707085379  0.41380088880907179
  0.42539673639948117  0.43657423759517716  0.44739079654662944  0.45787155799406654
  0.46805058534032046  0.47794493542561434  0.48755648124826034  0.49691132613867317
  0.50603846272931308  0.51496180724979479  0.52368731009952296  0.53219119323679653
  0.54053080718525692  0.54864520958577379  0.55658487825338665  0.56434435465822519
  0.57192107743826914  0.57939170405202400  0.58668102253762966  0.59379988890958169
  0.60081930358182856  0.60770190921472067  0.61443881016737811  0.62106354234779648
  0.62755844588525933  0.63393192208306881  0.64024207507589825  0.64650213873419815
  0.65258428076976005  0.65859351170373093  0.66453481728346497  0.67034736934173866
  0.67607158355645747  0.68173783220066053  0.68733710605815779  0.69283366758237641
  0.69826413645378760  0.70366617013247090  0.70901424722681761  0.71428099640478804
  0.71948913929533187  0.72466409090998041  0.72979214693273597  0.73483221870897064
  0.73984889917008978  0.74483306369168611  0.74976863960553108  0.75465894950952894
  0.75952662399249526  0.76438980030574444  0.76924608561587859  0.77409509257268638
  0.77893008210161996  0.78376625086643859  0.78859126974695004  0.79342275376250426
  0.79826201473844316  0.80311502464970197  0.80799065342781939  0.81289411421674429
  0.81783071325407186  0.82281264557533706  0.82781801886144746  0.83291007431515540
  0.83814173857545682  0.84345821187817283  0.84885880246259826  0.85438516762553973
  0.86012675202368971  0.86604963331585672  0.87214038994529552  0.87858753158033609
  0.88546553986795862  0.89271355948786502  0.90073556104398700  0.90972240873292698
  0.92023561364105666  0.93368494645847067  0.95424716443786450  1.00000000000000000
   1.7312957772935550E-009  -1.0000000000000000     
 F F F F F F F F
  <DiscreteSampler_grid>
  grouped_processes
  1 # 1 for a reference and 2 for a running grid.
  10 # Attribute 'min_bin_probing_points' of the grid.
  1 # Attribute 'grid_mode' of the grid. 1=='default',2=='initialization'
  0.0000000000000000 # Attribute 'small_contrib_threshold' of the grid.
  0.5000000000000000 # Attribute 'damping_power' of the grid.
 # binID   n_entries weight   weight_sqr   abs_weight
    10   10   8.185753329150219E+004   8.399095790745943E+009   8.185753329150219E+004
    11   10   8.185753329150219E+004   8.399095790745943E+009   8.185753329150219E+004
  </DiscreteSampler_grid>
