  0.00947919928477416  0.01634490232013947  0.02632907053093866  0.03702172020503471
  0.04732493948968768  0.05760981679970977  0.06791091765519494  0.07825103314937908
  0.08864973235277895  0.09898225848936489  0.10928111045356180  0.11963451361184124
  0.13011725646652689  0.14073280830134827  0.15140732905763796  0.16207812477223177
  0.17262529462332268  0.18304305277453670  0.19349319286403321  0.20395879549440812
  0.21437619042211592  0.22473914201908829  0.23512567281884111  0.24553081347941452
  0.25600019203688823  0.26650613167041448  0.27693834134962170  0.28727867648977634
  0.29769814810401307  0.30819648922656601  0.31868688564138142  0.32910613776528347
  0.33959763431658907  0.35019705217506247  0.36078659915503325  0.37121581748757987
  0.38154877122254921  0.39179278654182498  0.40208786925686135  0.41236752830407669
  0.42277613748032267  0.43326101712411375  0.44385110443478859  0.45447112594545924
  0.46504188729425860  0.47560999915274332  0.48617866610558980  0.49668400808401708
  0.50713612671099462  0.51750643078514602  0.52800529300852372  0.53857597054051620
  0.54920807558532203  0.55972657969808459  0.57013363344489110  0.58056815649290605
  0.59124886747102101  0.60206266646514695  0.61275227556304457  0.62342787227692764
  0.63409200040402036  0.64466603837119285  0.65512039520697807  0.66556165858198890
  0.67612165808876101  0.68676289305467730  0.69739184447258695  0.70806923553336687
  0.71870977730199714  0.72930574141063231  0.73989324537097623  0.75045526968957088
  0.76107031031261085  0.77158862305601761  0.78199760991940248  0.79241976752529264
  0.80287518275089731  0.81356166022675314  0.82415395972059990  0.83470502623443910
  0.84527630607251236  0.85579275501250351  0.86645126053279797  0.87715793634858585
  0.88794151960677503  0.89853995884996685  0.90896127319921372  0.91934092511045429
  0.92983878854595980  0.94030802696734184  0.95089795980881342  0.96151588078093442
  0.97194826490681185  0.98177353347121166  0.99142929962655624  1.00000000000000000
  0.00000240672758476  0.00000265103141271  0.00000282371490645  0.00000297951379893
  0.00000313414659254  0.00000329079942947  0.00000345055257867  0.00000361258119045
  0.00000377767955642  0.00000394721411721  0.00000412050047719  0.00000429764264016
  0.00000448110588419  0.00000466874149946  0.00000485829648319  0.00000505415363243
  0.00000526488542636  0.00000547974296880  0.00000569855834673  0.00000592416766383
  0.00000616361850794  0.00000641224047686  0.00000666869354959  0.00000693978711104
  0.00000722264221244  0.00000751268524377  0.00000780123003138  0.00000812085214091
  0.00000845124390912  0.00000878858707657  0.00000913968090953  0.00000951533345681
  0.00000990564510833  0.00001030676585172  0.00001072701789355  0.00001116972252903
  0.00001162967421935  0.00001210544063181  0.00001260547284240  0.00001313788706227
  0.00001369080614956  0.00001425662004270  0.00001486839176764  0.00001550562367944
  0.00001616120374466  0.00001683724927422  0.00001756553134384  0.00001832936627656
  0.00001911925934461  0.00001996601986155  0.00002086525614114  0.00002180750840474
  0.00002275218513308  0.00002383848075504  0.00002493101384656  0.00002609419976635
  0.00002733315774354  0.00002863666115022  0.00002997490284174  0.00003144024357987
  0.00003300722081683  0.00003464905702493  0.00003640224302062  0.00003827972614670
  0.00004027355381852  0.00004241576181576  0.00004473896068052  0.00004719046095505
  0.00004989400361229  0.00005281886612653  0.00005596534524331  0.00005941563295874
  0.00006318399157726  0.00006733976631749  0.00007200579567352  0.00007714270479183
  0.00008292199067690  0.00008937163574054  0.00009681904580578  0.00010532343590652
  0.00011514684057366  0.00012673230919773  0.00014048305948022  0.00015697920754824
  0.00017666805014990  0.00020115089616902  0.00023187989283627  0.00027197718981054
  0.00032823091841112  0.00040704439772328  0.00051554849996507  0.00067733051007938
  0.00099740017263819  0.00153717996227443  0.01819558359261173  1.00000000000000000
 -0.00240943475318052  0.00958546191574042  0.01981604148101094  0.03025562335486980
  0.04083761767472402  0.05114286167592729  0.06159921568344305  0.07192094665961030
  0.08213869654626449  0.09252091160520179  0.10286164328334307  0.11343235171824313
  0.12387068209483909  0.13418232623268783  0.14460814100624378  0.15499191134099669
  0.16551906379863682  0.17610166773461294  0.18673722745234697  0.19734022039662635
  0.20797386363243817  0.21861237330674890  0.22924605338788029  0.23978231177508572
  0.25032318403250492  0.26090150200823803  0.27139122336875815  0.28168289724490153
  0.29193792775510202  0.30216559360496004  0.31259267589122219  0.32305823358000008
  0.33341971275438836  0.34382771213833996  0.35424160842199132  0.36490738501523728
  0.37554208397029865  0.38632847945805510  0.39715524817481085  0.40796372771737277
  0.41868752991023089  0.42931022045017686  0.43981945239924231  0.44999373205890564
  0.46016956564374001  0.47041362365566564  0.48087826083186752  0.49130922214905548
  0.50164633893612598  0.51206290031212687  0.52261450550108757  0.53336497145587147
  0.54414444785987059  0.55475322109634850  0.56528780759723452  0.57580287560189503
  0.58637535013713704  0.59702840683419522  0.60763837689788225  0.61821028931769773
  0.62887799101123121  0.63947240582741416  0.65005876533718598  0.66065040905124972
  0.67124007809506359  0.68178388648734667  0.69214890324769263  0.70267516387647011
  0.71330921734810859  0.72385742246454132  0.73435745021837018  0.74491040869184411
  0.75562656162931219  0.76642984176344253  0.77705718223734754  0.78764667975628511
  0.79817153225622683  0.80872256812103804  0.81931411282579647  0.83003673956970825
  0.84082310086580381  0.85164491351071592  0.86251511076502030  0.87326580137064813
  0.88397056311767697  0.89452391727638281  0.90497930961839923  0.91544632858578612
  0.92595382178633856  0.93662893506877087  0.94725252335832721  0.95784273339963322
  0.96844023094002130  0.97901199498748537  0.98947620506812006  1.00000000000000000
 -0.00236370914940074  0.00949900968875157  0.01948198543217725  0.03023664386948506
  0.04105109520999291  0.05166808186343998  0.06230235521353999  0.07284121606538931
  0.08337101659108524  0.09353989620693864  0.10383240776237330  0.11437421493097800
  0.12496166427541953  0.13550316421354655  0.14598446597176232  0.15655396491958834
  0.16719693997328633  0.17770691992270993  0.18810313326895700  0.19846470369331398
  0.20895648587303306  0.21959134779493455  0.23027529788931198  0.24106762532721460
  0.25181153348922425  0.26244015119240582  0.27299478636719299  0.28351441680409023
  0.29404378678298332  0.30458819512273150  0.31522344029306676  0.32610926830288128
  0.33672203514846222  0.34714706490285197  0.35762976103314909  0.36796457782490738
  0.37826794239055472  0.38850938867174045  0.39899158741519369  0.40970859557017369
  0.42028329778358492  0.43092024177069332  0.44159721692599124  0.45231367547602302
  0.46290576895766739  0.47342500105177188  0.48410481602338173  0.49475365441365937
  0.50528338859485722  0.51560561259079507  0.52625134308445198  0.53695479895490517
  0.54763474397064005  0.55810548416730743  0.56850477039796776  0.57878226378179831
  0.58924138584057462  0.59975149173192455  0.61016952250058365  0.62041595051874310
  0.63075149436273104  0.64128092420325000  0.65173918318168478  0.66232868347284957
  0.67306754097394206  0.68390604147332235  0.69455534994744528  0.70497457907081063
  0.71518743474769864  0.72548091189567698  0.73604850172765224  0.74672308267625243
  0.75721828016215553  0.76778957975581075  0.77824461457405436  0.78868520923171592
  0.79910888223089083  0.80955854459975374  0.82020895764625323  0.83065313713693034
  0.84141191019685890  0.85193658669296302  0.86274950031043096  0.87353403657322082
  0.88422880092890532  0.89499971770405384  0.90562827600462548  0.91629236400262026
  0.92697281799291831  0.93768257859271931  0.94813145238074181  0.95833308169915321
  0.96856813479657966  0.97895478509418243  0.98944139645322193  1.00000000000000000
 -0.00256366118107433  0.00979006627496052  0.02014237427309712  0.03075698592797801
  0.04127851954625240  0.05194791271734425  0.06288281213830532  0.07345504503899403
  0.08407703387692271  0.09441365488229961  0.10479961156739659  0.11517838839983928
  0.12557581840919529  0.13632076729832696  0.14690768279698774  0.15774680907440977
  0.16855280557565516  0.17938108910949355  0.19007318646663690  0.20072638474545221
  0.21127318397392580  0.22169607100987290  0.23197497467109235  0.24227624348241328
  0.25273779170596794  0.26353883479749840  0.27413369108447144  0.28464948744927665
  0.29522476998801800  0.30615965192879141  0.31705484106911758  0.32786557950447653
  0.33840887771126665  0.34893785624321660  0.35943490151687263  0.36996466376018156
  0.38035336678634224  0.39079770888287230  0.40133583225938546  0.41201500141615777
  0.42263198861202644  0.43321267127011986  0.44388344552126602  0.45458512682141061
  0.46508922537509667  0.47555801587065799  0.48578095039662128  0.49603089739617257
  0.50631758443154562  0.51676665334339689  0.52725720985955060  0.53774846552970201
  0.54832466724393281  0.55889670325743301  0.56951052182571937  0.58018518307890343
  0.59076574494752965  0.60134110824099152  0.61183645354898308  0.62233811366626757
  0.63290460927219450  0.64351771942375702  0.65427413278377144  0.66504266113207322
  0.67571557670840798  0.68636585498827540  0.69702031891971328  0.70762035122229228
  0.71821784832722324  0.72866438594955085  0.73916732621673154  0.74967650449284184
  0.76022713681440757  0.77090699843639166  0.78161797114002385  0.79226028067547205
  0.80280436485743534  0.81337228067688006  0.82389711423795231  0.83416403305752695
  0.84431559763554154  0.85452986046299106  0.86492819712936053  0.87528799155586978
  0.88557046726672550  0.89576611412958018  0.90596703830670533  0.91614381412300971
  0.92644616274505154  0.93683445405616805  0.94741194346845670  0.95788675521378597
  0.96853410043528032  0.97889616015565117  0.98944079784079175  1.00000000000000000
  0.02206702305993568  0.02963324779097063  0.03599776670483613  0.04276163056098595
  0.04980518602217478  0.05691578429929330  0.06401647666701619  0.07108387683859579
  0.07810412517597512  0.08510632346138437  0.09211756866568412  0.09917057803839337
  0.10632707080098103  0.11355854019912653  0.12084579449710248  0.12824450202840590
  0.13573103959448585  0.14327606248393079  0.15086544941620803  0.15847771111220349
  0.16611265652244586  0.17377818725050348  0.18155665558414910  0.18947929188497351
  0.19750782494272384  0.20563288437565158  0.21391607470229501  0.22239728086434940
  0.23090561933572201  0.23941215290431500  0.24796352157239762  0.25649638286708148
  0.26511287838771569  0.27370585787945834  0.28224479539071073  0.29084367620207535
  0.29966228283573848  0.30873112784530382  0.31798926765474461  0.32736560484615257
  0.33671391933606742  0.34610728573802857  0.35558546419484816  0.36513450894107391
  0.37473067824544926  0.38436308323204360  0.39404070994514362  0.40371941150222174
  0.41344839248954096  0.42323364729373564  0.43305094423549967  0.44285579396577468
  0.45266840365268385  0.46253044519422060  0.47248838525488379  0.48250659182198941
  0.49262007991133117  0.50278504939894442  0.51304631846716953  0.52340165030616814
  0.53383658420573055  0.54416622197306574  0.55436172899169711  0.56451424203814438
  0.57477146750669939  0.58511517919652123  0.59559450552361803  0.60619368975495391
  0.61690730192381260  0.62764136920247449  0.63835533932855526  0.64904992017780161
  0.65981095777583054  0.67062219735447826  0.68156281907287808  0.69263910741433143
  0.70392836215951238  0.71521948467962282  0.72652863983927762  0.73780757456776502
  0.74914385532374062  0.76057102355304163  0.77222191002228702  0.78428235151019032
  0.79653885169902949  0.80902676501768611  0.82176470350536501  0.83499427571544704
  0.84867254750803367  0.86299463061135184  0.87793428867197953  0.89374767244697384
  0.91089595968923531  0.93063185483922994  0.95732653471711737  1.00000000000000000
 -0.02358832888806098  0.11191238150700526  0.14523178142766735  0.16602104544993404
  0.18263840662309672  0.19680444488581775  0.20944577636969178  0.22104100039791733
  0.23190345337121826  0.24215131082288244  0.25180069478404599  0.26086289900564297
  0.26962754492726548  0.27797873208040880  0.28602499890829786  0.29379719951375427
  0.30127907374161916  0.30868894549432080  0.31587938994587744  0.32289495022043391
  0.32975540057250180  0.33646154486158519  0.34301043423060690  0.34945715082116097
  0.35577759030620565  0.36196886438894288  0.36806709242992980  0.37405754156165544
  0.37996570807723395  0.38581890554326514  0.39162097411194946  0.39733288614246648
  0.40297815924595026  0.40858793480548111  0.41416970135531095  0.41971344151407336
  0.42520681350090578  0.43065924133595573  0.43609099704532056  0.44152436330795009
  0.44698377039278669  0.45245919416126984  0.45792170250724595  0.46334125575417473
  0.46871379110423878  0.47402845004741712  0.47933044722412749  0.48463651719670348
  0.48994946606825335  0.49528381812843042  0.50066358921990950  0.50611294536292561
  0.51160028787848522  0.51709056377377238  0.52258446088130728  0.52810415956453438
  0.53363897623962642  0.53918132406686792  0.54475949211701391  0.55039576376171873
  0.55609206286965562  0.56182738441830227  0.56756631710991901  0.57334327716604061
  0.57919067998851004  0.58511457943908607  0.59111237537031791  0.59715089153705470
  0.60326885029766220  0.60949342631402714  0.61583695313055298  0.62224984967933894
  0.62877887911999120  0.63552685331754166  0.64236194261302515  0.64935425218118159
  0.65646114827620672  0.66371939957064074  0.67123324275549001  0.67899689158854015
  0.68690014823719636  0.69510580408767286  0.70354219856831879  0.71246095587709690
  0.72186086447500719  0.73174998766682275  0.74216172739036457  0.75312704999246283
  0.76481706563047736  0.77746671567667469  0.79128392094344846  0.80670733884460732
  0.82511292620253995  0.84858839905025785  0.88610998656097650  1.00000000000000000
   2.3042014515313317E-006  -1.0000000000000000     
 F F F F F F F F F F F F F F F F
  <DiscreteSampler_grid>
  grouped_processes
  1 # 1 for a reference and 2 for a running grid.
  10 # Attribute 'min_bin_probing_points' of the grid.
  1 # Attribute 'grid_mode' of the grid. 1=='default',2=='initialization'
  0.0000000000000000 # Attribute 'small_contrib_threshold' of the grid.
  0.5000000000000000 # Attribute 'damping_power' of the grid.
 # binID   n_entries weight   weight_sqr   abs_weight
    13   10   6.170297267571000E+008   3.353483326657185E+018   6.170297267571000E+008
    14   10   6.170297267570726E+008   3.353483326656863E+018   6.170297267570726E+008
    16   10   6.170297267571000E+008   3.353483326657185E+018   6.170297267571000E+008
    17   10   6.170297267570726E+008   3.353483326656863E+018   6.170297267570726E+008
  </DiscreteSampler_grid>
