  0.00297249681468907  0.01190680043286699  0.02271292146986540  0.03298786153331834
  0.04362592260023236  0.05432392171178275  0.06502799425618379  0.07523989738063692
  0.08556741880438939  0.09606288384489454  0.10661792830671654  0.11690186246888631
  0.12713826344376028  0.13743001446224121  0.14769778465222702  0.15771336728604898
  0.16814623745132146  0.17889326360649999  0.18941009596523301  0.19979395435252664
  0.21027297003571271  0.22096968215458002  0.23153016886332670  0.24187254942616673
  0.25240111610118193  0.26323300823498896  0.27383554412218969  0.28400053758493110
  0.29409417727263587  0.30442271303258850  0.31495460161187033  0.32586100845813704
  0.33646307198095254  0.34714775996992259  0.35757344788527451  0.36827531684323578
  0.37884426775197483  0.38948394402475178  0.40007552184603601  0.41078463029755502
  0.42171125001156429  0.43262114073771973  0.44344260729468843  0.45395690373437475
  0.46480746443456822  0.47584671492612796  0.48661760517487174  0.49740737858030554
  0.50777654776131220  0.51810586425201977  0.52850035889292912  0.53906837507160033
  0.54961512586971784  0.56012569164859749  0.57056680302815521  0.58120789588283472
  0.59133961452894734  0.60150427327411071  0.61174393491500745  0.62222818937402558
  0.63253512506897647  0.64296356100024366  0.65317822497961187  0.66330043824758500
  0.67353327333380220  0.68374819162273348  0.69392777140566553  0.70396915680762551
  0.71401548737348353  0.72431798917933532  0.73472622462599135  0.74523263262967077
  0.75557083657028523  0.76593853846766868  0.77626064732187761  0.78677470230344559
  0.79726777895487388  0.80775175710102387  0.81819457980810650  0.82861801173236116
  0.83893057614595523  0.84921073298453487  0.85961032861318420  0.87030035772129721
  0.88112871895515532  0.89195056270639206  0.90263379672828836  0.91323722720214262
  0.92372813917099506  0.93424826554149765  0.94486875881985455  0.95561368648998757
  0.96639629233550084  0.97726842510008349  0.98841890819484446  1.00000000000000000
  0.00955597900073244  0.01671473353623065  0.02689377272490994  0.03777206827475478
  0.04810570523320869  0.05862097859301242  0.06931208718889879  0.07999248607292608
  0.09035407620340420  0.10038449015523646  0.11046866370621553  0.12062593946887530
  0.13074097384611758  0.14094944118987429  0.15129068771405746  0.16180778599018916
  0.17230078445235628  0.18276630052781728  0.19314329396752161  0.20340113136810822
  0.21368220364690996  0.22404517455755552  0.23458907552079594  0.24526878879650316
  0.25599574863383562  0.26684308905454007  0.27768029004319100  0.28849696165629296
  0.29911664466524224  0.30956800316377908  0.31999800465080314  0.33028052794935925
  0.34061666153331976  0.35097777352512999  0.36128577564512665  0.37156586818510545
  0.38205754642100376  0.39302488255210266  0.40405064628922682  0.41501218198222706
  0.42567628451893624  0.43632055420539406  0.44675226446608673  0.45732483633715165
  0.46781006642162337  0.47828968502061325  0.48870145069415910  0.49928105329343442
  0.50980179394820357  0.52020542216346088  0.53047794768752288  0.54073853562542773
  0.55117328087314144  0.56142980781768592  0.57198724146569146  0.58262955713529352
  0.59341618333389023  0.60418439105147048  0.61477046217189701  0.62537344425368124
  0.63584758469045621  0.64634657038985477  0.65678284275885079  0.66721523109589420
  0.67777809821394441  0.68819631514022128  0.69861228158800237  0.70898639817097431
  0.71958466874173399  0.73012600408236850  0.74048042354075772  0.75090663911072075
  0.76134969712575740  0.77178258984692494  0.78192086538828376  0.79205591537761910
  0.80224546224675886  0.81252944332422528  0.82270050336254141  0.83283619328069569
  0.84318344217933672  0.85376234217407487  0.86449068137163831  0.87521885218102835
  0.88608475081514426  0.89693320424677481  0.90734102934532845  0.91787866391900719
  0.92867331978345580  0.93964021446822132  0.95018824365013788  0.96078774220835239
  0.97118211914457342  0.98172442935542370  0.99144657054425711  1.00000000000000000
 -0.00182958363470440  0.00710519942943066  0.01503126900517287  0.02329407589584119
  0.03175273374519540  0.04035796308952743  0.04912320800650967  0.05788926668181239
  0.06688565926012183  0.07603642571441267  0.08531253916693504  0.09471732270353456
  0.10437014205763886  0.11442828108611386  0.12485143498062976  0.13545159346948282
  0.14603477714912297  0.15657710913981915  0.16716233437052991  0.17803959954836560
  0.18912913291990063  0.20022638859037220  0.21118925422611265  0.22199022331811999
  0.23309679399583333  0.24428873243818303  0.25554081433316972  0.26684658524246119
  0.27832908179813454  0.29004275590869694  0.30205938651024161  0.31411730540908539
  0.32591174750484264  0.33784195319365901  0.35039804280268355  0.36328410639820313
  0.37608786572614222  0.38882009494083186  0.40180538440603697  0.41524072223888020
  0.42882832636630791  0.44230911970262637  0.45567936704873602  0.46898744860540759
  0.48228541845753520  0.49545083828603231  0.50849543533735098  0.52125740296067746
  0.53402165961253401  0.54667174376422178  0.55914502800329224  0.57148403461951558
  0.58370092860580425  0.59570141837823909  0.60757930563921314  0.61960793683728599
  0.63170481361964059  0.64373941805787471  0.65556504841700070  0.66712056408791032
  0.67856290837633493  0.69004266970110906  0.70154502513403239  0.71279896509480656
  0.72364841029711058  0.73430745452258639  0.74472122278466768  0.75502275728226342
  0.76514952932223412  0.77525913722995565  0.78535104267457634  0.79533304769064872
  0.80551927842528515  0.81544945435663396  0.82514683066505212  0.83463645199961611
  0.84397909740347687  0.85312848217354664  0.86203139335203116  0.87080251285926924
  0.87967315079377717  0.88855946919039730  0.89721669621692146  0.90563493078851043
  0.91396093189510630  0.92223400038558279  0.93039368173524528  0.93845865740094525
  0.94642070305113357  0.95431949861188647  0.96219383804088621  0.96997485946499862
  0.97767240481582662  0.98524995253600545  0.99267219163304088  1.00000000000000000
 -0.00249349796674026  0.00968397356242160  0.01988207374297720  0.03014108116437434
  0.04037750063458973  0.05050137524440683  0.06069025044661366  0.07094696077938308
  0.08121616409169778  0.09176579572033684  0.10206073399448308  0.11271085856473555
  0.12323338399546328  0.13381828620682112  0.14413710937455698  0.15467309664504114
  0.16531870450433447  0.17583283780458964  0.18617620194588963  0.19639576838748637
  0.20682996697567405  0.21738051403439518  0.22811659722115182  0.23900496989166173
  0.24979649214936456  0.26065430404279138  0.27140898455193596  0.28236073956964619
  0.29330830219973453  0.30382844830578543  0.31427020196921784  0.32439183742655581
  0.33445525252973457  0.34449563978193570  0.35461122874939305  0.36493953343622071
  0.37535613709041743  0.38585451944212062  0.39627732113056935  0.40646923223487813
  0.41663088049135488  0.42697248365362300  0.43748946994487403  0.44811280767034739
  0.45892073243585657  0.46969193869592857  0.48046512201004654  0.49112827508827817
  0.50190889150541429  0.51259811377035425  0.52316283869531055  0.53363293557233726
  0.54421257398283507  0.55477060328412009  0.56528306052964361  0.57575891657550371
  0.58638103848862300  0.59711926959153616  0.60786413110537252  0.61864181297557597
  0.62917292289898707  0.63980716341332811  0.65052793120385999  0.66142025043343766
  0.67205811965412710  0.68223222676746320  0.69254871649568583  0.70295671213181488
  0.71351424338262015  0.72399210931400648  0.73458281502177503  0.74531494057286851
  0.75604916518276444  0.76676124147366631  0.77754606642951407  0.78840141917938178
  0.79905997245139382  0.80961964220561911  0.82023172254952337  0.83111050748252580
  0.84191302903718968  0.85259760887119262  0.86318336286753894  0.87387114391027676
  0.88472874257246437  0.89577230650525597  0.90616233335945906  0.91655985906583703
  0.92671792532351038  0.93716867459230047  0.94744933641915141  0.95789054191039391
  0.96845888545404335  0.97915718909489347  0.98949538890769473  1.00000000000000000
 -0.00214354685837131  0.00962449502252074  0.02012297744005554  0.03081544420345087
  0.04136874583371048  0.05178118411175289  0.06193537041837450  0.07239302075872274
  0.08253415748775321  0.09319488108201655  0.10372253391359063  0.11426793860449061
  0.12450963521940450  0.13503846083875376  0.14522476962022801  0.15554077174535630
  0.16570695373843311  0.17615280648959983  0.18643681446842675  0.19709724917681898
  0.20755233962956843  0.21846912646133035  0.22902349988945780  0.23980705341334585
  0.25044184767223421  0.26098008121051325  0.27167688595490797  0.28234263619884059
  0.29275049289439026  0.30286401649038186  0.31303021038033463  0.32392346588269344
  0.33480359495623591  0.34563693341818608  0.35640904324733091  0.36706006044517681
  0.37756429759084326  0.38797201162166101  0.39846815049375894  0.40917054148708676
  0.41977342243656496  0.43042411724057872  0.44092880835751158  0.45135869069020734
  0.46181774118189611  0.47237172525369625  0.48281027370941615  0.49321214965740695
  0.50339416842679885  0.51384694986175505  0.52415424450675729  0.53428923860769817
  0.54443355894426948  0.55475863610799714  0.56520370935368025  0.57575624737666842
  0.58617797449483466  0.59691289345198584  0.60770858742529887  0.61859602178336115
  0.62939860870246045  0.64013893851897963  0.65070843414783086  0.66145901557618980
  0.67209250671644205  0.68268808992540742  0.69335745768957469  0.70396061611567107
  0.71468328327284192  0.72525753990787478  0.73603110852478859  0.74681025421741054
  0.75751059062323467  0.76818319524397971  0.77881532427466205  0.78929923002534252
  0.79973156073037055  0.81016046954257459  0.82075966772285669  0.83128179756741838
  0.84170268222919387  0.85197276991581705  0.86222201840169921  0.87259487653599710
  0.88292475450913255  0.89335879327433787  0.90387399652769085  0.91456664693500500
  0.92522582031398870  0.93577853840192249  0.94648119588648327  0.95718950709995998
  0.96768664357440959  0.97819564266409187  0.98894903088100561  1.00000000000000000
 -0.00221882044789366  0.00890772989951303  0.01859339720390501  0.02895941098182878
  0.03948030847819044  0.04963379254468702  0.05983019621140610  0.07034716196662064
  0.08084465093844029  0.09136632488027922  0.10152323765703658  0.11187384972300872
  0.12216708041523539  0.13268303007742396  0.14339587649481547  0.15405634836635240
  0.16490086972727777  0.17578704685553395  0.18699403500081108  0.19824898594351237
  0.20949062435882249  0.22066124029113560  0.23153710801316568  0.24244634628260062
  0.25338299102521677  0.26408764645982630  0.27481085787977760  0.28555983057014123
  0.29620931703168957  0.30682764082934932  0.31713202368765453  0.32769917481626032
  0.33810400215112052  0.34887943600711713  0.35937458304823044  0.37005535411841972
  0.38022928946790657  0.39044837668203225  0.40040390738109866  0.41062631563326740
  0.42098216525537291  0.43170392976548094  0.44249728328053423  0.45359910280715771
  0.46455234644356347  0.47561896541303389  0.48652419014956166  0.49737138037223222
  0.50793729605300908  0.51843652687570563  0.52909213336464955  0.53975960093829267
  0.55046197637453587  0.56117507823543433  0.57185005946413026  0.58265702345319403
  0.59326901412499511  0.60370316249182321  0.61387424363513232  0.62397275028774990
  0.63426481011250058  0.64466128661912914  0.65505265844541161  0.66538961821454878
  0.67574456125523330  0.68611234895240092  0.69655619950697534  0.70723185617576156
  0.71804908242863952  0.72877557375530932  0.73943028258076293  0.75008297786292466
  0.76063097868478202  0.77105935234231360  0.78138287565267939  0.79179842354314345
  0.80240262748815927  0.81299544354379361  0.82349626335869430  0.83376811657286298
  0.84390522193463335  0.85386688941646893  0.86382648529818074  0.87388091540061119
  0.88426588570934472  0.89467787787340614  0.90516263404719610  0.91571735908822771
  0.92627068622920206  0.93668745127593434  0.94713347870958364  0.95723727501399658
  0.96763680643326988  0.97815564998927573  0.98903236213218593  1.00000000000000000
 -0.00281560963439921  0.01183988742146001  0.02419119494870024  0.03692319029720643
  0.04973846936962773  0.06228186121700482  0.07452843731409438  0.08657048444447818
  0.09841839436176796  0.11013525453043715  0.12163514165049344  0.13305252730944223
  0.14447092456130539  0.15585654381630434  0.16703455930543326  0.17806593216615585
  0.18913010676864009  0.20023545567310946  0.21122083853194354  0.22192489711085855
  0.23240027150657094  0.24268597109362244  0.25279080132560749  0.26274910332456403
  0.27271874233807258  0.28269628877745151  0.29249323968561025  0.30206290462835544
  0.31164185219603824  0.32142235141663300  0.33112645983869393  0.34071648863659926
  0.35027150356593673  0.35989647917994289  0.36960119852915213  0.37925366757971180
  0.38887691143252795  0.39830252532743210  0.40757779337816014  0.41678668280173609
  0.42617420057434707  0.43566958424674535  0.44508657509659016  0.45460365459878493
  0.46429523239248666  0.47388401713441486  0.48336211752950747  0.49249872971310055
  0.50179262112509293  0.51113760251067863  0.52047930899909045  0.52995892914434684
  0.53955900880007324  0.54925560338846202  0.55895105514830246  0.56873813887186353
  0.57845386547596467  0.58797879442678691  0.59741665684265832  0.60688851655228726
  0.61657742723962661  0.62615281627282937  0.63583562288134721  0.64543577405537478
  0.65514775921243651  0.66490085912425267  0.67476582408704766  0.68491092033620893
  0.69529802261824480  0.70583079328726617  0.71631433409227618  0.72670812490360437
  0.73699406049560678  0.74721935602449041  0.75758433932037850  0.76813893170635184
  0.77891290665541180  0.78961949712902046  0.80021459873897383  0.81076338877307874
  0.82134151889827178  0.83202955407944179  0.84276907402174417  0.85356095235113549
  0.86456712017011594  0.87591345689374522  0.88770268817815834  0.89973636156970238
  0.91176189625392201  0.92366557363152535  0.93571173187521961  0.94811142637207346
  0.96079294612619959  0.97353034211992984  0.98667458776753458  1.00000000000000000
 -0.00234259632396449  0.00956806558091157  0.01963609079700192  0.02997504609887421
  0.04033195051291646  0.05098520285234041  0.06166358375905788  0.07206866448231582
  0.08252532754633378  0.09317613447382780  0.10404748778402395  0.11522092107939566
  0.12594419522262335  0.13621001389777906  0.14635916700401363  0.15689404641873531
  0.16743904987867639  0.17771412485819668  0.18791500017700810  0.19848001666007090
  0.20904494909302554  0.21977399164001657  0.23052634837948738  0.24127266564404204
  0.25202638165286145  0.26250693472079573  0.27305301148593147  0.28340902107477345
  0.29407281966806065  0.30470878477111168  0.31540224441198511  0.32613679605620627
  0.33670410093151321  0.34722126290015487  0.35759514785632085  0.36801044567499380
  0.37841040251804653  0.38886262701824592  0.39934189433208467  0.40983133849149139
  0.42026973027529291  0.43039880785244544  0.44066079014484499  0.45072171686164325
  0.46080754820549941  0.47095588872317168  0.48137479578099179  0.49267822985946114
  0.50361753924332409  0.51453748518922882  0.52525322591595303  0.53607110306908967
  0.54663273969014059  0.55709158148690341  0.56739540217503925  0.57761900418099965
  0.58812705182314684  0.59887493617034637  0.60962697863162008  0.62047954335593836
  0.63110783184270758  0.64196481227134461  0.65247212031879454  0.66297295877129669
  0.67324569482175201  0.68346060488175564  0.69406147592378298  0.70470754421786375
  0.71571676140263674  0.72666684025087325  0.73772418280461460  0.74866064651998265
  0.75935427596903571  0.77007100844505771  0.78084420309943892  0.79160317506196232
  0.80199418155309310  0.81243578831416696  0.82288124314068511  0.83338510222019380
  0.84338696851058070  0.85325164471330095  0.86321568666973680  0.87339181115394615
  0.88383599147615699  0.89456130506074261  0.90528129868469354  0.91593975735075173
  0.92654523816307910  0.93694433733663174  0.94727197283593856  0.95752227108789523
  0.96815175637000928  0.97882971294082688  0.98944127515227642  1.00000000000000000
  0.06008664635758983  0.14478884120025237  0.21658781002570690  0.24215835112381154
  0.25776628890831055  0.26853664059199389  0.27933077551829177  0.28973211345058786
  0.30020468571324854  0.31264923044129911  0.32479689484878455  0.33572700457878424
  0.34495833089186334  0.35357698042198310  0.36159098497421988  0.36926915300955171
  0.37671520832337996  0.38379014779724424  0.39065602077128792  0.39727709182562204
  0.40373400589183706  0.41015931087111618  0.41652368954860353  0.42274600873065665
  0.42876921714213817  0.43481714569394686  0.44085615397084377  0.44693418693528780
  0.45314568748415951  0.45914092830491943  0.46516172623742896  0.47101881601783646
  0.47688243801456287  0.48281149659891465  0.48881008524960284  0.49482110945085361
  0.50077602906020469  0.50667481909549716  0.51262378686299315  0.51855392248720045
  0.52444387009406024  0.53025388678302188  0.53608497761243201  0.54190330236936313
  0.54766214750236708  0.55340115795605482  0.55918513901016498  0.56503307735514841
  0.57095869669534760  0.57694886272394030  0.58293984370707819  0.58891681768919357
  0.59488145433101269  0.60085755410197239  0.60688126700229916  0.61295718244146291
  0.61908192985912847  0.62524113542560222  0.63144196807311548  0.63769482440448699
  0.64399984649287190  0.65036665915872127  0.65677065503414189  0.66322607518820587
  0.66976231981645840  0.67633733977041799  0.68300462733214051  0.68969874549973531
  0.69650928987440808  0.70337272344870749  0.71030996312677519  0.71744215350919172
  0.72464901233873913  0.73197964642059588  0.73947660993259345  0.74713618399903292
  0.75506506096542303  0.76330944238402620  0.77167063491546517  0.78006346226165679
  0.78845428620763303  0.79698302112254193  0.80567230836387671  0.81471607974114335
  0.82440388459514624  0.83450165745274585  0.84498702710021023  0.85571774428863845
  0.86691644149443736  0.87877698742084109  0.89152185581642351  0.90534441014215761
  0.92061095585513963  0.93832595425340781  0.96181652441895427  1.00000000000000000
 -0.03087201957010253  0.15764453512553583  0.21128848623206808  0.24663375792815631
  0.27364266200020609  0.29704515991269576  0.31804327188764320  0.33691902686639558
  0.35386634442236725  0.36946498290426194  0.38401050147755067  0.39778508086925818
  0.41091963875021809  0.42342433699121823  0.43520931493826592  0.44645003425071811
  0.45719456045750900  0.46745612736015724  0.47726143951696531  0.48668977373483585
  0.49585723434423323  0.50477286624509854  0.51346491758262680  0.52192772218290318
  0.53017485248420648  0.53815042955759540  0.54589384987030798  0.55341185307095286
  0.56085150793013316  0.56809276454399749  0.57517752143436229  0.58203099623267440
  0.58861671234749324  0.59505076810001079  0.60146376720673489  0.60785169877789058
  0.61412297311158315  0.62027469606595431  0.62621922937399110  0.63199112153653836
  0.63763303437003971  0.64327410989257106  0.64881721981170504  0.65426152867365572
  0.65965750189709771  0.66496814096457169  0.67020636293623015  0.67533525212305945
  0.68035718230729769  0.68530173682022122  0.69017895955141950  0.69498859937220792
  0.69974728270762587  0.70447842720797316  0.70918680215630758  0.71390414792000745
  0.71865524246558488  0.72340714596296907  0.72815184792572074  0.73287764632642882
  0.73751921192090875  0.74209058639106540  0.74661921553191712  0.75115121999308521
  0.75569008013773487  0.76025284967365692  0.76481194016109322  0.76935477142397113
  0.77389505580015761  0.77842962908597113  0.78296611487860368  0.78752345246250832
  0.79206557218228490  0.79662000189382220  0.80119733955274575  0.80582390822888572
  0.81048934152629282  0.81530141225040553  0.82021653885928547  0.82517619222664629
  0.83018500705816622  0.83525934668640001  0.84045739478397108  0.84575665075880246
  0.85122783343245745  0.85697080372534173  0.86297243234979981  0.86921012850811341
  0.87586152174438003  0.88309354390447525  0.89101225476339541  0.89988027015190586
  0.91030011660008003  0.92396785997222131  0.94621668401920789  1.00000000000000000
   5.0264395886788178E-007  -1.0000000000000000     
 F F F F F F F F F F F F F F F F F F F F F F F F F F F F F F F F
  <DiscreteSampler_grid>
  grouped_processes
  1 # 1 for a reference and 2 for a running grid.
  10 # Attribute 'min_bin_probing_points' of the grid.
  1 # Attribute 'grid_mode' of the grid. 1=='default',2=='initialization'
  0.0000000000000000 # Attribute 'small_contrib_threshold' of the grid.
  0.5000000000000000 # Attribute 'damping_power' of the grid.
 # binID   n_entries weight   weight_sqr   abs_weight
    10   10   8.601889920277944E+005   1.564451130987350E+012   8.601889920277944E+005
    11   10   8.601889920277944E+005   1.564451130987350E+012   8.601889920277944E+005
  </DiscreteSampler_grid>
