 -0.00250047521319586  0.00961107813068388  0.01976929352736040  0.03029184907232612
  0.04079013991365843  0.05146041057786179  0.06202921920517833  0.07250981529715927
  0.08305626604950749  0.09351530656266657  0.10410929806012398  0.11461238711377036
  0.12518553533623192  0.13585427910794101  0.14650248518272646  0.15740892886918190
  0.16818083718515789  0.17882295444513871  0.18946743747389203  0.20003456795647151
  0.21064863785227059  0.22108472185424549  0.23172668532772259  0.24246326521540526
  0.25319441953872573  0.26376395676637943  0.27436877776792240  0.28494986288042123
  0.29558274246220045  0.30623495073005341  0.31690912321844694  0.32749111292320560
  0.33808617092615678  0.34872263399846615  0.35928871639195370  0.36973171187712217
  0.38031433062502124  0.39095700003484740  0.40146199196209559  0.41195862934982580
  0.42254695995659780  0.43338361456664587  0.44413103786583313  0.45479361723634054
  0.46543034709568892  0.47602473403480983  0.48657215730601339  0.49697474235709010
  0.50739284137520879  0.51790688149377329  0.52847578916764981  0.53910387017962313
  0.54963882093702854  0.56020857828328541  0.57072240389634998  0.58126660101828365
  0.59180639392529610  0.60224407627404564  0.61278372223500743  0.62339990744191720
  0.63407795769414810  0.64460627131099801  0.65498202336493805  0.66537383715162068
  0.67596156584651701  0.68646101343825050  0.69688556353731845  0.70731937719673910
  0.71782766646278184  0.72836877876146711  0.73858953199504607  0.74877587602860474
  0.75907933995881371  0.76948034286101896  0.77994551006910540  0.79029163068641317
  0.80086667460234751  0.81134423847640291  0.82183181019807094  0.83234842478914750
  0.84294399379527407  0.85355823537145825  0.86406613500711749  0.87462625622464540
  0.88515684344999912  0.89560840933642827  0.90612076539344066  0.91672514456615373
  0.92724612083487001  0.93775726691788386  0.94831988302728343  0.95874289436895777
  0.96910570643727056  0.97933965858475547  0.98971704824888773  1.00000000000000000
 -0.00237832870350340  0.00958922941105005  0.01969535243216885  0.03000048154636919
  0.04034206725519170  0.05075923098035041  0.06119488805275951  0.07175941100408585
  0.08242629759788807  0.09312192187601798  0.10389679613663698  0.11462997157800042
  0.12541405866443794  0.13603103819422499  0.14655511800248236  0.15704528170337226
  0.16745428825692421  0.17812443848091478  0.18874071374008222  0.19954399568983641
  0.21032811738336454  0.22128497350555459  0.23210444027879273  0.24285824494446359
  0.25348998310878745  0.26428792213099933  0.27503088960616828  0.28577797159225998
  0.29622843886712952  0.30655050977754822  0.31700938349848679  0.32761967929680591
  0.33818904765536756  0.34862041548007522  0.35904300668343148  0.36959870475932977
  0.38008809369853391  0.39039343505145702  0.40067977853257708  0.41099121771154268
  0.42138502936351102  0.43172414306803897  0.44201016182846353  0.45229158610106379
  0.46259682865169549  0.47292655810843248  0.48334592131804621  0.49377367933305094
  0.50430279312008219  0.51490311741490125  0.52539646494208780  0.53612641822113105
  0.54666785136054197  0.55744234301080109  0.56795648332481607  0.57846991956016169
  0.58896278071535391  0.59944259623678842  0.61004725715337649  0.62046868246442344
  0.63101294288189924  0.64162982039025418  0.65221152695005880  0.66286070943933217
  0.67360993446236983  0.68429350943183265  0.69485197754782291  0.70538638558856726
  0.71603125094757425  0.72665373608846973  0.73716608570615516  0.74748890535074952
  0.75786419695382867  0.76820155162507320  0.77875655824227474  0.78928452273261929
  0.79977021895986722  0.81029456926639232  0.82086819158052604  0.83145923380061337
  0.84185496524438308  0.85219376107662026  0.86251291098787508  0.87294222587403192
  0.88335306152288540  0.89389140914803933  0.90448562163082102  0.91510849384259019
  0.92571016270495388  0.93629305160907417  0.94696945247400754  0.95754079981761953
  0.96805746981747820  0.97854495569996813  0.98923373761184552  1.00000000000000000
 -0.00243137551487313  0.00993235750310503  0.02031787419455525  0.03102461193506289
  0.04164927494295809  0.05234448382157146  0.06299212250916465  0.07364318508514876
  0.08411607940786638  0.09451601724681299  0.10482607266733532  0.11512412178001520
  0.12543258432265045  0.13569502143990558  0.14597690180743039  0.15640155141025266
  0.16689315472955235  0.17739716868885086  0.18784256291326507  0.19832788433801582
  0.20891712689313580  0.21944038495835003  0.22990575301722843  0.24029180322828783
  0.25068348520863715  0.26104602152786327  0.27146630322381482  0.28186772650506409
  0.29232586481673561  0.30273602953982776  0.31305947137953949  0.32339327511785332
  0.33373880445691984  0.34413944969741728  0.35468136105235931  0.36515507099566286
  0.37557158172415805  0.38612202805060636  0.39672404537523359  0.40744139612047331
  0.41811298070537889  0.42880404239574316  0.43949548013915463  0.45011974490820367
  0.46069519861396435  0.47104800211316122  0.48141272732634838  0.49163052570733851
  0.50204402086997046  0.51241155444367670  0.52289632160119315  0.53344966663104232
  0.54386580104498161  0.55434084892449642  0.56482007355948338  0.57544584155200351
  0.58620926073727442  0.59687773180050985  0.60760002873184260  0.61809959304131490
  0.62855638720408713  0.63902190995545571  0.64951137185644359  0.66017317544100618
  0.67088622837167455  0.68167937216216401  0.69239344159132521  0.70291873878131794
  0.71347907547439804  0.72410578700651707  0.73484205372955413  0.74550893373556815
  0.75630117932010321  0.76708756611988782  0.77782877996788324  0.78847911517932034
  0.79906588383903432  0.80953363436372983  0.82002237606719808  0.83058057018609377
  0.84117556436582341  0.85173969112653714  0.86218702853510287  0.87270012219354764
  0.88301557720811763  0.89360093710697897  0.90400790362904160  0.91445854420771611
  0.92480485549507407  0.93518474168075616  0.94599620962070508  0.95696017808386735
  0.96788931717375970  0.97858273034700660  0.98930243351605451  1.00000000000000000
 -0.01786609284349893  0.09991355204486849  0.13404556749810626  0.15554325379486383
  0.17339105382683737  0.18888475438670554  0.20279345701643439  0.21549528755080638
  0.22728748600469723  0.23830286478739257  0.24871173099677246  0.25855987622833332
  0.26797589433137842  0.27700699609535689  0.28570338803593931  0.29412766474308133
  0.30220770330929408  0.31012088295160439  0.31778254034253495  0.32523687233571735
  0.33257563700740400  0.33966662937386749  0.34665034724395477  0.35351445583901114
  0.36023504468585865  0.36685784418097889  0.37339025106588036  0.37981261415978051
  0.38613907055012719  0.39240134888666101  0.39858842811361944  0.40467025349416552
  0.41073933739901475  0.41675063555514635  0.42268480373784978  0.42857177364908899
  0.43443287957183274  0.44025891551722524  0.44604222713824809  0.45180549132292208
  0.45754096501004343  0.46324247551679454  0.46892384840499757  0.47459736711266937
  0.48025947179386347  0.48590669372876127  0.49154571798326513  0.49717633257341193
  0.50280659902356906  0.50843492875910778  0.51406759966301585  0.51971372591760689
  0.52536970411534001  0.53104451451149604  0.53673049112770521  0.54243420024339339
  0.54816426417177400  0.55391289541126476  0.55968838918993935  0.56551063426810910
  0.57137688475078174  0.57727740165834951  0.58321258185567593  0.58922776265675003
  0.59527878063409878  0.60135970398379679  0.60755459305039239  0.61383175902464504
  0.62016653831482060  0.62658806553039703  0.63311668365886209  0.63973526222377208
  0.64645458604171546  0.65331860292892052  0.66029838125460560  0.66739246771824390
  0.67472769033553048  0.68217406252770330  0.68981592413289894  0.69771738832948760
  0.70580367573355662  0.71423358503411316  0.72294216713273796  0.73199586392976235
  0.74146723364313238  0.75137006055600197  0.76181451814502710  0.77286671053303724
  0.78469339637634705  0.79742301353596978  0.81130723118760550  0.82672802530416278
  0.84454043554264480  0.86602509575637587  0.89988130111520748  1.00000000000000000
   1.7970412031083527E-005  -1.0000000000000000     
 F F F F F F F F
  <DiscreteSampler_grid>
  grouped_processes
  1 # 1 for a reference and 2 for a running grid.
  10 # Attribute 'min_bin_probing_points' of the grid.
  1 # Attribute 'grid_mode' of the grid. 1=='default',2=='initialization'
  0.0000000000000000 # Attribute 'small_contrib_threshold' of the grid.
  0.5000000000000000 # Attribute 'damping_power' of the grid.
 # binID   n_entries weight   weight_sqr   abs_weight
    10   10   2.200068855989220E+010   5.926770954412552E+020   2.200068855989220E+010
    11   10   2.200068855989220E+010   5.926770954412552E+020   2.200068855989220E+010
  </DiscreteSampler_grid>
