  0.00949097574521496  0.01556114418241935  0.02489144309075553  0.03589211797304361
  0.04633110549640850  0.05658854155233739  0.06687035614088208  0.07715535000690710
  0.08742538906862336  0.09748439331344771  0.10748455001827976  0.11765918530824196
  0.12783465002552810  0.13823563982247020  0.14851725301201363  0.15882674575153816
  0.16921379336633000  0.17947161259518141  0.18972902140255127  0.19978796717867162
  0.20988939554324129  0.21997038650787612  0.23020040344450729  0.24054157575325197
  0.25087244287644389  0.26118991826834442  0.27151908694822136  0.28193809160915423
  0.29231264361178144  0.30265203051264000  0.31299925149740326  0.32315579440587749
  0.33329086514523593  0.34374644616447680  0.35427282490477596  0.36472654430876128
  0.37505347168034842  0.38565833974935554  0.39631578594841738  0.40694931776590959
  0.41742675669729667  0.42792310424885005  0.43827585740197850  0.44870822932591714
  0.45938439590076363  0.46982398006719689  0.48020003261737804  0.49036928844840633
  0.50058162936824846  0.51075125280127043  0.52107210303915308  0.53160887407729684
  0.54207299041636892  0.55243291302727271  0.56273996065133636  0.57333671500271211
  0.58390558695472994  0.59435182105157913  0.60476547595759778  0.61526457190409367
  0.62580103414056309  0.63629188747558463  0.64677152305890895  0.65743170128568762
  0.66819176237975986  0.67890967551838521  0.68945792987623522  0.69974797771659514
  0.70997104443921022  0.72021348141502273  0.73054253654698642  0.74090028399573560
  0.75121071121973515  0.76146570110090028  0.77180681103719373  0.78240437655532447
  0.79308629833358701  0.80364158478442183  0.81398822532235715  0.82435002418755365
  0.83471766055230434  0.84502506101131669  0.85537266641564547  0.86584386757498044
  0.87638431362553415  0.88679586029422552  0.89737427034667649  0.90809426190987630
  0.91871320184655592  0.92912487438795099  0.93940835691818392  0.95020416642118022
  0.96099663296636628  0.97118729288654260  0.98135463581621607  1.00000000000000000
  0.00000241343661303  0.00000259738079652  0.00000279881687547  0.00000298302699551
  0.00000315373747504  0.00000332107459066  0.00000348886690781  0.00000365933477209
  0.00000383451819582  0.00000401330197395  0.00000419366420039  0.00000437538951712
  0.00000457500381635  0.00000477163717000  0.00000497654868936  0.00000519156485134
  0.00000541892578864  0.00000564993077749  0.00000589610282061  0.00000615532356659
  0.00000641968053710  0.00000668887300801  0.00000697378620213  0.00000728148542656
  0.00000758936496608  0.00000791253798853  0.00000825738408572  0.00000861443361753
  0.00000897645030699  0.00000935511728599  0.00000975456240688  0.00001016465144555
  0.00001059563158134  0.00001105689640856  0.00001154011810371  0.00001202913100669
  0.00001253853288586  0.00001311520678076  0.00001369565931709  0.00001429218402928
  0.00001493274633356  0.00001561472125920  0.00001629931483664  0.00001703047860158
  0.00001780582345635  0.00001859775175107  0.00001942773121719  0.00002031814573361
  0.00002124991652270  0.00002219123950675  0.00002321012239291  0.00002430914731650
  0.00002544693325123  0.00002665907488420  0.00002796297713991  0.00002933152343317
  0.00003072683447369  0.00003232349558165  0.00003396513045207  0.00003570659007194
  0.00003762401767392  0.00003963857414669  0.00004177074476388  0.00004416727304398
  0.00004660257322650  0.00004929765700362  0.00005221792606193  0.00005534306104388
  0.00005881708807662  0.00006257502716434  0.00006671273490524  0.00007127244947638
  0.00007621332848202  0.00008172768899099  0.00008775726032390  0.00009464930084170
  0.00010228880192163  0.00011102871128240  0.00012099779142766  0.00013292872805973
  0.00014693538106349  0.00016346044058045  0.00018252057889611  0.00020580725005530
  0.00023467312338359  0.00027171205192123  0.00031944865617100  0.00038326039421953
  0.00046265044784096  0.00056762311518851  0.00072421233243414  0.00099321633988910
  0.00145783888727587  0.00230691285906367  0.07132035985878100  1.00000000000000000
 -0.00259475089264731  0.00964719206802429  0.02011294706849160  0.03075928482504759
  0.04149086771503414  0.05188976587952819  0.06230164778559501  0.07261478548966942
  0.08302006971229804  0.09350837411624405  0.10422856250996880  0.11502125968454521
  0.12573879936329094  0.13652738432373085  0.14711907913027222  0.15761285606717787
  0.16803211488928912  0.17840126617314300  0.18869623109520048  0.19904057865470348
  0.20967441112680496  0.22080452951610316  0.23192984473544434  0.24303660094824192
  0.25390434156760555  0.26444386859701602  0.27488913376226598  0.28520523722448282
  0.29566929461421604  0.30626748041316415  0.31709253705756218  0.32810158596911743
  0.33882184579815355  0.34929797086400916  0.35962913115364875  0.36990348093787684
  0.38021272591373206  0.39059011632553869  0.40093882298122907  0.41160741386837085
  0.42229678346028926  0.43302426289680784  0.44356276589180033  0.45406955868379628
  0.46478946311623459  0.47546777902861914  0.48601271540262897  0.49655911734545083
  0.50727460549073744  0.51789443968390969  0.52831734298658373  0.53851361550937937
  0.54905557180399278  0.55966173217699100  0.57028017072341253  0.58085796264837952
  0.59137807510869245  0.60175218403981590  0.61203085656705913  0.62246792339930579
  0.63296101546511785  0.64338702277913129  0.65401964099458432  0.66480365980938827
  0.67585185314227281  0.68670883556228002  0.69748881818277664  0.70821359661568062
  0.71876309202461397  0.72930607752628951  0.73960461702111968  0.74993771610469406
  0.76010505578004994  0.77037696117357191  0.78071193112985360  0.79113988215680731
  0.80167902013721515  0.81230160251481254  0.82298480407026464  0.83362329253769074
  0.84390068446328270  0.85417339535368597  0.86426374676541484  0.87449539464880599
  0.88484102337473980  0.89511489101249231  0.90557246303540162  0.91568268552702847
  0.92607989195840612  0.93647841838764589  0.94687603146265098  0.95735544146307539
  0.96793997432264733  0.97869102069124592  0.98928654271816097  1.00000000000000000
 -0.00251089848673937  0.00955534320060768  0.02001053775194456  0.03062602669902965
  0.04127628055891016  0.05208096718706483  0.06285349011685262  0.07357381852705301
  0.08423959909881928  0.09500169306491413  0.10572849953782804  0.11632634450802447
  0.12693622533487489  0.13750180662019912  0.14796766322214808  0.15832279011749895
  0.16876643298072100  0.17916437114465364  0.18950659600508232  0.19991915464916984
  0.21061430241485668  0.22146401944431132  0.23225646195911931  0.24280724218117589
  0.25326776225687714  0.26375811890774470  0.27423854377955248  0.28470678643243608
  0.29504554170192326  0.30524486660965566  0.31545227124937553  0.32571753924776359
  0.33608680941563757  0.34648232329941908  0.35691476654278548  0.36751142014440952
  0.37809300935232854  0.38863517635966549  0.39918660955880869  0.40975356988906853
  0.42019593221012141  0.43053204940438072  0.44094446620034633  0.45147878484318571
  0.46208203330629743  0.47269493161606779  0.48336844982763394  0.49419338941634772
  0.50505863026690156  0.51584393074297352  0.52650426975110620  0.53707299532210495
  0.54758122957689870  0.55803721441240772  0.56856081351270227  0.57897986377027244
  0.58924067411301406  0.59952214138484261  0.61013028571110717  0.62099407656502503
  0.63188992312685510  0.64280675674343857  0.65359231208110291  0.66425643233101606
  0.67491183749530681  0.68544600539367662  0.69573345825232602  0.70590766369554470
  0.71616672745361376  0.72656450011747820  0.73716187206384565  0.74754746743748346
  0.75786859293562547  0.76817423864266843  0.77884614694178034  0.78976073598694396
  0.80046315562638948  0.81114418874535987  0.82167977630971167  0.83210507554210045
  0.84265144669861636  0.85325743897619932  0.86396264607516871  0.87486452338077059
  0.88538541971145379  0.89586999146655510  0.90622970749375498  0.91664076357927005
  0.92700718014645944  0.93714961598688507  0.94747360845238515  0.95796458537283691
  0.96838820572215434  0.97878658748283476  0.98930029465530267  1.00000000000000000
 -0.00233624401838223  0.00922827888291956  0.01919649406480489  0.02966465351596887
  0.04024006116959999  0.05073343061867533  0.06109145895427860  0.07162137138886242
  0.08208796898508595  0.09256086618125471  0.10293800206973147  0.11337159831685868
  0.12372583949724233  0.13405892189081564  0.14452740752525536  0.15502426789713220
  0.16526379476524231  0.17555726467764415  0.18567877849455972  0.19622987623088001
  0.20680125787481238  0.21754883605261638  0.22821980130261427  0.23899648304535206
  0.25001783887160078  0.26095892073009092  0.27188415613355066  0.28270851592040036
  0.29341269147994153  0.30400345680854796  0.31454991827656870  0.32519480875107443
  0.33582885010863645  0.34654365526735942  0.35705751670037950  0.36739737184206878
  0.37769718902901650  0.38800922225498830  0.39854596817439014  0.40899427294168134
  0.41946102649766204  0.42984402962748963  0.44012737239794175  0.45026594021528160
  0.46046306527025865  0.47052490578500478  0.48056834271756105  0.49073216265001735
  0.50116597385522155  0.51173968002714609  0.52221503821498194  0.53263371515038394
  0.54310235262536888  0.55372108711450330  0.56431547308980845  0.57514705998622451
  0.58587543572235179  0.59666909987253014  0.60731541234599762  0.61797532412175049
  0.62862597713987356  0.63927935784124357  0.64998684092980630  0.66069501849682000
  0.67141703516161333  0.68220244781496464  0.69300409075209124  0.70387867662025150
  0.71470783728042853  0.72550790911603957  0.73608752950527290  0.74658890268147593
  0.75709056807225539  0.76763499722590089  0.77808330971926676  0.78842713595892189
  0.79887818184143788  0.80931986772226372  0.81998271173405368  0.83072708535706985
  0.84127195485314854  0.85203080865246328  0.86259032898180910  0.87320636608113600
  0.88347914161204966  0.89383234996802807  0.90407778499692226  0.91421107326421847
  0.92462619893393327  0.93495479184493291  0.94571156144119894  0.95652408131043698
  0.96773200902945655  0.97876637461933969  0.98942657701198411  1.00000000000000000
  0.02369195904115153  0.02945960433541232  0.03602122416236681  0.04263268156742018
  0.04963215762407734  0.05662999607403369  0.06376086882716800  0.07112813543525934
  0.07854309344774121  0.08591526372406039  0.09328844253244252  0.10068256220137853
  0.10811640218034746  0.11565030673623310  0.12324888237388408  0.13093999800511499
  0.13881492914250176  0.14672921976088943  0.15473202954893278  0.16287419573648518
  0.17120850263677073  0.17960952182375919  0.18792466593409637  0.19606249155766012
  0.20425234192131583  0.21260189899364854  0.22118076773043963  0.22973990067027425
  0.23805788932460553  0.24631466534132451  0.25471038729560208  0.26337131643660638
  0.27215016103436235  0.28118243411383537  0.29015669800596666  0.29936291697015510
  0.30860473134846483  0.31810698857108427  0.32763775552172852  0.33706858210617036
  0.34642644107396009  0.35588349499001237  0.36551128768617347  0.37514196979607733
  0.38472362423434425  0.39426135396325940  0.40388303482593230  0.41367982293668315
  0.42352034076907541  0.43332017806410839  0.44305642272855261  0.45280261064796057
  0.46256235499753956  0.47234228811914830  0.48224229465827584  0.49230451456067031
  0.50232645289153521  0.51223079088777268  0.52220991081629720  0.53239408325003346
  0.54273045335808556  0.55308082690815163  0.56343008611593748  0.57379297280524078
  0.58420074032684366  0.59466808887103328  0.60516071446965858  0.61565808970389735
  0.62612544182175367  0.63661110882532390  0.64724225264583712  0.65806211555894589
  0.66894032846082940  0.67974556091853300  0.69059957116338377  0.70158888477962100
  0.71271156361352650  0.72393528666905982  0.73534885071514533  0.74690366637897954
  0.75853184784309280  0.77017729348728869  0.78193137695126635  0.79385070004600011
  0.80600799775775123  0.81842723215581370  0.83111990834303628  0.84415158635327381
  0.85752976498184064  0.87147975724912496  0.88614129767191163  0.90169400829935809
  0.91865344231389590  0.93812204314677372  0.96337710327941317  1.00000000000000000
 -0.01764387425198427  0.10035108671674622  0.13337148326639697  0.15376755855628932
  0.17053176470372128  0.18490518821276550  0.19792881896778658  0.20991786133048898
  0.22108350434384583  0.23150900259689350  0.24128051761117239  0.25059487915605094
  0.25952512281908480  0.26826031960419267  0.27672619043687391  0.28493942736225392
  0.29282684723748686  0.30040168674654333  0.30779747211371522  0.31501519536112393
  0.32203839647747623  0.32893126311262855  0.33562450982268960  0.34213441821065965
  0.34859477043120862  0.35500350296185540  0.36131864865304791  0.36759462807072907
  0.37384886419371027  0.38004457908449180  0.38614394451601769  0.39216892235239714
  0.39816937729813545  0.40424628249731398  0.41031311275345556  0.41629574323362711
  0.42218981057711075  0.42800687560101008  0.43379117069354306  0.43948161716662176
  0.44511942281642025  0.45079501384613457  0.45646834541531089  0.46208376695513148
  0.46761618134115884  0.47315060332914638  0.47872834425058014  0.48430066176326159
  0.48991013610556705  0.49552244788352301  0.50117632199537476  0.50686793356094073
  0.51254207476439473  0.51820240653460170  0.52391647585304824  0.52971254235029186
  0.53553318491656376  0.54134444835279105  0.54722378539285754  0.55318667188762349
  0.55919070081911393  0.56524586040206803  0.57135258947209577  0.57746101601475819
  0.58363948462507842  0.58992612663264088  0.59628973454134226  0.60273063205413313
  0.60928229110214316  0.61591824573335818  0.62261592071892147  0.62943938664455956
  0.63636320797724744  0.64336193685000120  0.65057358810219790  0.65783414915944960
  0.66521163183253562  0.67275856588298899  0.68058947188196794  0.68871930458478758
  0.69707778010434995  0.70560303588706308  0.71435288480566828  0.72352666667953858
  0.73306802560327988  0.74306830391743395  0.75364473722682734  0.76485879983260652
  0.77675244554695932  0.78965439528129067  0.80393547592386505  0.81992287305491263
  0.83845480298668285  0.86111779135431643  0.89671738754435482  1.00000000000000000
   4.5938894741061568E-006  -1.0000000000000000     
 F F F F F F F F F F F F F F F F
  <DiscreteSampler_grid>
  grouped_processes
  1 # 1 for a reference and 2 for a running grid.
  10 # Attribute 'min_bin_probing_points' of the grid.
  1 # Attribute 'grid_mode' of the grid. 1=='default',2=='initialization'
  0.0000000000000000 # Attribute 'small_contrib_threshold' of the grid.
  0.5000000000000000 # Attribute 'damping_power' of the grid.
 # binID   n_entries weight   weight_sqr   abs_weight
    13   10   1.557311001255649E+007   4.584419678349683E+014   1.557311001255649E+007
    14   10   1.557311001255648E+007   4.584419678349682E+014   1.557311001255648E+007
    16   10   1.557311001255649E+007   4.584419678349684E+014   1.557311001255649E+007
    17   10   1.557311001255648E+007   4.584419678349682E+014   1.557311001255648E+007
  </DiscreteSampler_grid>
