 -0.00233557014136980  0.00943099084929070  0.01938102743981111  0.02956209602085563
  0.03984147840356700  0.05002957323767650  0.06023256823106703  0.07046706850877094
  0.08068145299335967  0.09107164289298394  0.10149287879149385  0.11177999516584383
  0.12202110633639890  0.13230849623033786  0.14268920154698561  0.15308650242945429
  0.16350589942215657  0.17404780544518114  0.18464768276529420  0.19525331363487797
  0.20591480666521594  0.21659762601101742  0.22723683844578391  0.23779542425138420
  0.24828979132207596  0.25895022289367597  0.26964178036242664  0.28037122696784089
  0.29105020574427110  0.30187664536489456  0.31273186525278635  0.32337493816167279
  0.33407665277686566  0.34471162590833720  0.35529917528508509  0.36573958256807554
  0.37622710738565363  0.38674526972129269  0.39728558781635354  0.40782827976115588
  0.41825543405141252  0.42855241662699572  0.43886830372355690  0.44928180151754149
  0.45978454561754922  0.47040579929609549  0.48086958216383935  0.49145343601879421
  0.50211318133586302  0.51289067220086648  0.52358615995743429  0.53409888158920027
  0.54460893422805146  0.55495702569726468  0.56537662321411497  0.57577062062867401
  0.58622824439359056  0.59675627777281626  0.60727910453050793  0.61797098532058403
  0.62859589162669127  0.63928233401585666  0.64993156462377022  0.66059226216680855
  0.67123590377933873  0.68184089965315298  0.69247532718207283  0.70317800042326106
  0.71396086986075991  0.72455996142923840  0.73501686684131839  0.74544732156853832
  0.75601516928586576  0.76655338673520534  0.77693557052313555  0.78725426882876637
  0.79767936300055520  0.80825147426942068  0.81884671151494182  0.82943075198679350
  0.84026604078948308  0.85114456459270926  0.86203999003101184  0.87266309073379189
  0.88339529111721082  0.89410486081808971  0.90468451116107629  0.91525342177836955
  0.92616475759530048  0.93715529596158476  0.94787748734262012  0.95851204451981786
  0.96897677025728335  0.97949636063064605  0.98970549986265877  1.00000000000000000
 -0.00256101016231536  0.00972125336768321  0.02000642150746580  0.03066967377004417
  0.04132483090911308  0.05207547211709547  0.06285964516337052  0.07354497512543721
  0.08427303438328407  0.09476942869522027  0.10529673923136484  0.11572070309082520
  0.12619080904674213  0.13660630094876255  0.14699642770691518  0.15760455781664678
  0.16813931980309463  0.17878475504916225  0.18936999476952998  0.19999694406767521
  0.21054063453060418  0.22092424904171540  0.23128400047544162  0.24168695253966765
  0.25213417872969035  0.26249138288219925  0.27274613657936486  0.28297419689933290
  0.29313041057720629  0.30335257562570100  0.31369663583576451  0.32416660756726245
  0.33457854071924226  0.34492179747820989  0.35534072303382913  0.36582799471612831
  0.37627968653110633  0.38667673868085073  0.39714278000864334  0.40763588114664995
  0.41821091756882461  0.42883531096075239  0.43952849857448095  0.45014897049402991
  0.46068702716125409  0.47121831318577112  0.48184845828025952  0.49265275329144237
  0.50343404190037888  0.51410398769592180  0.52464126744242190  0.53523657193448915
  0.54589747025853386  0.55662048795704400  0.56723590753171516  0.57784812709210875
  0.58852529175485424  0.59923942124754437  0.60991515781466965  0.62063017970532253
  0.63120374388874256  0.64173287262906553  0.65223434920932166  0.66270104984740941
  0.67314559042804611  0.68353130713455779  0.69407464111776018  0.70469076923439822
  0.71531808915175799  0.72597666571664987  0.73652346455976725  0.74721245836724570
  0.75777229921709055  0.76848230740123324  0.77906502538792899  0.78963340024057571
  0.80018503695030507  0.81077422972990099  0.82148700598383018  0.83226079339011350
  0.84286878443039348  0.85354790496472888  0.86394984554053156  0.87436888883091812
  0.88461314154985982  0.89488014194579513  0.90513964287170146  0.91541897939875050
  0.92596015917275842  0.93653627595126676  0.94700977764698557  0.95744607031257944
  0.96801254748868071  0.97873344783066618  0.98935804184970022  1.00000000000000000
 -0.00248769187389971  0.00941223761371771  0.01945766073803248  0.02984607619016785
  0.04024005766230943  0.05079029823764490  0.06140725675928178  0.07177704080137051
  0.08211637764915393  0.09246529751050551  0.10283946260654765  0.11313638498250644
  0.12357072506234981  0.13405484043165333  0.14462640672003460  0.15513243994145082
  0.16554352604181297  0.17600107320654904  0.18645469531275158  0.19701221305712477
  0.20768788008024772  0.21836729484029202  0.22911970726773701  0.23977132302629178
  0.25045095381480265  0.26108220210023808  0.27177474446070049  0.28250117091236199
  0.29329403321031466  0.30402230204871689  0.31470523206751555  0.32532594350911631
  0.33584974034784021  0.34625984116232250  0.35666686354811561  0.36705417909474736
  0.37749452483216428  0.38788377487957687  0.39835000067648491  0.40888282294725570
  0.41949538657047841  0.43001954932317793  0.44044906166440795  0.45084715328676100
  0.46126576684594661  0.47175392527413296  0.48229224533377241  0.49288768238737207
  0.50355499220012756  0.51422490436908452  0.52488708668089779  0.53550227533041150
  0.54606307629308215  0.55647365619663847  0.56684818856080477  0.57727220191839712
  0.58769049770775217  0.59813444549699335  0.60856572041405588  0.61913394641549291
  0.62972668721880232  0.64029772973561538  0.65093957698101546  0.66157005827395421
  0.67223920628521383  0.68287382901927840  0.69355879270632570  0.70420647979885975
  0.71478269696760421  0.72524647494214034  0.73580436141786354  0.74633530191611908
  0.75691232028892896  0.76742914991663747  0.77807947466033678  0.78873717903444873
  0.79933367504603181  0.80993481883307505  0.82044383215125283  0.83107137453824265
  0.84161032334260377  0.85215735052551245  0.86269432473511209  0.87321295409388455
  0.88373070999533143  0.89422037639931506  0.90473693265802524  0.91526116104935051
  0.92578858485966542  0.93626350850334439  0.94681737154134271  0.95731261435587178
  0.96805852295580275  0.97871803482124287  0.98942198065884501  1.00000000000000000
 -0.01757438200530082  0.09918909983931551  0.13346611908069381  0.15514044435816793
  0.17303949795129281  0.18854672529830224  0.20248452312159579  0.21522281139487529
  0.22703121769139875  0.23806032284787040  0.24849421503067792  0.25839664227598869
  0.26786505661444149  0.27691377875645695  0.28562689301055699  0.29406905721968513
  0.30218997900965749  0.31011911959917776  0.31778801531226858  0.32525802273864851
  0.33261374782134323  0.33972866469142510  0.34672482000473576  0.35358720898864454
  0.36029120686372668  0.36688676773982865  0.37339152600081393  0.37979257182887671
  0.38610727918064380  0.39236605559659721  0.39855381398951945  0.40463232099317048
  0.41066217914297271  0.41664110101623969  0.42254625057647943  0.42843156146221439
  0.43430100473772620  0.44013192159682002  0.44590979206615716  0.45166471312393863
  0.45739575442755748  0.46310380576887106  0.46879732951675607  0.47447944465023534
  0.48015135540856840  0.48581538368013366  0.49146914535609881  0.49711462827435310
  0.50274203581463683  0.50836588395099125  0.51399935587191048  0.51964975610754560
  0.52531777304425642  0.53099710566168989  0.53668594417422200  0.54239899835592598
  0.54814415053971510  0.55391034404847272  0.55969758925629409  0.56551939404817964
  0.57137974856192308  0.57727351015217976  0.58321364695528832  0.58924077894909033
  0.59531507752404711  0.60139910052285250  0.60758250630619071  0.61384253616345008
  0.62016522694103338  0.62658146286044791  0.63310618278836550  0.63972219617606618
  0.64644075774790111  0.65330413033393286  0.66028107887915788  0.66736760361747394
  0.67470158075519804  0.68215326639142537  0.68981653461410219  0.69773085329291862
  0.70581909272617427  0.71424735298848496  0.72296515787408366  0.73201470664345825
  0.74145749151530682  0.75133012128609433  0.76176744129434593  0.77284765203385819
  0.78471234211091712  0.79746674109052651  0.81138035172572009  0.82685193495395459
  0.84469682788730971  0.86614697730403523  0.90003617999130259  1.00000000000000000
   1.7764464400252308E-005  -1.0000000000000000     
 F F F F F F F F
  <DiscreteSampler_grid>
  grouped_processes
  1 # 1 for a reference and 2 for a running grid.
  10 # Attribute 'min_bin_probing_points' of the grid.
  1 # Attribute 'grid_mode' of the grid. 1=='default',2=='initialization'
  0.0000000000000000 # Attribute 'small_contrib_threshold' of the grid.
  0.5000000000000000 # Attribute 'damping_power' of the grid.
 # binID   n_entries weight   weight_sqr   abs_weight
    10   10   1.597259445499836E+010   3.586224670155727E+020   1.597259445499836E+010
    11   10   1.597259445499836E+010   3.586224670155727E+020   1.597259445499836E+010
  </DiscreteSampler_grid>
