 -0.00241887278280083  0.00952346436232667  0.01960194741706809  0.03028904346549573
  0.04108787585373608  0.05188459637439603  0.06253752304301669  0.07327252867717628
  0.08382933030248213  0.09427683339025443  0.10488782346075175  0.11555925490510088
  0.12615231426812709  0.13650098451419815  0.14687735732909263  0.15745066131172128
  0.16795781571864862  0.17847363525959009  0.18892728984059456  0.19956966199774537
  0.21019073596980087  0.22088436556040128  0.23144357198381299  0.24197315635677233
  0.25237786883125146  0.26280715379787650  0.27333504436802125  0.28369442625174662
  0.29406922551709563  0.30444940497998174  0.31502337573605238  0.32558850450460031
  0.33607561918779283  0.34665149811619406  0.35738105925757785  0.36808575373661667
  0.37872857023662687  0.38910238888709203  0.39954374043670116  0.41006807589641092
  0.42062402391103415  0.43126357385658048  0.44179173117909559  0.45229121595783439
  0.46273269350125718  0.47321396181023123  0.48384336251515542  0.49436766158667012
  0.50491407805909960  0.51539325492815236  0.52588695448521516  0.53644840521293946
  0.54701127545047645  0.55752272335844988  0.56792956136609996  0.57849763187198133
  0.58907351453553780  0.59972214257207990  0.61035808154114179  0.62106943691906102
  0.63155870645915080  0.64192558735987859  0.65234527610182280  0.66284030151449513
  0.67334439237899346  0.68373515705687782  0.69422261410535413  0.70480337785616920
  0.71555775751977302  0.72644386400289263  0.73726785569324560  0.74809326238239149
  0.75856073720157768  0.76917409752401533  0.77979346082594259  0.79054900130093986
  0.80101037584984547  0.81142326843132684  0.82181689065017682  0.83216943358839035
  0.84245582909612249  0.85270977259444825  0.86317363574113193  0.87366977422679881
  0.88401291192650111  0.89441849574500087  0.90486106676872169  0.91529905127813938
  0.92563903627895505  0.93599531791114154  0.94662912557447498  0.95723913043069209
  0.96782576443645452  0.97845306194744297  0.98918006707355099  1.00000000000000000
 -0.00238126386083184  0.00978224625905855  0.02000979227217374  0.03064975028825414
  0.04124751307060732  0.05164146257937335  0.06201687101423244  0.07245665758695634
  0.08291445225439435  0.09334108886223322  0.10376683045740173  0.11452750286843454
  0.12528007648839190  0.13627225457176326  0.14701238152038484  0.15769129713795221
  0.16835475009246637  0.17911533090118623  0.18991077488431471  0.20059199352322618
  0.21121032659208797  0.22173801978078495  0.23242230268652714  0.24303314266201395
  0.25360515861393668  0.26406911830780694  0.27463010122681747  0.28525212625173901
  0.29569792540514239  0.30617095522563009  0.31657951786849919  0.32702794640689964
  0.33737382973831481  0.34764139896871488  0.35792480686745903  0.36834368421288449
  0.37887757805343014  0.38946742933728246  0.39996127473579068  0.41058129573342317
  0.42113602959915480  0.43160962097525007  0.44197735278137817  0.45243350889675760
  0.46297439899603093  0.47342447564882073  0.48393931352265201  0.49444668620611415
  0.50509575291454856  0.51576658540324460  0.52641853808832639  0.53698802497149789
  0.54763173430028911  0.55844280365988830  0.56926755927784900  0.57998318646135272
  0.59047763480376481  0.60102604387858571  0.61134135742002793  0.62177115665296667
  0.63212196456313985  0.64268388285452926  0.65297476143677902  0.66330557549869806
  0.67374847136318428  0.68425988311414887  0.69464200667748155  0.70487897025869328
  0.71538009096980115  0.72593878710883819  0.73656420051960070  0.74707133345638088
  0.75764468301652099  0.76803617780421995  0.77849080334028864  0.78895619695116193
  0.79959752550204943  0.81019679310297621  0.82065202723383812  0.83106806378735920
  0.84149611910861233  0.85193051191382274  0.86221904754784084  0.87245362396167725
  0.88280546879715260  0.89330132314733068  0.90378642622846816  0.91429487867437953
  0.92474628921369162  0.93523539781768350  0.94579015097601338  0.95613469152363895
  0.96701021783705965  0.97786491044074175  0.98907365289324822  1.00000000000000000
 -0.00241612898110849  0.00972008517698326  0.01989429362996845  0.03036376555319130
  0.04076595384382238  0.05104811663087049  0.06125711571006003  0.07173998880353186
  0.08224629540080457  0.09292559064839298  0.10358374687712837  0.11421036246022653
  0.12495014693646792  0.13550165235895059  0.14628719695572262  0.15694497702882343
  0.16766919594500562  0.17825636485916982  0.18870529368789821  0.19917393065068034
  0.20970480808826017  0.22038662735993714  0.23107254202009442  0.24179949805968817
  0.25245570988601412  0.26306009008167719  0.27358929425885220  0.28399375894571388
  0.29434290197498503  0.30470426405406165  0.31506141647280683  0.32549309258554937
  0.33584923631103131  0.34630506321719967  0.35674495698116532  0.36719684282274484
  0.37768176826413874  0.38806440304114642  0.39852639161802828  0.40899681639793817
  0.41951989702857639  0.42985800636585708  0.44029767856272833  0.45076074615470818
  0.46134506725216501  0.47179766231189590  0.48240442447457849  0.49300206046769873
  0.50350800762575898  0.51386948217043316  0.52435650882229745  0.53507241137663875
  0.54581634368552967  0.55650491758538256  0.56700186778194561  0.57755002469068706
  0.58823687299596139  0.59910687248581840  0.60980048530490560  0.62034844976016335
  0.63091200433831285  0.64157986572428760  0.65208619806816903  0.66237111062239806
  0.67271810740346549  0.68308910467401929  0.69357687403274504  0.70406335826552369
  0.71474764314422445  0.72549359748770559  0.73600768651577886  0.74643569925619213
  0.75686704751305567  0.76747840082787677  0.77788993669504158  0.78824007217858860
  0.79857124636846655  0.80896466834302672  0.81950291188708735  0.83010603989747123
  0.84072605013468582  0.85129122212348163  0.86183632586229142  0.87253173169290654
  0.88318714644272878  0.89367871981353986  0.90419625265854131  0.91478605357831355
  0.92536546215032900  0.93603794172849142  0.94664357552340339  0.95723168976880046
  0.96778255322972440  0.97835572075150612  0.98916749450399533  1.00000000000000000
 -0.01766152660960367  0.09938752911163294  0.13358906102378729  0.15515855330446138
  0.17309177622059788  0.18859404905885971  0.20252647311277797  0.21526215661975259
  0.22707665998767071  0.23812111661641350  0.24856824321644108  0.25846844049670126
  0.26793389049443594  0.27698193060642412  0.28569718728591514  0.29412988550566183
  0.30222555734297779  0.31012900545313682  0.31777238356917137  0.32521160771606600
  0.33254545740540253  0.33962982974501849  0.34661061366265072  0.35347403436475511
  0.36019466281338891  0.36681018422686346  0.37332749791535708  0.37973722067981280
  0.38606267707418479  0.39233380896040976  0.39853031630430374  0.40461716738685843
  0.41066358471524639  0.41666157337768445  0.42259013655208366  0.42848023410522545
  0.43434811443526511  0.44017608059834240  0.44594930981519698  0.45170701615938219
  0.45744052690004233  0.46314206862011292  0.46882348888738762  0.47449722651154314
  0.48016432130954667  0.48582120814039953  0.49146983205338424  0.49710861078066465
  0.50274573165492309  0.50839292067534925  0.51404292995485801  0.51969879466717916
  0.52536562231637007  0.53104258224160339  0.53672873703265855  0.54243391819463216
  0.54816571047762030  0.55391967144513110  0.55969688022306152  0.56551764140708538
  0.57138922598481778  0.57729074157925153  0.58322498653957866  0.58922868300058984
  0.59527548955983689  0.60136299793039394  0.60756901859478496  0.61384407432155486
  0.62017445008931993  0.62659587779801684  0.63313156020630301  0.63976389401242639
  0.64649520562113982  0.65336410616903950  0.66034684752209349  0.66744590501317114
  0.67478955796739204  0.68224997001950394  0.68990144665412712  0.69780459452849131
  0.70587666689755213  0.71429248448207294  0.72299515547167992  0.73204589911607520
  0.74149987187532429  0.75138114620484620  0.76182016129582952  0.77286550586177849
  0.78468718944637050  0.79740428525963036  0.81130642845579881  0.82679787257507797
  0.84464182145046873  0.86622065843087359  0.90033196894154988  1.00000000000000000
   1.7950175260117111E-005  -1.0000000000000000     
 F F F F F F F F
  <DiscreteSampler_grid>
  grouped_processes
  1 # 1 for a reference and 2 for a running grid.
  10 # Attribute 'min_bin_probing_points' of the grid.
  1 # Attribute 'grid_mode' of the grid. 1=='default',2=='initialization'
  0.0000000000000000 # Attribute 'small_contrib_threshold' of the grid.
  0.5000000000000000 # Attribute 'damping_power' of the grid.
 # binID   n_entries weight   weight_sqr   abs_weight
    10   10   1.187437452622409E+010   2.086083823020956E+020   1.187437452622409E+010
    11   10   1.187437452622409E+010   2.086083823020956E+020   1.187437452622409E+010
  </DiscreteSampler_grid>
