 -0.00248174541419870  0.00941708451519183  0.01954727392942320  0.03006910629931496
  0.04060566157775872  0.05113583182746625  0.06160422439309127  0.07208695076520566
  0.08253658517933755  0.09291306674893751  0.10331199473097533  0.11390430765824548
  0.12456726543894747  0.13511648452158928  0.14562809346053582  0.15619184668214708
  0.16670527927060924  0.17703160983486052  0.18738614284131647  0.19792852375245479
  0.20840073575555743  0.21879507212590443  0.22924382269682775  0.23992118124849904
  0.25054813171254509  0.26117625232600467  0.27180833912530494  0.28236152100088352
  0.29297742204679350  0.30362992325431443  0.31429569690923259  0.32470253638847979
  0.33513860784918076  0.34567505907402535  0.35622905655107873  0.36663074898568643
  0.37702803326375639  0.38737569386883514  0.39790218239931952  0.40850438565989966
  0.41922101743418583  0.42989890755613613  0.44068911610556577  0.45159782054745939
  0.46248987978552786  0.47327486778454275  0.48399777610808259  0.49457610534573615
  0.50504039792361444  0.51549655703177855  0.52608821812826889  0.53682670485773032
  0.54749073845882334  0.55811818872722330  0.56856913720778635  0.57912424126312601
  0.58975086505090035  0.60052134091315645  0.61116347905119173  0.62170494925953856
  0.63204866853921027  0.64237087824417549  0.65275211988316439  0.66312546099978964
  0.67359390563214516  0.68398320636047871  0.69449429034965815  0.70510458854056524
  0.71571849486458716  0.72638133966538576  0.73691425560811741  0.74742219533457144
  0.75797514614856565  0.76855715936676017  0.77918031011423505  0.78983129325318213
  0.80034553530403185  0.81077939501761032  0.82116027549151149  0.83155732388691228
  0.84204646966453145  0.85244274391305219  0.86287014881034985  0.87330930506956217
  0.88387748659872689  0.89441489428182186  0.90504546225728422  0.91562033388775510
  0.92629036951203858  0.93693014180078571  0.94741728584740559  0.95796800027974827
  0.96851400291081358  0.97907504534347978  0.98953603724242356  1.00000000000000000
 -0.00251849289266198  0.00946980598032826  0.01952243067068936  0.03020614512697689
  0.04074980470261316  0.05125657590671839  0.06169691015203715  0.07233089735913091
  0.08308522034862156  0.09393956638287369  0.10474590670064206  0.11544124560192796
  0.12613297626005573  0.13668276309888705  0.14713611481441283  0.15749866618251690
  0.16795545316572816  0.17848938992315563  0.18899182963051528  0.19950445077771062
  0.20994628474946775  0.22034517132521553  0.23077885824068048  0.24114173734773275
  0.25148197640609049  0.26192386795292272  0.27235989527883514  0.28300612927568519
  0.29370717099934485  0.30444675507664176  0.31523956288068378  0.32588709809236210
  0.33662075654848478  0.34730794613619165  0.35795963543118114  0.36843694201469845
  0.37893822534271976  0.38941342456430378  0.40009423135869293  0.41084294099695490
  0.42164300356021983  0.43232819668772865  0.44299595535953484  0.45380767035346348
  0.46457839908171789  0.47531797990864888  0.48596366430748467  0.49667959003376305
  0.50720901594146450  0.51769544578015536  0.52807508640590028  0.53835561068256366
  0.54868186551254750  0.55901278052332914  0.56946363981433645  0.57999107118464810
  0.59052736551776885  0.60105339938970548  0.61157167342371699  0.62205358481249828
  0.63259865073625898  0.64314856665784825  0.65374782563281397  0.66441758429801290
  0.67488022200152464  0.68540115880324959  0.69581965523229938  0.70629786922121696
  0.71662016883066026  0.72697092257109108  0.73738154780720178  0.74780741396369932
  0.75831304639325314  0.76876968593415285  0.77941920148617183  0.79002870004335723
  0.80070595366515229  0.81136159324108070  0.82180081572840824  0.83219628097414866
  0.84253792369777891  0.85295208292959490  0.86328147728764437  0.87363924643509527
  0.88399017463273466  0.89428725412227905  0.90459275881651113  0.91494164579605519
  0.92550972137022225  0.93605261574282717  0.94672420197662877  0.95737885224917729
  0.96808027674659780  0.97873000704655899  0.98937506996491464  1.00000000000000000
 -0.00244839408580120  0.00945561139878822  0.01949846159375291  0.02984046630157225
  0.04027161134500885  0.05096977208560183  0.06170629157971393  0.07235669218654751
  0.08292476984141353  0.09348142671845618  0.10412850237607789  0.11457660144091722
  0.12511939618094828  0.13578495030667462  0.14639964090319776  0.15671202622956418
  0.16708770127625691  0.17752944528575548  0.18804267128703980  0.19837715446052101
  0.20873613211617248  0.21923149668974870  0.22995624250243107  0.24049778660763682
  0.25110091102890292  0.26137305307572989  0.27177749136486445  0.28225867784482017
  0.29272558510662694  0.30313290733823889  0.31357980842967703  0.32411683891742876
  0.33461845306214777  0.34494136605469150  0.35514386900185652  0.36564088056614391
  0.37612938080563346  0.38693263839290443  0.39757412283001398  0.40821690357485368
  0.41881594377926140  0.42929691171841639  0.43972343903836281  0.45008475756126876
  0.46057973666028806  0.47110411600352542  0.48161080426090630  0.49227515955988965
  0.50280301338146904  0.51339951842037379  0.52376619976088645  0.53423563612740643
  0.54465456084201125  0.55529136187952954  0.56597013365335769  0.57669963218929354
  0.58755132596665494  0.59845510452277229  0.60923218511093391  0.61978237717548379
  0.63030420971345169  0.64083994283830359  0.65125330786398017  0.66165083293629368
  0.67214764356819934  0.68283014551395860  0.69345991968267584  0.70401522499018232
  0.71461983366584281  0.72522469437019887  0.73568222926124971  0.74598919445553491
  0.75630102842109359  0.76676592449964176  0.77736707457210352  0.78794741478983488
  0.79857142045729868  0.80907059371986967  0.81957685302897221  0.83004615618587385
  0.84066409836368949  0.85129362233634009  0.86200154838839371  0.87269519689642316
  0.88334178301976929  0.89393277921163250  0.90449115076251019  0.91507431123667149
  0.92554055108467703  0.93597159084709258  0.94650567254139018  0.95715878335257554
  0.96788147713041706  0.97859006693855211  0.98929506332950445  1.00000000000000000
 -0.01705940825013164  0.09911049973656950  0.13335503213329078  0.15510439738942167
  0.17298627942216288  0.18846468879479483  0.20240912762751168  0.21516354827360240
  0.22699170651093797  0.23803660238200613  0.24848404464221874  0.25839071905263195
  0.26786532486164222  0.27692520972490881  0.28562980903346857  0.29404534371575625
  0.30212492953970826  0.31003129004250246  0.31769038247829112  0.32515401465280164
  0.33250068216929579  0.33960212479776564  0.34658848680169263  0.35346110660843666
  0.36019352616854194  0.36682100655326405  0.37335023546614632  0.37976399070518874
  0.38608889303948635  0.39236649828257780  0.39857084241447494  0.40465779093064325
  0.41071666427100795  0.41672554921156457  0.42266026284538472  0.42855771560202355
  0.43441916767376115  0.44024509704524539  0.44602298063495194  0.45178073263871982
  0.45750851651990043  0.46320545810452773  0.46888563835484937  0.47455668506893733
  0.48021921648317906  0.48587269797168686  0.49151693700379007  0.49714870733200484
  0.50277588534717943  0.50840066875798184  0.51402773780578348  0.51966179900141996
  0.52530472251878157  0.53096672112697330  0.53664468867744530  0.54234842104512315
  0.54808845389198368  0.55385320398650462  0.55964350399694873  0.56548517804295628
  0.57136682342412559  0.57727273505774035  0.58321553818497751  0.58923491075211654
  0.59530357526858946  0.60139812300887741  0.60760070323756232  0.61388122763392505
  0.62022220087106539  0.62664712602580641  0.63317236747180328  0.63978703261430259
  0.64650737715012341  0.65338308436688419  0.66038357406868031  0.66749677301722765
  0.67484538239648839  0.68230544841013163  0.68996067123517268  0.69786456113805673
  0.70594009312575301  0.71436481699322396  0.72307374374641586  0.73211166685388707
  0.74156392313990471  0.75145616554570294  0.76191295614553456  0.77297946480276003
  0.78482565267442439  0.79758712485250138  0.81152721995351285  0.82700073391602136
  0.84488882619225736  0.86657152687875016  0.90082389409153785  1.00000000000000000
   1.7843043267572368E-005  -1.0000000000000000     
 F F F F F F F F
  <DiscreteSampler_grid>
  grouped_processes
  1 # 1 for a reference and 2 for a running grid.
  10 # Attribute 'min_bin_probing_points' of the grid.
  1 # Attribute 'grid_mode' of the grid. 1=='default',2=='initialization'
  0.0000000000000000 # Attribute 'small_contrib_threshold' of the grid.
  0.5000000000000000 # Attribute 'damping_power' of the grid.
 # binID   n_entries weight   weight_sqr   abs_weight
    10   10   1.185851399610666E+010   2.145219387544376E+020   1.185851399610666E+010
    11   10   1.185851399610666E+010   2.145219387544376E+020   1.185851399610666E+010
  </DiscreteSampler_grid>
