 -0.00252282983590434  0.00953272004303135  0.01970247291976379  0.03022373628194519
  0.04076267193495427  0.05130466624784692  0.06184557027429931  0.07238652598787527
  0.08291611953236483  0.09344603187172748  0.10398101343772932  0.11452852139083217
  0.12507087381199233  0.13561256728259899  0.14615248025200386  0.15669117575712049
  0.16723507979527785  0.17776947404389321  0.18831034826040818  0.19884911544341149
  0.20939200326633656  0.21993342661733387  0.23047119433523600  0.24101332199504397
  0.25155593614064914  0.26209803041977703  0.27264186691098513  0.28318586231918724
  0.29373649732954615  0.30428050360742981  0.31481923725788941  0.32535467212868363
  0.33588276801115313  0.34641699934449982  0.35695222619024086  0.36750172350754146
  0.37805057746683535  0.38859976943696123  0.39914832522985128  0.40969357644995757
  0.42023090031493027  0.43076933859899519  0.44131170737932129  0.45186168010882460
  0.46240997035309012  0.47295239117423271  0.48349191829375715  0.49402908019946556
  0.50457033458634315  0.51511609667995617  0.52566535810987081  0.53621440325698300
  0.54676144607314026  0.55730855119023703  0.56785522120346643  0.57839744097277046
  0.58893312269609055  0.59947106556356122  0.61000679648265144  0.62054752706303706
  0.63108143664015881  0.64162383671758749  0.65216144112506846  0.66270540633575459
  0.67324308753574691  0.68377912898744708  0.69431624514999135  0.70485638528639671
  0.71540445872014835  0.72595022934450637  0.73649825731030194  0.74704469057900169
  0.75759367736590710  0.76813286768370037  0.77867418311262060  0.78921465662275792
  0.79976464923321788  0.81031318764270577  0.82085246436425674  0.83138936732278701
  0.84192702597020241  0.85247290465870840  0.86302132180222291  0.87355836045359436
  0.88408979051719139  0.89462389721328583  0.90516015485276813  0.91570369223475645
  0.92624264206593843  0.93679024723633841  0.94733121743053361  0.95787984609742205
  0.96841044882379579  0.97895110391891527  0.98947578132341563  1.00000000000000000
 -0.00219240085523778  0.00962618362024225  0.01980560198503155  0.03033363513972771
  0.04088376260513562  0.05143163430192563  0.06197901215873391  0.07252942057102273
  0.08306625444797698  0.09360326872826015  0.10413762516586332  0.11467889848192425
  0.12521624169045731  0.13575452974753960  0.14629584886921315  0.15684159586788976
  0.16738367664141862  0.17792734215758163  0.18847207805048488  0.19900885916703781
  0.20954513916825637  0.22008182026375159  0.23062702150387476  0.24116443434333643
  0.25169174737336747  0.26222206691966005  0.27275992947792349  0.28330578214504770
  0.29385174780787415  0.30440084797915890  0.31494640932259804  0.32549245888680672
  0.33603547221321306  0.34657995758240845  0.35712115735516647  0.36765396763715835
  0.37818763462565952  0.38872239880406062  0.39926304634269966  0.40980736145406349
  0.42035147181046711  0.43090116501881698  0.44144973565608286  0.45198599208900514
  0.46252371166694140  0.47304939829834286  0.48358188230071453  0.49411159654553455
  0.50463864875064535  0.51516242579986626  0.52568781305032242  0.53622664457419777
  0.54677133217288898  0.55730836386378635  0.56784022306241899  0.57837546881297042
  0.58891598083843943  0.59945191875462767  0.60998881288571938  0.62052083692657134
  0.63106516664233403  0.64160618281664272  0.65214374369374650  0.66267979918424957
  0.67321080744600659  0.68375179124977481  0.69429355734937570  0.70483999122806829
  0.71538676644464483  0.72592898982617593  0.73645962019702205  0.74699028420633207
  0.75751980110045247  0.76806396004870447  0.77860327747262514  0.78914683212999015
  0.79969062419576231  0.81022832221491115  0.82076928453791098  0.83130412175205082
  0.84184984466508084  0.85239344856238308  0.86294485799306264  0.87348773517149114
  0.88403000827421629  0.89456783285456143  0.90511148618135662  0.91565625065689438
  0.92620454677715525  0.93674563278935208  0.94728719486071888  0.95782995082387268
  0.96837652534953833  0.97892390815717600  0.98946114818244335  1.00000000000000000
   1.2071392429240427E-009  -1.0000000000000000     
 T F
  <DiscreteSampler_grid>
  grouped_processes
  1 # 1 for a reference and 2 for a running grid.
  10 # Attribute 'min_bin_probing_points' of the grid.
  1 # Attribute 'grid_mode' of the grid. 1=='default',2=='initialization'
  0.0000000000000000 # Attribute 'small_contrib_threshold' of the grid.
  0.5000000000000000 # Attribute 'damping_power' of the grid.
 # binID   n_entries weight   weight_sqr   abs_weight
    10   10   1.946898240000001E+006   3.790412756915101E+012   1.946898240000001E+006
  </DiscreteSampler_grid>
