 -0.00256030871524174  0.00960314925005757  0.01988590823938268  0.03044978318981392
  0.04095334469810315  0.05145598016413355  0.06198464738469064  0.07256715947437262
  0.08304232857147432  0.09357282310418243  0.10404970585412728  0.11453680905285328
  0.12506101776631168  0.13574428829986782  0.14638791787784841  0.15696906796166898
  0.16755856050674559  0.17804210085866051  0.18858097041356700  0.19910277769064161
  0.20960032737430234  0.21999740580757085  0.23038705813304619  0.24100332966666510
  0.25161799612185970  0.26231874351632045  0.27297536425337315  0.28367416478256041
  0.29435041282489310  0.30500967151953501  0.31567508110928250  0.32620870420890918
  0.33667941189353806  0.34710310257141475  0.35768570308855485  0.36834776297935989
  0.37908324410991051  0.38970058393967144  0.40035719312984402  0.41103449859596780
  0.42169010189760009  0.43221094662526172  0.44270685035663304  0.45321420768545545
  0.46372685292940247  0.47422077977686994  0.48463912126052022  0.49510016320622402
  0.50564713846824527  0.51624301515553039  0.52673143732030758  0.53713444468981908
  0.54741026374145374  0.55775433127576468  0.56809163367278226  0.57844568548134201
  0.58880266196815367  0.59906217731347511  0.60933077264705149  0.61957400592775469
  0.62993624125695824  0.64027621721310568  0.65066069503304369  0.66106600594894160
  0.67166010205662208  0.68243070025016384  0.69297169924366020  0.70337313518125555
  0.71366853061420643  0.72402829849467709  0.73443497282276160  0.74488611665222138
  0.75539029979331396  0.76600994516869980  0.77664189404571593  0.78728861078532641
  0.79795067499243422  0.80859301684777452  0.81918216436376645  0.82978191532009060
  0.84049173358842122  0.85122820039239233  0.86193159213554726  0.87266907583064091
  0.88361604013870199  0.89440142354225582  0.90508011952060674  0.91567077155579935
  0.92637896707915190  0.93705416579657153  0.94752942221863745  0.95815472883630992
  0.96870757060607260  0.97917398016722068  0.98951211127398198  1.00000000000000000
 -0.00246037071056239  0.00948871598780017  0.01950413162299635  0.02995077394086575
  0.04047080464212028  0.05109547958287182  0.06168270331012937  0.07219483971641587
  0.08264259316143431  0.09307515991526287  0.10338916746792290  0.11362265042798662
  0.12393686907011491  0.13444382052817327  0.14507930930505741  0.15558228080665729
  0.16608365161077207  0.17680128763465702  0.18751379344384406  0.19800298264438729
  0.20838468747929295  0.21892178264039175  0.22954418757358033  0.24023601403662589
  0.25086173537735601  0.26151736286378835  0.27207115087113992  0.28250309239738225
  0.29302683647315059  0.30338807792076444  0.31376719509429851  0.32418474409526105
  0.33458338482526506  0.34517057442343912  0.35572957287357443  0.36653690072689449
  0.37730389296730565  0.38800811924858059  0.39879373178430588  0.40950423505614147
  0.42020908369200949  0.43075489427897334  0.44132906764059632  0.45185171078037228
  0.46228569913968443  0.47268000591075476  0.48315663258080144  0.49381647645706261
  0.50442898605317465  0.51504027656539064  0.52568652771265612  0.53643308719210037
  0.54713664765664183  0.55780439520912162  0.56846627845890996  0.57916016919523450
  0.58978287615979774  0.60040352677650455  0.61108383970502267  0.62168692244166546
  0.63225872619387147  0.64269315737836463  0.65310303168566841  0.66351922201047298
  0.67398069346627343  0.68439338789644455  0.69483790123659339  0.70529394313383464
  0.71589771813428271  0.72662653007218725  0.73737757059744558  0.74800363640384993
  0.75841613106956118  0.76890427304471753  0.77949637207902245  0.79023299989678086
  0.80084661177908856  0.81158981397535046  0.82228740760193908  0.83299221103218590
  0.84358058124392665  0.85417063105515967  0.86454578504614965  0.87495726837379495
  0.88533420536995910  0.89577849482187610  0.90605875788507095  0.91634413130069714
  0.92682972834292376  0.93728344229825200  0.94775403721987805  0.95816727108751443
  0.96879179215595890  0.97919304777716765  0.98959539091687609  1.00000000000000000
 -0.00240794793201722  0.00940368516723117  0.01929428668110370  0.02947749775308478
  0.03963865581768518  0.05009792127591127  0.06054104312483688  0.07101047948140646
  0.08134634746471611  0.09180788444903742  0.10239348578222625  0.11278422381003739
  0.12313564883952299  0.13359799048728935  0.14419358208256519  0.15482135583703191
  0.16549161894149367  0.17600977837023773  0.18664094968214470  0.19701418817077632
  0.20740326222098543  0.21766725422596622  0.22805714071517300  0.23880323747121943
  0.24959100867004952  0.26024585971201164  0.27092935049645139  0.28130900745725690
  0.29176208109563162  0.30209389729641228  0.31249225400444991  0.32283996212195326
  0.33315394637813189  0.34371817372068159  0.35418320110290186  0.36471542541044494
  0.37531730781638328  0.38600878165454561  0.39662166455181497  0.40718982828842964
  0.41770669551592965  0.42815163010173346  0.43869540363350557  0.44934993469928758
  0.46009481997898050  0.47074855230927276  0.48148028021661954  0.49226450277418776
  0.50292811690915862  0.51350348960894276  0.52401132692609598  0.53446461590266181
  0.54490351209751797  0.55539482579759403  0.56595978557479709  0.57658175970967884
  0.58724001733436837  0.59793210518523410  0.60848181151045910  0.61909642123654673
  0.62968234262825751  0.64028053031307541  0.65067556897074474  0.66099196498959878
  0.67142502782611124  0.68191535355752186  0.69254820352602453  0.70313833142285753
  0.71371380872812795  0.72426544322298136  0.73477481924068344  0.74521842952104977
  0.75576608030287784  0.76627337306571397  0.77686255150238703  0.78721542146345380
  0.79772356036115433  0.80828018621904374  0.81894958026307541  0.82963539316530233
  0.84040536807757082  0.85116794654364802  0.86186426234030078  0.87259986583619031
  0.88326561794189840  0.89382567312415606  0.90436536989634941  0.91500565585473026
  0.92566450078675155  0.93631504191509995  0.94676274622981216  0.95732235109912212
  0.96788820230660766  0.97865073741876596  0.98928899062690823  1.00000000000000000
 -0.01751420740016852  0.09988727784709833  0.13384740592811775  0.15540642706884383
  0.17307445063618895  0.18836281496033375  0.20222222398549991  0.21497163276038567
  0.22682204004759404  0.23788040659881643  0.24831176107037661  0.25818011026335702
  0.26762178034804485  0.27667789049291469  0.28540258160818083  0.29384013516653373
  0.30191934435670725  0.30981927798397418  0.31748661265096567  0.32495325210484421
  0.33230934789454036  0.33941738098648050  0.34640514495845520  0.35327496115402290
  0.35999309393229301  0.36660409722408732  0.37312386843161244  0.37953731304301386
  0.38586624925106777  0.39214638139499264  0.39835948238452784  0.40446398799328592
  0.41052970776201003  0.41655036381458321  0.42249305574390633  0.42840052171776943
  0.43428577472378366  0.44012649891358890  0.44591073444812312  0.45167201397527840
  0.45741188689076273  0.46312715434634361  0.46882766014412092  0.47451774917177120
  0.48018875534565331  0.48583781173013285  0.49147095486325293  0.49709504939075838
  0.50272892944547132  0.50836407658021554  0.51400499777273945  0.51965535742110980
  0.52532179742495377  0.53100188536472781  0.53669446091392470  0.54240531655527124
  0.54814234874705547  0.55390241132958706  0.55968001074968177  0.56550298563796231
  0.57136234766033223  0.57725407269318185  0.58318555978487352  0.58919130233689732
  0.59525289851916319  0.60134041101865998  0.60753882464571385  0.61381539574623623
  0.62014912616400841  0.62657084528325291  0.63310173463823749  0.63972775588156316
  0.64645714359677375  0.65333145563779782  0.66032331303210101  0.66742583964742574
  0.67478499895673716  0.68223871422203730  0.68988988668883855  0.69779315046089430
  0.70588459421503247  0.71432446971055652  0.72304290382421621  0.73210396499547803
  0.74157980390592382  0.75148052913478758  0.76192000622217337  0.77296353105091364
  0.78477729425823139  0.79748344155681028  0.81137618253798982  0.82684938276585784
  0.84476235584046944  0.86636131655334947  0.90047616986989942  1.00000000000000000
   1.7902515733717084E-005  -1.0000000000000000     
 F F F F F F F F
  <DiscreteSampler_grid>
  grouped_processes
  1 # 1 for a reference and 2 for a running grid.
  10 # Attribute 'min_bin_probing_points' of the grid.
  1 # Attribute 'grid_mode' of the grid. 1=='default',2=='initialization'
  0.0000000000000000 # Attribute 'small_contrib_threshold' of the grid.
  0.5000000000000000 # Attribute 'damping_power' of the grid.
 # binID   n_entries weight   weight_sqr   abs_weight
    10   10   2.382461487563002E+010   6.602823891311728E+020   2.382461487563002E+010
    11   10   2.382461487563002E+010   6.602823891311728E+020   2.382461487563002E+010
  </DiscreteSampler_grid>
