 -0.00247394556415052  0.00939917589568459  0.01951683888808082  0.03003010393779042
  0.04057227581059467  0.05110459286935571  0.06157484590064224  0.07207828932508774
  0.08254566987655149  0.09291844468444031  0.10330686402560026  0.11389557504834286
  0.12456525679214107  0.13511603211422654  0.14562944980059689  0.15619984749151342
  0.16671570319901916  0.17703978032636716  0.18740100727481920  0.19791588110977409
  0.20837264802216574  0.21874552368112249  0.22918786803119501  0.23984883542584418
  0.25044889130588149  0.26106275584088656  0.27168924393596849  0.28225067410922006
  0.29288116808296227  0.30351710706052615  0.31419226830115676  0.32459606119067341
  0.33502989965062607  0.34554608936460512  0.35608454837220038  0.36646489864127518
  0.37683349320011916  0.38716663584466499  0.39768123145367013  0.40827964138694078
  0.41898726493584482  0.42967528927478449  0.44048048246128030  0.45138635711755642
  0.46228486333444607  0.47304500815216000  0.48376773655879413  0.49432464077622029
  0.50478757105866923  0.51524946537133720  0.52585648658103634  0.53659869798721682
  0.54725174142482524  0.55786785636106162  0.56832324861127392  0.57889120476698108
  0.58953649742391656  0.60031267343036177  0.61094089628762427  0.62146473532106528
  0.63182333265225710  0.64217847986030030  0.65257724931239780  0.66295463321657611
  0.67342023537348583  0.68382590274662336  0.69433385099877942  0.70493564818823051
  0.71555205015799483  0.72621534639675811  0.73675091128245285  0.74726266537085506
  0.75782093166221587  0.76841402411275994  0.77904271366681432  0.78970573944189770
  0.80022688941870457  0.81066818548799902  0.82104844284204537  0.83145127751024095
  0.84193217016429278  0.85234090096868509  0.86278937411095513  0.87324152669903332
  0.88381361062066066  0.89435818883960538  0.90501002913008843  0.91560388574163587
  0.92627526815614458  0.93691706924980489  0.94741325299165402  0.95797246694412796
  0.96853421183393507  0.97909885041065592  0.98955402188472419  1.00000000000000000
 -0.00252178289718744  0.00949375566788090  0.01955379454837593  0.03023619400606183
  0.04076151489673487  0.05125168595362435  0.06168994306765724  0.07231953402430694
  0.08308442413578127  0.09393787863322303  0.10474601467127410  0.11541453745925510
  0.12609816438756685  0.13665338943975974  0.14711714288345873  0.15747021756679980
  0.16791368776553350  0.17843345965302626  0.18893585670625598  0.19943039222290401
  0.20986013184634436  0.22022905990500402  0.23064234813910928  0.24098916434300480
  0.25131249916386716  0.26176372337997017  0.27220475142034706  0.28285058945437497
  0.29355998427532859  0.30429523331092928  0.31509542853260702  0.32573559635239424
  0.33648068275330995  0.34716845840832689  0.35782017994291032  0.36829562030070634
  0.37880252794270985  0.38926155044294225  0.39994824125936024  0.41070392887586188
  0.42151588316146404  0.43220638608833567  0.44289048883484544  0.45374459216054508
  0.46455281557473826  0.47534038669817208  0.48601824881819883  0.49677437454899204
  0.50728481852831975  0.51778128945755253  0.52816322386665193  0.53845219402897804
  0.54877389986308911  0.55910429022007213  0.56953350426526106  0.58003821155735069
  0.59056849008670265  0.60109441181374923  0.61161861286795083  0.62208689182296251
  0.63263752563350573  0.64318994358517012  0.65379514568623753  0.66447253527352779
  0.67494927901715063  0.68547876084561021  0.69589576784975715  0.70637477185302566
  0.71668631393918913  0.72703307935273997  0.73744295561403961  0.74786641266820031
  0.75837100195928708  0.76880530985121198  0.77945579312094604  0.79006579439417679
  0.80075284161287075  0.81140933480031818  0.82184373032239355  0.83223279951836793
  0.84256581760363158  0.85297553027461226  0.86329880832819716  0.87365943203302165
  0.88401150462896905  0.89432133407830217  0.90464194620993787  0.91500057222837217
  0.92556011784950099  0.93609406298795172  0.94675877684219789  0.95741089616796515
  0.96811034252554529  0.97875204603939547  0.98938806440536320  1.00000000000000000
 -0.00244447311333581  0.00945536915926277  0.01949666345269889  0.02983639169831245
  0.04025787881252938  0.05094815125711755  0.06167930009167022  0.07234665895117022
  0.08292623328040867  0.09347905277988394  0.10411968110534763  0.11457547935448188
  0.12512904174237685  0.13580331644134644  0.14641910118899193  0.15672983173244126
  0.16710005709133993  0.17754683327144558  0.18806444009720116  0.19839422079160487
  0.20874012330147051  0.21923891669491122  0.22996670159124191  0.24051290810100667
  0.25112138410964524  0.26138367173429544  0.27178996237239311  0.28227089382618947
  0.29272298907555594  0.30309313184231595  0.31350520791284564  0.32403075894595129
  0.33453220276248380  0.34484266877622877  0.35503189329731344  0.36553383920029364
  0.37601700069881561  0.38681278808880581  0.39743255211472295  0.40806772769727345
  0.41867167704483210  0.42915820617772094  0.43958641125614545  0.44994752343977185
  0.46042776062905133  0.47093882031246115  0.48143861473820021  0.49209998493992974
  0.50263225514324361  0.51323099705051622  0.52360846223623181  0.53408398935773560
  0.54450208838038394  0.55512885722909522  0.56579898169306653  0.57653358663658005
  0.58737726533725498  0.59826267445634418  0.60904448215956952  0.61960600461306692
  0.63013774593257077  0.64066296530126721  0.65107638170929660  0.66147669592443714
  0.67196598502652838  0.68264984982210486  0.69328865378562765  0.70386099991089046
  0.71447047827964039  0.72509735435504841  0.73557978851605921  0.74592771886347831
  0.75627368943090667  0.76675502175198418  0.77733947431713379  0.78789546486397777
  0.79850911862118779  0.80901680741375892  0.81953285334448278  0.83002204963587045
  0.84064907192017335  0.85128683583703502  0.86199891656584016  0.87269911145425527
  0.88334848127437060  0.89394131656797660  0.90449639617831490  0.91507556232804954
  0.92553129685973701  0.93597933217514029  0.94651978247238855  0.95717343220346940
  0.96788669391598270  0.97858700844368263  0.98929774930567216  1.00000000000000000
 -0.01705823861580576  0.09916621267105064  0.13339740463568650  0.15513601900193660
  0.17301117686420653  0.18848213821250875  0.20242414942997422  0.21517914398167443
  0.22700886116071053  0.23805517646031060  0.24850151890777006  0.25840637950899853
  0.26787935663377893  0.27693770493668568  0.28564230147812331  0.29405692201459954
  0.30213584954954370  0.31004125086891399  0.31769974003388207  0.32516211505506953
  0.33250779449745849  0.33960853572347821  0.34659408382479312  0.35346557638483328
  0.36019604998049015  0.36682134564836927  0.37334828600180037  0.37976078094289983
  0.38608698762777732  0.39236765530308998  0.39857516809199034  0.40466410748481502
  0.41072372639288296  0.41673295450944398  0.42266900738466523  0.42856574856770291
  0.43442692678972050  0.44025149193568425  0.44602834450227480  0.45178520422745011
  0.45751184015621393  0.46320744337422959  0.46888639400441490  0.47455633617952780
  0.48021793754408948  0.48587106503084676  0.49151509969893181  0.49714713315751613
  0.50277338523632475  0.50839719129569416  0.51402254595919894  0.51965576428025728
  0.52529867642104411  0.53096087052944163  0.53663939127933691  0.54234368602130290
  0.54808441555336340  0.55385069695973399  0.55964248339042988  0.56548554243959670
  0.57136795508239047  0.57727407142294318  0.58321718322261717  0.58923587231313068
  0.59530507092111706  0.60140108719130658  0.60760599869404519  0.61388845581754470
  0.62022980445164355  0.62665431726223220  0.63317845355920988  0.63979134457082987
  0.64651042777258994  0.65338553839879843  0.66038641930633268  0.66749910622114372
  0.67484473006602830  0.68230182544705320  0.68995504723718082  0.69785802102007577
  0.70593300651760016  0.71435535924738414  0.72306150379739520  0.73209685657370305
  0.74154848817695618  0.75144089895827382  0.76189666769337072  0.77296118576017470
  0.78480641828639386  0.79757235619616373  0.81151815507298608  0.82699090872372483
  0.84487453908691323  0.86656839936899832  0.90083992251144007  1.00000000000000000
   1.8013131783382965E-005  -1.0000000000000000     
 F F F F F F F F
  <DiscreteSampler_grid>
  grouped_processes
  1 # 1 for a reference and 2 for a running grid.
  10 # Attribute 'min_bin_probing_points' of the grid.
  1 # Attribute 'grid_mode' of the grid. 1=='default',2=='initialization'
  0.0000000000000000 # Attribute 'small_contrib_threshold' of the grid.
  0.5000000000000000 # Attribute 'damping_power' of the grid.
 # binID   n_entries weight   weight_sqr   abs_weight
    10   10   1.185851399610666E+010   2.145219387544376E+020   1.185851399610666E+010
    11   10   1.185851399610666E+010   2.145219387544376E+020   1.185851399610666E+010
  </DiscreteSampler_grid>
