 -0.00245824553014396  0.00963603474922844  0.01992146176456732  0.03044144116778332
  0.04107315504529262  0.05165887799155994  0.06221071238653501  0.07260865836453527
  0.08311458807519810  0.09363417790081027  0.10418349859160657  0.11470151798760822
  0.12510656272949497  0.13548122814625732  0.14596690965357575  0.15651084139265359
  0.16701002295229850  0.17735547849464026  0.18777903393532611  0.19829597924801129
  0.20873708583566247  0.21928208806271249  0.22979173657339380  0.24049999969717617
  0.25121273385945442  0.26197597587776916  0.27264965819901066  0.28317214669183999
  0.29366683390710441  0.30410984394507468  0.31457723177512131  0.32522707524373090
  0.33586050318627814  0.34678374363384223  0.35758895643903954  0.36850834613185762
  0.37913637243192017  0.38977763521593145  0.40040717821304705  0.41090209630972957
  0.42135897994655924  0.43161180082151163  0.44186181811030745  0.45189724368904888
  0.46204394003888066  0.47221149333397738  0.48253297823098878  0.49312970606197248
  0.50370728272594445  0.51418842756969840  0.52442683695274139  0.53480445763256912
  0.54524688695404311  0.55599741756687604  0.56672809264511703  0.57757335927833087
  0.58822570234848714  0.59910420594828317  0.60979968966788156  0.62053660048104486
  0.63125882767338160  0.64189113004185439  0.65249106744733321  0.66298244631897918
  0.67348224494621323  0.68397029879824156  0.69442542371669447  0.70489921861557936
  0.71525877484280442  0.72550125791741127  0.73587206759547119  0.74619878997771993
  0.75657608300470713  0.76690649404746492  0.77737490884388094  0.78787416021322909
  0.79835944545666937  0.80880459821047668  0.81929415456369847  0.82993232672904860
  0.84071923826624728  0.85155544658054871  0.86222804081393201  0.87281452024283934
  0.88331902382878413  0.89383010464915891  0.90456096957867749  0.91530988320536133
  0.92604949280212168  0.93669589545476217  0.94751005891756002  0.95834885928495195
  0.96879734805008344  0.97918244451596637  0.98956346868936629  1.00000000000000000
 -0.00245461836612889  0.00962915769347328  0.01949869853477162  0.02994534719171547
  0.04028805107140289  0.05095532148463747  0.06148619793816353  0.07196767396967316
  0.08236350966679218  0.09287127165351347  0.10324717378435368  0.11391077631631542
  0.12453891048359721  0.13533182280443568  0.14613723103345408  0.15692911834578946
  0.16770864471781455  0.17819022544933666  0.18862036542862912  0.19896981884618056
  0.20942801885226925  0.21989133527229679  0.23044287153543278  0.24111118985538313
  0.25180422504918665  0.26234720385550792  0.27285494538390853  0.28343031522053452
  0.29402422053313554  0.30453819475934985  0.31499235379455626  0.32549362152646549
  0.33605526340318415  0.34668351467150249  0.35740504513805466  0.36809244613773667
  0.37885971931526258  0.38964055505296946  0.40038965877661276  0.41097763273731835
  0.42152749149028862  0.43204506411747079  0.44254233286450723  0.45304715864205009
  0.46357583077117254  0.47416503112855685  0.48479901581347901  0.49543610977306485
  0.50597785508047788  0.51651909913088512  0.52714593078171579  0.53779184089146970
  0.54834755732185003  0.55878527186507232  0.56920400734537258  0.57959654999036636
  0.58993575238652529  0.60039404286882625  0.61091078314931513  0.62145971761171503
  0.63195718521083943  0.64247136132496685  0.65310006595792791  0.66369800688093628
  0.67416018316535797  0.68462999667040836  0.69510082239940008  0.70570542014829718
  0.71641423561643203  0.72707949959979035  0.73768306146170481  0.74830944023913515
  0.75894812818166557  0.76963060341333012  0.78029970298365303  0.79105448049697458
  0.80167707450097714  0.81228936881103464  0.82268734728249293  0.83300202013378144
  0.84302488135871911  0.85315739122985113  0.86346764879838167  0.87391993616648689
  0.88431568891403511  0.89472365882832272  0.90529374113034200  0.91595910537055925
  0.92641252227528037  0.93679146705221383  0.94741036838503923  0.95801955782530679
  0.96866526459914548  0.97908581857159427  0.98962155652704198  1.00000000000000000
 -0.00206583417020572  0.00960575734231845  0.01953772785694083  0.02993080055284958
  0.04036562587888138  0.05114403743020322  0.06193345790684582  0.07276126266712941
  0.08326506184075330  0.09363860337857119  0.10405446656876002  0.11464988825607683
  0.12527918899606638  0.13572194382194760  0.14613121246147998  0.15659962139636291
  0.16702601490341795  0.17746984084566889  0.18801494416088924  0.19869670959841260
  0.20946208973120717  0.22021181633141007  0.23105925761303531  0.24196039861746990
  0.25271418728922057  0.26335426518507482  0.27372231424900600  0.28392880297939443
  0.29411853279368522  0.30436700181334958  0.31470282920160125  0.32506973057719668
  0.33554048714428530  0.34616698276187513  0.35668824127859938  0.36711003781785695
  0.37754842641075798  0.38809797290948644  0.39869652237946718  0.40932022040647109
  0.41992477163404934  0.43054294808066773  0.44106372285630779  0.45154490982624507
  0.46200507095511817  0.47249808450417230  0.48298329536978646  0.49346208382896906
  0.50392424234908517  0.51444218803376685  0.52502681408466978  0.53556652520985448
  0.54605775667915313  0.55651272799269014  0.56700353020263172  0.57745470125428511
  0.58786632811230710  0.59824219495372666  0.60864834511553778  0.61912056621476919
  0.62972681880816217  0.64060500693401834  0.65135166755178719  0.66210137718681261
  0.67272547666547977  0.68338740709352352  0.69401761737054823  0.70461135618916948
  0.71531169500831870  0.72601495955815909  0.73667001494500883  0.74727728197494803
  0.75771655182937248  0.76812237152261609  0.77843543015434036  0.78876293487061022
  0.79907373246008728  0.80953209153857031  0.81999447918909818  0.83055668469345367
  0.84118858214659853  0.85190904705088755  0.86247879697334895  0.87281840396041721
  0.88318832652466361  0.89360713976190220  0.90423263290409417  0.91472576519820425
  0.92525788730497227  0.93564067286877339  0.94624697649705680  0.95693668128172982
  0.96792520687010108  0.97861969961758677  0.98936966059796072  1.00000000000000000
 -0.01765227212709187  0.09943421584531592  0.13372466400286417  0.15532693567650507
  0.17318726306452079  0.18867898804625263  0.20258410659097875  0.21532152041326125
  0.22715788126683564  0.23819892356945702  0.24862316738543053  0.25848894631495362
  0.26793533637550193  0.27698275467967537  0.28568940710095070  0.29411276281768178
  0.30219183526867210  0.31009332301464332  0.31775529796228258  0.32522789504605953
  0.33258764272597618  0.33968692685325375  0.34666900719044941  0.35353619418669796
  0.36025304028074223  0.36686054525836254  0.37337595495370185  0.37979150854736199
  0.38612780643606615  0.39241171550530485  0.39862406436839054  0.40472938036227590
  0.41080272773838195  0.41681783525750915  0.42274606791305575  0.42863388581760442
  0.43449848403757463  0.44032723574752552  0.44611770672807610  0.45189037322744802
  0.45763683323242177  0.46334588484873995  0.46902961399853332  0.47470149100790854
  0.48035874590649158  0.48600289953408138  0.49163799955655541  0.49727114787867915
  0.50290265810229295  0.50853831583200015  0.51417400536368940  0.51981837033070621
  0.52547671655736472  0.53114724980617378  0.53683011772591505  0.54253810855218332
  0.54827982725637425  0.55404516718132590  0.55983027102785987  0.56565954025705212
  0.57152909257883333  0.57742869795693330  0.58336371833050471  0.58938078995695564
  0.59543093642582245  0.60151873817309465  0.60771461323665932  0.61399117499465272
  0.62033089841044819  0.62675574870827377  0.63328264157570380  0.63989873143563580
  0.64661967149616251  0.65349355767451911  0.66048588857267021  0.66758728545423018
  0.67492326051938489  0.68237657895353809  0.69003142472524792  0.69794726391695994
  0.70603451870239231  0.71447029654228789  0.72318974110435130  0.73224212316484416
  0.74170280556972290  0.75159922180402639  0.76205266476298739  0.77311190310743283
  0.78493806228258622  0.79768358104524140  0.81162964018213823  0.82713749726748209
  0.84506623625059085  0.86667340826605621  0.90047843010127004  1.00000000000000000
   1.8846961815508527E-005  -1.0000000000000000     
 F F F F F F F F
  <DiscreteSampler_grid>
  grouped_processes
  1 # 1 for a reference and 2 for a running grid.
  10 # Attribute 'min_bin_probing_points' of the grid.
  1 # Attribute 'grid_mode' of the grid. 1=='default',2=='initialization'
  0.0000000000000000 # Attribute 'small_contrib_threshold' of the grid.
  0.5000000000000000 # Attribute 'damping_power' of the grid.
 # binID   n_entries weight   weight_sqr   abs_weight
    10   10   1.262013786685638E+010   2.657759867299363E+020   1.262013786685638E+010
    11   10   1.262013786685638E+010   2.657759867299363E+020   1.262013786685638E+010
  </DiscreteSampler_grid>
