 -0.00247611106937839  0.00960545246474565  0.01978875655861866  0.03031786970774958
  0.04086571071316333  0.05140641044289711  0.06194427378615169  0.07248820309266416
  0.08303535072312870  0.09357289295476463  0.10411221720394755  0.11465660340236504
  0.12519234544711416  0.13572875824143157  0.14626134086129644  0.15681525521205994
  0.16735251660361652  0.17787787524734150  0.18840266821636159  0.19894230416279529
  0.20948329369921781  0.22001910599064661  0.23054785500099206  0.24108888585294955
  0.25162967695596938  0.26217899669569694  0.27272709346273843  0.28327066538571094
  0.29380979293883652  0.30435097006637601  0.31489518804434991  0.32544291856857882
  0.33598091273336900  0.34652520450924434  0.35706917839645586  0.36761397723062644
  0.37814978540394995  0.38867869063348653  0.39920588647956262  0.40973964414908981
  0.42028035001168734  0.43082449815392865  0.44136508407765657  0.45190461312198138
  0.46245089225071190  0.47300391690746840  0.48355819169432862  0.49410454269603943
  0.50463578101455908  0.51516914537950120  0.52570848449624474  0.53626020481337455
  0.54680681701518230  0.55734480251349372  0.56788452418482560  0.57842946124861383
  0.58897100064945507  0.59950101079686746  0.61002609064107505  0.62056312990278040
  0.63111187088307197  0.64166382414532697  0.65220113954243009  0.66273476162493961
  0.67325543910105334  0.68378684020166491  0.69432066963680472  0.70486548399552929
  0.71540916194604309  0.72595230720303627  0.73649832777879221  0.74704698256405255
  0.75759582746175202  0.76814086730444842  0.77869055736164450  0.78923126143533151
  0.79976506288998395  0.81029921566952978  0.82084421912190531  0.83139746278735449
  0.84193477552145168  0.85246254630726159  0.86298712991783189  0.87352258988405018
  0.88406649329124809  0.89460567563151938  0.90514926037361187  0.91569412635160996
  0.92624173257084386  0.93678101558055504  0.94731766966194975  0.95786321696012244
  0.96840027471969670  0.97894277871058288  0.98946677411475115  1.00000000000000000
 -0.00252944645419024  0.00944727103280838  0.01960046866684543  0.03009853394775010
  0.04064779819712929  0.05119489441898280  0.06173751298897430  0.07227435996441524
  0.08280840597678980  0.09335361402175442  0.10389919825186816  0.11444157735553352
  0.12497736280442066  0.13550836184134615  0.14604561934363208  0.15658764351599963
  0.16713581128559896  0.17768404674406313  0.18822928448602019  0.19877806616808377
  0.20932517002158657  0.21987503623548435  0.23042755842836699  0.24096941145974293
  0.25151075622961033  0.26205169387307437  0.27259911919979696  0.28313995321441143
  0.29368017449081102  0.30421409438634028  0.31474996501946789  0.32527681580035478
  0.33580656360009981  0.34634108298659400  0.35688255019797316  0.36743149858503527
  0.37798103531745803  0.38853061724244237  0.39908085313765590  0.40963064991293091
  0.42018104884220353  0.43072550955514211  0.44127179006146083  0.45181648306992001
  0.46236048406245533  0.47290254704255014  0.48344745524571697  0.49399829511804910
  0.50455075357475143  0.51510281760166887  0.52565468619960409  0.53619487954275025
  0.54673202444252578  0.55726944247840160  0.56781826833770632  0.57836188116167608
  0.58889298678865898  0.59942194184414743  0.60995923090614723  0.62050818274443575
  0.63105168149058488  0.64158824679818360  0.65211070538542149  0.66264202294684926
  0.67317973796273278  0.68372802547284850  0.69427521279013105  0.70482270077197584
  0.71537300639997459  0.72592353570699308  0.73647353172528451  0.74701619472125880
  0.75754438232976973  0.76807360038655415  0.77860792457858485  0.78915459223395312
  0.79969942797755966  0.81024809305078282  0.82079722896836194  0.83134629449079755
  0.84189604975720189  0.85244201676052300  0.86299047792608041  0.87353931144296981
  0.88408874310675334  0.89463025815319452  0.90516975976148506  0.91571304781756735
  0.92625145417586952  0.93679325366381094  0.94733765393417912  0.95788513413743737
  0.96841402600912119  0.97894109486503766  0.98947143418948302  1.00000000000000000
   1.2074915405627117E-009  -1.0000000000000000     
 T F
  <DiscreteSampler_grid>
  grouped_processes
  1 # 1 for a reference and 2 for a running grid.
  10 # Attribute 'min_bin_probing_points' of the grid.
  1 # Attribute 'grid_mode' of the grid. 1=='default',2=='initialization'
  0.0000000000000000 # Attribute 'small_contrib_threshold' of the grid.
  0.5000000000000000 # Attribute 'damping_power' of the grid.
 # binID   n_entries weight   weight_sqr   abs_weight
    10   10   1.946898240000001E+006   3.790412756915101E+012   1.946898240000001E+006
  </DiscreteSampler_grid>
