 -0.00247564495299036  0.00926571907653459  0.01930216265717309  0.02989365775048401
  0.04051651548979163  0.05117521638486698  0.06183990331971957  0.07253625617672914
  0.08327679530313317  0.09374302503256597  0.10418204144717053  0.11458869964761349
  0.12517855060014263  0.13567519068871700  0.14632214249422337  0.15683097941582677
  0.16739532759913275  0.17783602740711679  0.18836066853001557  0.19884476229233403
  0.20946141529173434  0.22003748195856296  0.23050972548706963  0.24081294718012206
  0.25110852588766319  0.26156696005325347  0.27207216049777405  0.28252182964061939
  0.29297691413053079  0.30349282533260491  0.31402937430573175  0.32451627290110518
  0.33488497126621797  0.34518419998692840  0.35552462688250636  0.36597300042253739
  0.37646092567299344  0.38695250511797191  0.39746092532604244  0.40799371466094464
  0.41847057410168093  0.42888718003246701  0.43931487686607423  0.44977530949660544
  0.46032953844455038  0.47089992887614884  0.48146265628927998  0.49185994381190479
  0.50233992945417694  0.51305069204585663  0.52379586425282310  0.53457495786275466
  0.54533882340988027  0.55609519217186210  0.56664832395804643  0.57709224521008529
  0.58759601776023818  0.59819549079922230  0.60873993728415310  0.61927656937601916
  0.62991638978635900  0.64050319984199233  0.65117464926329127  0.66178668183872824
  0.67242149439568444  0.68299033792530262  0.69374637369910785  0.70450857169275871
  0.71508313292888470  0.72548957468642716  0.73604489910402482  0.74675322565302737
  0.75739638493556727  0.76808348092454393  0.77883874729935498  0.78959104165276761
  0.80019851393452768  0.81083842275741769  0.82136736085889517  0.83203339921281350
  0.84258998067184154  0.85318138306347990  0.86374208522589990  0.87413549069376595
  0.88453664637989737  0.89489573906428099  0.90536426973159045  0.91594632537042775
  0.92648990901554873  0.93711717174801623  0.94764889385564843  0.95815120434094059
  0.96859723152689481  0.97901229471267281  0.98948315928735764  1.00000000000000000
 -0.00263290691432366  0.00981297709666534  0.02049569702631971  0.03127091219708621
  0.04217502141503451  0.05300566809233258  0.06378054364466326  0.07439011999106319
  0.08494499236318062  0.09554724972165146  0.10605188547541450  0.11657883383441887
  0.12714930294004106  0.13784423645934532  0.14850262153913807  0.15903518049903029
  0.16950630283995899  0.17986887793667627  0.19031763941716801  0.20071468184624239
  0.21117890857249796  0.22173291821653643  0.23238617440200499  0.24313363183437167
  0.25389061598464330  0.26469331257803519  0.27527965488106659  0.28571825680561597
  0.29611866581888185  0.30649237958729236  0.31689284181635252  0.32724732945433754
  0.33763566840680997  0.34799408335978321  0.35837464303265198  0.36880597147167499
  0.37925876512668133  0.38961320455171661  0.39994082762159300  0.41026050398115005
  0.42071004239100795  0.43127720915830303  0.44188792366928192  0.45257217149153289
  0.46318128283076165  0.47375636451855807  0.48430576047379842  0.49488183922987755
  0.50551680142942190  0.51616111518525942  0.52688900201638145  0.53755757722396269
  0.54821354671369060  0.55887821828394180  0.56938227781781503  0.57987651268847196
  0.59032837946784156  0.60079876069192995  0.61117444170218771  0.62156801188124167
  0.63215455738444626  0.64266248604301646  0.65309918224221941  0.66345985986964018
  0.67388995367588689  0.68434568979355548  0.69484860400319504  0.70543880691347183
  0.71605365655216824  0.72661211796427705  0.73702592321229310  0.74751935054926244
  0.75811271226233412  0.76883186046995111  0.77926179428848008  0.78973162522557361
  0.80017929422895973  0.81066732203052316  0.82110689081928323  0.83159104754630997
  0.84221271546905818  0.85277324657447839  0.86337083042886298  0.87395056644245728
  0.88463541405934021  0.89525983700458700  0.90612851673053396  0.91698495939804103
  0.92757349849986293  0.93807182676491185  0.94843033934917009  0.95895354513642128
  0.96929538993173525  0.97952446702774298  0.98976926274370536  1.00000000000000000
 -0.00254618896426730  0.00980095394522246  0.02019276026490217  0.03079629750104616
  0.04141818397888658  0.05189708183250739  0.06236744349151368  0.07277795829206850
  0.08322416873583890  0.09388498802158941  0.10437338139746329  0.11495713270481114
  0.12543147712836011  0.13594506765868969  0.14635073102681423  0.15658603890365630
  0.16697579891430003  0.17757581937038724  0.18809609574663874  0.19844978450798972
  0.20872121776471414  0.21923228091667105  0.22970821307267600  0.24017559347059891
  0.25069067442066151  0.26136983013912268  0.27205856296260938  0.28267347651410252
  0.29320662931459274  0.30384965408314529  0.31442490507876969  0.32508120272458668
  0.33559179963766839  0.34626547671335095  0.35682194880729023  0.36723566874655389
  0.37761461920400585  0.38809085127675130  0.39846684412811267  0.40893738546532804
  0.41942218293583267  0.43018143177517021  0.44072331750179861  0.45116578740611873
  0.46159548561955316  0.47205623543965364  0.48251444995127774  0.49304037121850053
  0.50349166911378584  0.51397762237813760  0.52442601713074821  0.53495288706400024
  0.54560261373249819  0.55624322374685031  0.56686827670272888  0.57728412350946368
  0.58767538011688347  0.59805521269592288  0.60842731822530849  0.61886410087734067
  0.62931172083084563  0.63985909055492063  0.65040487689288606  0.66102692768439686
  0.67162763506069822  0.68226064004648790  0.69289513825962135  0.70358426376847671
  0.71432582527478683  0.72506538184319913  0.73580981195300377  0.74645504562289888
  0.75707443751813519  0.76758307780579016  0.77799627043166475  0.78840366574619203
  0.79882236464418188  0.80939063127695543  0.81990580963148341  0.83046522241146692
  0.84103509401502974  0.85161458223201125  0.86211302692025871  0.87252343111235520
  0.88297661606911837  0.89340243585753798  0.90385132356144848  0.91440602110723079
  0.92506334712162008  0.93588252903810465  0.94662017626770811  0.95727082169111266
  0.96780047765960486  0.97840489046208945  0.98914203362560971  1.00000000000000000
 -0.01790045005816000  0.09998596691588892  0.13396231181533674  0.15545706217529109
  0.17326111227771296  0.18869533043301054  0.20254969779829429  0.21525764169980693
  0.22708498362632665  0.23813542898168807  0.24857217209187657  0.25845936599988822
  0.26791988918802734  0.27697371219193001  0.28569953657483660  0.29414127216485697
  0.30224770869444106  0.31017122444779621  0.31782860553598197  0.32528203170495690
  0.33260726267413282  0.33968156214099748  0.34663597990039480  0.35347292485538639
  0.36018066487256867  0.36680211508685218  0.37333405969354028  0.37975065653254420
  0.38606991090094672  0.39232988086947634  0.39852409620219487  0.40461841561886275
  0.41068353384110273  0.41670660967411749  0.42264330084183604  0.42854556451073078
  0.43441650988624558  0.44024625699760372  0.44603081556921009  0.45178621801330138
  0.45751905259098069  0.46322534714151581  0.46890924975084058  0.47457662932682226
  0.48022697423614147  0.48586638398586951  0.49150092926965128  0.49714224073447427
  0.50277866452007081  0.50841753713201876  0.51406282671725245  0.51971587591106949
  0.52537920245656933  0.53105326260306562  0.53673879642823363  0.54245238319060707
  0.54819989454270401  0.55396567502176819  0.55975261387163422  0.56558089923598354
  0.57145734771209911  0.57736824727385072  0.58331714807627333  0.58934940471875041
  0.59542415513216951  0.60152787983312372  0.60773683901901654  0.61401726848775073
  0.62035044938797190  0.62676698668389375  0.63328623812741491  0.63989120429137170
  0.64658694637144221  0.65341954338069930  0.66037839329283421  0.66745881087397740
  0.67479768776710392  0.68224899519673909  0.68991123639079055  0.69782185395002916
  0.70591130625241538  0.71434493433773094  0.72307467423355554  0.73214167955787546
  0.74158735754589622  0.75144639705966298  0.76183864187974737  0.77285230750403167
  0.78464794112345415  0.79738815678340835  0.81132699831735933  0.82679391845216799
  0.84463460731829665  0.86625346903905753  0.90020561644592767  1.00000000000000000
   1.7988276654428961E-005  -1.0000000000000000     
 F F F F F F F F
  <DiscreteSampler_grid>
  grouped_processes
  1 # 1 for a reference and 2 for a running grid.
  10 # Attribute 'min_bin_probing_points' of the grid.
  1 # Attribute 'grid_mode' of the grid. 1=='default',2=='initialization'
  0.0000000000000000 # Attribute 'small_contrib_threshold' of the grid.
  0.5000000000000000 # Attribute 'damping_power' of the grid.
 # binID   n_entries weight   weight_sqr   abs_weight
    10   10   1.270250213861729E+010   2.918355242883763E+020   1.270250213861729E+010
    11   10   1.270250213861729E+010   2.918355242883763E+020   1.270250213861729E+010
  </DiscreteSampler_grid>
