  0.00952790054336673  0.01614728036751389  0.02465680730663870  0.03474073509495930
  0.04459384277836596  0.05449717457556067  0.06452955799650384  0.07451134105895799
  0.08437660711324577  0.09413600630327240  0.10437155493459556  0.11536564824349381
  0.12619775535938882  0.13755765214298271  0.14846676762559352  0.16000342266176815
  0.17092450491195899  0.18159201128606758  0.19233008161386267  0.20353434356130443
  0.21519408131794227  0.22643408774572241  0.23832909311819481  0.24997747154770505
  0.26012887995121026  0.27006750804854746  0.28011066535772905  0.29019094332858775
  0.30052652953174297  0.31058528312828709  0.32130009648436098  0.33201907002677011
  0.34287617594327563  0.35386060994720914  0.36498594480164420  0.37567575896533961
  0.38672174310834789  0.39737539982155318  0.40872895349265603  0.42025504610954945
  0.43195452993053102  0.44291999933597903  0.45354047903677136  0.46405336595263863
  0.47454534098532652  0.48481493174375179  0.49479433176984711  0.50492877159859628
  0.51489094803642543  0.52537624637686253  0.53620380150448144  0.54720042981318362
  0.55809408686037754  0.56920254548058535  0.57990447956489943  0.58957609644521725
  0.59913673766763020  0.60883359412597515  0.61961205140176123  0.63027211590670185
  0.64018022679055187  0.65013855864622128  0.66036888375675806  0.67103943130133903
  0.68154757393559584  0.69196545610654991  0.70275926413372403  0.71356659216880991
  0.72470197162163263  0.73532452676642834  0.74570731146890690  0.75607494239065809
  0.76608745019267022  0.77570745885195747  0.78498885075746516  0.79465232095376304
  0.80510855014410865  0.81597109607756335  0.82662913488878464  0.83663146863512050
  0.84657017319302974  0.85641384782904539  0.86663837360397034  0.87700253038825038
  0.88748116455029746  0.89791924171168824  0.90805607899229945  0.91846683262329076
  0.92943179224723782  0.94003799856635151  0.94994478534425186  0.95967093554554217
  0.97028430214962136  0.98088925055000598  0.99133868039279349  1.00000000000000000
  0.00125230106913859  0.01928306106183131  0.03442422580660841  0.04712282017958241
  0.05861066213755672  0.06983934866371963  0.08033994043248721  0.09073483644795377
  0.10106554367116564  0.11164346301108782  0.12257120400403193  0.13400654766992692
  0.14581589870865552  0.15726973570842273  0.16848710481953372  0.17958496456048467
  0.19027038316241562  0.20067752511974815  0.21082153092329503  0.22086629640973859
  0.23097472209472450  0.24102496626480061  0.25094588774272641  0.26064624066077252
  0.27026676089110785  0.28008669741710673  0.29001746230749725  0.29984428862733148
  0.30951755516780449  0.31920114320985421  0.32935460038076975  0.34013842460243471
  0.35111283835605067  0.36184928990596726  0.37236278321662958  0.38268807415826678
  0.39321242289440728  0.40421659538415239  0.41570075346698154  0.42714031913189870
  0.43815571544900656  0.44881085784934716  0.45905746634297789  0.46906874517267710
  0.47899895905320083  0.48885181474952649  0.49851147546812857  0.50829698043166283
  0.51846687816729786  0.52899230183854151  0.53978969806878718  0.55044553773855098
  0.56052577094805234  0.57008173120929762  0.57938495310362881  0.58955431395182656
  0.60050125125477394  0.61205749200544091  0.62352808288912753  0.63427454272253414
  0.64464091084068620  0.65504841790567780  0.66546534678185132  0.67586840999493292
  0.68608936775311713  0.69642236750051278  0.70723088010133484  0.71815486774320081
  0.72841382286474121  0.73810517645296714  0.74774839795932879  0.75824139894590437
  0.76904231451078675  0.77984385223184050  0.79112525093308694  0.80228020570773440
  0.81363503299659012  0.82475200040322683  0.83541661596873529  0.84564885002224466
  0.85585524483848285  0.86609206078769829  0.87612636549235123  0.88615276949885713
  0.89670802585263587  0.90798976692529265  0.91920415950896217  0.92976370865976332
  0.93994882891450016  0.94970324740126888  0.95921586236106060  0.96755396208378042
  0.97572718212743903  0.98345409570983588  0.99278414736843701  1.00000000000000000
  0.00000067494502165  0.00000611787847128  0.00001018021738708  0.00001454899357890
  0.00001892567232471  0.00002416791899562  0.00003088171925917  0.00003896884225819
  0.00004875841205684  0.00006099796129988  0.00007517182142726  0.00008999278653826
  0.00010532167064380  0.00012101946161372  0.00013724987538988  0.00015395313476597
  0.00017115263361134  0.00018913939463464  0.00020802225933086  0.00022825511001457
  0.00024956026972666  0.00027152310665755  0.00029511083522821  0.00032039027965164
  0.00034663975724025  0.00037360327639766  0.00040226269464264  0.00043068614519530
  0.00046006970749253  0.00049194681936265  0.00052729251428013  0.00056382212280502
  0.00060283602664461  0.00064482905397474  0.00068778729346619  0.00072958612638141
  0.00076986395087892  0.00081358921343356  0.00085769540932933  0.00090367289699913
  0.00095126837851531  0.00099572168705284  0.00104444647607231  0.00109344735114303
  0.00114400468257407  0.00119843168486674  0.00125588167477848  0.00131787798398004
  0.00138548619624860  0.00145211903222091  0.00151804203316478  0.00158350525708053
  0.00164685431084780  0.00171457485766229  0.00179865687704206  0.00189042994788757
  0.00200498928974692  0.00212662660389726  0.00224600620377925  0.00237300901881992
  0.00249523264351068  0.00262219798925938  0.00274608597899917  0.00286437602592504
  0.00297339972711094  0.00312734673433229  0.00335719255085082  0.00360382906750029
  0.00377849754407545  0.00392090942181711  0.00409781099077468  0.00427775314779334
  0.00444643725015412  0.00460468427412903  0.00477982978979216  0.00495575865758324
  0.00515808997050306  0.00540467898323262  0.00587027718697168  0.00679324471926783
  0.00792513882184503  0.00845815525125949  0.00902423103290709  0.00952205757792689
  0.00988094072630571  0.01027546179942902  0.01084105545776642  0.01232913768958664
  0.01449908142842765  0.01565397419590528  0.01746137648766370  0.01978339158300743
  0.02230568794576521  0.02565811538815647  0.03134459140196687  1.00000000000000000
 -0.00193830314988937  0.00932051480907067  0.01966527239490035  0.02966219105460901
  0.03907490607832622  0.04828830402758058  0.05743107443218956  0.06827060793369147
  0.07794879455447420  0.08789257769473492  0.09804612656248186  0.10942051007697720
  0.12090891138382051  0.13150184540721710  0.14161286596123190  0.15226545176532702
  0.16367944946906457  0.17495070679701427  0.18623377401616031  0.19713418292408055
  0.20749257149350839  0.21777997410000757  0.22758245740892954  0.23819472371610717
  0.24884771547837109  0.25964116988129116  0.27032432802525092  0.28118150176358581
  0.29264569561583886  0.30353142305830033  0.31400608845560057  0.32396655647936801
  0.33461730823576141  0.34533980820969923  0.35640503642685700  0.36715806867854839
  0.37815862763092800  0.38962312713338676  0.40105315244736728  0.41286850685915405
  0.42488254915801155  0.43647485647489392  0.44777927958480374  0.45827869589920639
  0.46874131090671722  0.47912549747460498  0.48909280206287770  0.49892526577407964
  0.50914334559070584  0.52017982070793267  0.53103560631520064  0.54198403664472106
  0.55257880708406515  0.56310925783504318  0.57293397510394994  0.58245293565419853
  0.59226495439703686  0.60240614181986174  0.61249578070735666  0.62316970356817403
  0.63382782067681243  0.64514604275415721  0.65594596837707908  0.66638070320454967
  0.67665575703155423  0.68701809897530230  0.69805642167600590  0.71025016353528725
  0.72265460119244773  0.73465656568602533  0.74602439435020729  0.75671257250051249
  0.76718331372808313  0.77783108682500068  0.78828283677016142  0.79815324010152344
  0.80791130162822200  0.81836369662930619  0.82898546301493770  0.83879564063906853
  0.84822879631355363  0.85785620287995856  0.86826089386672012  0.87848827346650871
  0.88865688758403694  0.89896378269519839  0.90936524744852998  0.92000777113072729
  0.92994489961326676  0.93952378374336454  0.94951247278195028  0.95983984509896847
  0.96963955229604015  0.97961949471846810  0.98936491133716975  1.00000000000000000
 -0.00272256342509680  0.01122029215063006  0.02173755865650446  0.03199148001603636
  0.04182906835664049  0.05154489488735685  0.06155458083515218  0.07225501217864631
  0.08303159132504150  0.09321003019284929  0.10326073732070556  0.11334930732570810
  0.12253825436509441  0.13187087939670067  0.14124213018023632  0.15186060132463189
  0.16312447135706395  0.17468178001331922  0.18600831016460243  0.19691687780353706
  0.20763809275930412  0.21837364381966903  0.22991029473150007  0.24176763475776222
  0.25342645192536439  0.26497841353109280  0.27574932676968966  0.28681306185176636
  0.29834322294224747  0.31035487384070554  0.32162486629858933  0.33223244179904504
  0.34249329060770112  0.35269339784932852  0.36314087814269452  0.37412712948892635
  0.38546248509687486  0.39668129877657482  0.40772196510041109  0.41785967989010886
  0.42717222431256280  0.43683270578929928  0.44740705700585526  0.45778717588229906
  0.46740948861517306  0.47685594078140386  0.48704221619294652  0.49750916457412203
  0.50736957981654551  0.51714591389782427  0.52729871158969566  0.53842897379333665
  0.54983889118931584  0.56079510384976861  0.57101827091797408  0.58063049493778041
  0.59034233930814339  0.60011108762258136  0.60958159899375974  0.61929333610810222
  0.62996184452111437  0.64098574510960460  0.65140484198820015  0.66136310086471028
  0.67139721438572253  0.68180066003673279  0.69243858964945249  0.70344161950161055
  0.71452844961812090  0.72511690941337481  0.73478415578537870  0.74328014082774918
  0.75164844713595791  0.76009944446667488  0.76975233526253917  0.78039624733494251
  0.79144223633524602  0.80258424517070281  0.81400665299139574  0.82496481119754073
  0.83593472071721453  0.84682265538108348  0.85844274793042186  0.87021040778996828
  0.88138807414996423  0.89178628233787394  0.90212564525074057  0.91209346673530556
  0.92197622248274003  0.93190991768321108  0.94278135074470404  0.95441197335138017
  0.96557591780751717  0.97664086515777992  0.98788079832004061  1.00000000000000000
 -0.00214266455040973  0.00932442628310222  0.01933059208413266  0.02962869436686842
  0.03951433760589598  0.04990043870116356  0.06028422658428903  0.07037138747505034
  0.08016428593086795  0.09052649940981310  0.10163278742490429  0.11303346548279501
  0.12418367982711537  0.13532677217306985  0.14602242181645239  0.15580207975192112
  0.16532942090613373  0.17504313145339143  0.18527324903117981  0.19591757943089638
  0.20639944879488981  0.21704139851950399  0.22762804294865707  0.23836202471388984
  0.24944274572771327  0.26038288911125335  0.27081390055253779  0.28130600812382633
  0.29232400889530857  0.30325667810378126  0.31312057928107168  0.32244270279925774
  0.33182703972126620  0.34316288144078921  0.35490557022145891  0.36637128809971314
  0.37761718136795036  0.38906508261558853  0.40069595344350811  0.41270921617094375
  0.42421957520750309  0.43579360272260403  0.44764314696432506  0.45909633108407050
  0.47018581248789670  0.48123624175818419  0.49293532017233310  0.50506704579269401
  0.51704722992841889  0.52832418893813404  0.53901433774048291  0.54907405014381383
  0.55893059459746541  0.56902779317838226  0.57944415340129662  0.59083014182805227
  0.60243145184964186  0.61387905990319125  0.62527753355311499  0.63633791668110706
  0.64702101280074831  0.65743177506348582  0.66799423492817001  0.67872346472125400
  0.68925880416807939  0.69932105260499322  0.70913279710095700  0.71903939573777487
  0.72930857871837018  0.73974670787978480  0.74986745929151510  0.75984840651028385
  0.76973335574689949  0.77972204294010050  0.78985011498507363  0.79957592967271851
  0.80910298932536651  0.81870145006978279  0.82865932173532508  0.83880428137411922
  0.84876794212515971  0.85834719290567474  0.86766685590148296  0.87718808189069408
  0.88710074894551705  0.89729255716804401  0.90730675248860715  0.91730848777357621
  0.92756888627079570  0.93794425170021301  0.94811881019809607  0.95815468822100769
  0.96842008477557640  0.97880331210951288  0.98946756688005832  1.00000000000000000
 -0.00287142175091473  0.01135003110876564  0.02360735903975562  0.03606720464000571
  0.04803265668621393  0.05849744497706074  0.06848710959784605  0.07838844608060042
  0.08888814992301414  0.09993026343039951  0.11127625999981781  0.12244919519165744
  0.13348655341227009  0.14470356625139616  0.15550874140423498  0.16630667376818714
  0.17642048346177128  0.18596366621694771  0.19576216489827813  0.20605479793371845
  0.21708010012697321  0.22783232051277524  0.23862397922998765  0.24914101238454081
  0.25897297858429419  0.26869414590512380  0.27881211451352561  0.28868707949393868
  0.29902690622845540  0.30945741913806318  0.32129389445325440  0.33283009412024728
  0.34359730044741121  0.35409250966769640  0.36490262105434723  0.37596168256485685
  0.38752738967264727  0.39964838442280831  0.41186522760592503  0.42349344753233131
  0.43446376712806190  0.44519256231136589  0.45574572942793540  0.46599166607685527
  0.47599755286528084  0.48606975225449461  0.49656058754591959  0.50790073879888076
  0.51939308097090953  0.53049478893285562  0.53956323590210387  0.54826265634066296
  0.55736753212055101  0.56667774536978111  0.57758835307283529  0.58825293792630273
  0.59802265458889770  0.60791986833760547  0.61848847264106088  0.62920394045861716
  0.64002115048154351  0.65094783890012664  0.66175651590984441  0.67192286961672010
  0.68215885990065916  0.69237597959397335  0.70341264523243874  0.71388068461791843
  0.72482376963892914  0.73540659706606071  0.74581933658482391  0.75585909125852846
  0.76586923872724955  0.77603969056286792  0.78678096935237052  0.79760392092406907
  0.80880878918757493  0.81894931731296883  0.82894776750958454  0.83896853315756770
  0.84878177892209750  0.85832805724028371  0.86796025729724169  0.87834117429143943
  0.88943886104224734  0.89965843678092094  0.90919479126044300  0.91896539607289973
  0.92941827250021469  0.93984621882754904  0.94963368004028503  0.95917058552135748
  0.96877753365615271  0.97873361210456489  0.98904142004739504  1.00000000000000000
 -0.00214637274378213  0.00831731707901998  0.01794776965864213  0.02773757113612985
  0.03816644450798545  0.04897763555869850  0.06091874105292550  0.07237923047376155
  0.08333003876959026  0.09379146131061378  0.10406842710618321  0.11448939493059099
  0.12514375399418645  0.13590510087373031  0.14644819831443975  0.15678777778145597
  0.16696322001151570  0.17688557686272030  0.18677991177076222  0.19685032309544881
  0.20726388365991180  0.21750095793055718  0.22710597010483460  0.23645745208484434
  0.24586276844551655  0.25590854207867231  0.26677120246718444  0.27778581588530976
  0.28896034222253641  0.30066760347922472  0.31340882558796140  0.32696430427204454
  0.33959138638224989  0.35073977870357925  0.35958751102005404  0.36832237722906924
  0.37754343750476754  0.38793376005408398  0.39856722123921134  0.40830632987240539
  0.41818558116340721  0.42775265688506814  0.43779926215473086  0.44721667476192722
  0.45694758970306409  0.46658927462622024  0.47573061628048724  0.48545992493488149
  0.49586343554644646  0.50697930434906224  0.51848982783130226  0.53034182096361837
  0.54252817651950003  0.55471602486221894  0.56673675057917139  0.57837061066664686
  0.59011254540698577  0.60133060698795004  0.61235340216292278  0.62350880339263515
  0.63478187238426309  0.64596160185870144  0.65736713493229693  0.66923055280141441
  0.68097119894795766  0.69216290555778726  0.70323771008447022  0.71461405114353771
  0.72647337942735535  0.73758332401762994  0.74752005784837261  0.75723226902308516
  0.76647668693586168  0.77655223945043095  0.78676490546128619  0.79746185051273621
  0.80837584803169105  0.81854096109158625  0.82871272514650463  0.83915209557455217
  0.84804661787387370  0.85731696027207271  0.86647994020112007  0.87656230403077706
  0.88740201070982172  0.89793888024550850  0.90827760039734984  0.91850655630155376
  0.92832222453445612  0.93823978851376377  0.94853090779835436  0.95919137236889929
  0.96933356091919498  0.97888136680580962  0.98932631301131990  1.00000000000000000
 -0.01302213000774276  0.23232197650619882  0.31709019736167832  0.34550765019830565
  0.36593280861371785  0.38317211479653651  0.39871285344157575  0.41337743717737047
  0.42707833583829780  0.44014868177890215  0.45260186016552661  0.46416397645390683
  0.47492653429216453  0.48519409518357343  0.49517433852207421  0.50524672064558718
  0.51536314032227104  0.52527640865082681  0.53509521323816278  0.54478454209824345
  0.55452393330906247  0.56407722035512597  0.57313799875066318  0.58201713051743331
  0.59071185464790044  0.59919935247462808  0.60763456921330261  0.61601177155748166
  0.62443642985205605  0.63239667191768922  0.64016344338163989  0.64776292914667077
  0.65536088419269467  0.66293377950802113  0.67039497818790605  0.67777715623558354
  0.68496069237644741  0.69176216506898802  0.69837832633726737  0.70507148168372413
  0.71194945793247733  0.71900594574690169  0.72602648453017427  0.73283301185375183
  0.73943498180031175  0.74597355999433801  0.75255934857726225  0.75924080513475145
  0.76585910810834279  0.77215532024478362  0.77803253709356268  0.78386084290970004
  0.78964818040421092  0.79518932261696962  0.80052483606865965  0.80568623395711103
  0.81088266009525023  0.81606075148046853  0.82121097751703209  0.82636429958179103
  0.83143694607634211  0.83648925558032483  0.84140539666028713  0.84622426222192182
  0.85101666927262620  0.85609731875105266  0.86149366716506370  0.86699847790072471
  0.87262615525188103  0.87798936999229238  0.88306172772421354  0.88807745013018669
  0.89295788278794908  0.89790885873949333  0.90276400937250378  0.90751120784207107
  0.91229105111615760  0.91710642558615407  0.92189729886605687  0.92655280249286343
  0.93103044246586264  0.93540033256007482  0.93985057091321789  0.94421466952683164
  0.94847594907783161  0.95257378082737398  0.95651038123958898  0.96052028616778529
  0.96461410475203035  0.96899275922004979  0.97385399516708782  0.97888664495166566
  0.98405501841128429  0.98910745134468736  0.99430280238268742  1.00000000000000000
 -0.01986564142762011  0.12616673875838816  0.17343160029776614  0.20258380900850845
  0.22603956515091855  0.24615117016318444  0.26376248463498453  0.28016512140263000
  0.29457750294581164  0.30813036370043412  0.32134319070841866  0.33400902164497831
  0.34598645258690264  0.35757239639203903  0.36877917703373703  0.37918880821806905
  0.38902204507776511  0.39885241031296753  0.40845444054474839  0.41805397866755434
  0.42671501792496042  0.43492404636119986  0.44310259154337195  0.45138389575940380
  0.45947398934196382  0.46741461766839709  0.47529041826122387  0.48308270114697860
  0.49087948016801874  0.49846037122673015  0.50526581410673910  0.51136339884318982
  0.51757302984044395  0.52366105086055381  0.52970195604970605  0.53544723270183547
  0.54121406457573162  0.54714020179654832  0.55329624912716557  0.55928514460262935
  0.56521496598412491  0.57088089728045210  0.57591326158421829  0.58068218433161345
  0.58555696919686984  0.59030396862585066  0.59524776390724254  0.60063109709562457
  0.60612646249487934  0.61149986793582445  0.61689865811511835  0.62238065469453796
  0.62789670991454549  0.63339685934170131  0.63878535542513359  0.64424896437097856
  0.64982365079059190  0.65518909120866853  0.66074675470056032  0.66627099020182456
  0.67193369880097953  0.67776499464021023  0.68352656112606425  0.68918373409902212
  0.69488298211314969  0.70047124644796477  0.70615743606525150  0.71182933927271075
  0.71749425793291288  0.72322187488092748  0.72895747226276586  0.73457780736139511
  0.74016024305022732  0.74568468868462290  0.75119407987975506  0.75668876341714286
  0.76213995662180067  0.76782378710437071  0.77367497006237917  0.77970564847976076
  0.78579435148626309  0.79193223983121908  0.79827287715424455  0.80481759354264559
  0.81129535557393573  0.81842699836917188  0.82571938770319675  0.83356706548041459
  0.84240571382834573  0.85188326911343637  0.86238095199410403  0.87422037296475830
  0.88852074076619159  0.90696760035482327  0.93460876973533535  1.00000000000000000
   9.9705919907336461E-014  -1.0000000000000000     
 F F F F F F F F F F F F F F F F F F F F F F F F F F F F F F F F
  <DiscreteSampler_grid>
  grouped_processes
  1 # 1 for a reference and 2 for a running grid.
  10 # Attribute 'min_bin_probing_points' of the grid.
  1 # Attribute 'grid_mode' of the grid. 1=='default',2=='initialization'
  0.0000000000000000 # Attribute 'small_contrib_threshold' of the grid.
  0.5000000000000000 # Attribute 'damping_power' of the grid.
 # binID   n_entries weight   weight_sqr   abs_weight
    10   10   7.021126694242674E-002   1.828277036729934E-002   7.021126694242674E-002
    11   10   7.021126694242677E-002   1.828277036729937E-002   7.021126694242677E-002
  </DiscreteSampler_grid>
