  0.00296643186747944  0.01187731732314094  0.02281101296008990  0.03358811452655121
  0.04435660076875070  0.05537412467619238  0.06599873058829064  0.07656807273403578
  0.08729428874048360  0.09825813815197912  0.10903723232521305  0.11936204030784844
  0.12957010718178533  0.13969887514197524  0.15010137804617793  0.16059286760672115
  0.17097641396745825  0.18135985053612655  0.19179742101872763  0.20242599089515725
  0.21289814212903738  0.22348510216605630  0.23367156298746278  0.24393341828455203
  0.25429533278999705  0.26485459094395747  0.27521087614825118  0.28541544892304971
  0.29592384122710957  0.30663043102711607  0.31719880925039695  0.32766879764325862
  0.33805612137140739  0.34869915453320099  0.35923226636087102  0.36996326622361586
  0.38047357851479124  0.39087627326402580  0.40125343924144946  0.41172157054901781
  0.42234136003997980  0.43302445785574173  0.44364955126005312  0.45435485366674577
  0.46486147588186116  0.47546862372934018  0.48605327214448457  0.49667950607291339
  0.50715979654268761  0.51770346531643296  0.52839105167060485  0.53911997868820627
  0.54964945778978580  0.56009818250275534  0.57069411048094232  0.58138474654762473
  0.59195878083268361  0.60235832980155013  0.61256699481032872  0.62281070009732231
  0.63314592596577579  0.64345646446817395  0.65378821882980886  0.66387613644430321
  0.67412222193021032  0.68423596780375329  0.69444991381557120  0.70477692522241897
  0.71503115802941919  0.72546853078158868  0.73597969811405994  0.74659237965412151
  0.75700435939469157  0.76729922168489118  0.77764548727147176  0.78819801701546188
  0.79866031789348713  0.80923865463685085  0.81990029893478777  0.83066743701611789
  0.84138895933581548  0.85220997787029018  0.86271859555379260  0.87343833941262294
  0.88369318104873706  0.89400243006279834  0.90411337565251637  0.91420408987152657
  0.92458706767585042  0.93514123752995104  0.94612068687098705  0.95686274049335662
  0.96696754835529175  0.97696873235704373  0.98795756428351811  1.00000000000000000
  0.00916512717853394  0.01754013992720928  0.02771734917877026  0.03897705101088926
  0.04977157793561515  0.06062931938769380  0.07149837289516024  0.08198408183553141
  0.09230585769222502  0.10249231866258474  0.11278098463571282  0.12328251725459723
  0.13385896241712347  0.14466554185844407  0.15541276339660531  0.16624073503526013
  0.17689472549075461  0.18752910854959454  0.19812197880588975  0.20864644747512098
  0.21905039350868238  0.22930443194941436  0.23971667963365162  0.25024017840907253
  0.26090969948675441  0.27164808602318524  0.28239658412209312  0.29293246127874711
  0.30324264391031736  0.31351123799837416  0.32385754663601984  0.33431896478278944
  0.34482346124323338  0.35529149114125258  0.36558115802649044  0.37577282197236628
  0.38608646783165684  0.39652295788772102  0.40708551829262679  0.41775187704217742
  0.42840934211671872  0.43896988294751843  0.44943180699322166  0.45997280972653593
  0.47057445504235429  0.48113433067603195  0.49165414725627343  0.50207453470584629
  0.51245112977335372  0.52286051881652873  0.53330178281566520  0.54375357751098530
  0.55421419154778806  0.56459133917199034  0.57485032164963135  0.58516414188148558
  0.59564603330332522  0.60615001635063281  0.61666084270420474  0.62722277642143776
  0.63799643453520138  0.64874943641459970  0.65939530859290507  0.67001814634924894
  0.68053905737065601  0.69094132476080961  0.70127760660420368  0.71168847154151116
  0.72217539282536336  0.73262254138653427  0.74283683238191067  0.75306262804158319
  0.76335406213366019  0.77377671595976560  0.78427500762763358  0.79473545560860070
  0.80538638612550661  0.81592889022457882  0.82640457841489767  0.83669626934355523
  0.84693712603878524  0.85722251684079531  0.86764613976891802  0.87801022638501536
  0.88837904637832465  0.89893290157509631  0.90951796683378572  0.92013712194538833
  0.93051050681375302  0.94103345579900388  0.95138899930634535  0.96187537179635918
  0.97211061101802354  0.98182949590196567  0.99146273646196614  1.00000000000000000
 -0.00193382712118954  0.00731562105146313  0.01572695605232439  0.02433251227684189
  0.03313209386503603  0.04204848345995946  0.05127024067011528  0.06064445837277366
  0.07017393284952814  0.07973015296792736  0.08932980195178389  0.09909284057679450
  0.10899486330290813  0.11914833365845109  0.12953700586244529  0.14017778259451050
  0.15102669389457876  0.16202528628748131  0.17311821115428674  0.18434062431883713
  0.19565092211103480  0.20703644360633078  0.21846770681008268  0.23004142100138442
  0.24167465141840841  0.25338973068428255  0.26530373190145801  0.27749169052282774
  0.28970887078371882  0.30190848730390796  0.31416308383171970  0.32667259673936389
  0.33920743029382383  0.35184340505028677  0.36466280585817018  0.37752393679818785
  0.39032656208052519  0.40333716806937320  0.41645712519694439  0.42979563841137308
  0.44304394816488185  0.45616924922890456  0.46913345026683961  0.48209213545363788
  0.49513807569576412  0.50834706687246789  0.52132587037380940  0.53425150046372161
  0.54735255184367926  0.56032330567607369  0.57319184729449213  0.58584124368283952
  0.59825034515893460  0.61031371937495349  0.62202476077677527  0.63349213568008000
  0.64486742093138083  0.65627996401862909  0.66739052979744529  0.67816667662425667
  0.68886586115770032  0.69973475312817479  0.71063843134175375  0.72144520733150019
  0.73204729873245433  0.74230938058745077  0.75247920882241970  0.76253964017340514
  0.77252116489008649  0.78235242861936249  0.79211779120327497  0.80184351614944460
  0.81141074858426909  0.82087396321966422  0.83030407580596055  0.83965156572840294
  0.84883397458976573  0.85784877446597407  0.86656725661710954  0.87503127869065322
  0.88331195812568408  0.89153222597231085  0.89981703457661744  0.90819188798520267
  0.91652947898584636  0.92475788151454719  0.93286291183468950  0.94082502359235853
  0.94867502005697024  0.95637203686023164  0.96385242861145504  0.97116343667287075
  0.97835474543745760  0.98552040809680497  0.99274218964849770  1.00000000000000000
 -0.00254485255304240  0.00997654063933123  0.02027596225615917  0.03140447749462406
  0.04239434299788702  0.05337479363699919  0.06407748732566741  0.07481472711627905
  0.08550296797949325  0.09619606456602006  0.10688057070208971  0.11752598589869491
  0.12814831172382524  0.13868039240893501  0.14907442172520061  0.15948448712800567
  0.17001617163407001  0.18044625060219333  0.19075743523499775  0.20101651463522105
  0.21143757349607897  0.22180000610557296  0.23227379425122902  0.24270740939190519
  0.25311550083819101  0.26346991230826777  0.27374106247985458  0.28418233096141843
  0.29466447423754888  0.30562027418820242  0.31628035355228457  0.32699023211906464
  0.33762980578737517  0.34847865898150504  0.35922679653161593  0.36973485421365743
  0.38035042652083906  0.39100950925456579  0.40174848248445144  0.41227097437314580
  0.42261964202282137  0.43308672566982281  0.44363801427582372  0.45414180031413670
  0.46441837677994818  0.47454439064795118  0.48466566507693820  0.49495555067973301
  0.50526172971104466  0.51575883942973433  0.52597947024154901  0.53627788918460162
  0.54640644136389049  0.55674472337335579  0.56709913190104300  0.57755589292563403
  0.58798868178493047  0.59850713268629496  0.60898965646492143  0.61941763505892422
  0.62986592819731779  0.64039565554561639  0.65094293033494999  0.66140614614806681
  0.67193333495080609  0.68248597933780264  0.69291764641254083  0.70353222143123184
  0.71410592129023942  0.72452664962847169  0.73496124958655662  0.74532043493292555
  0.75596630353565430  0.76643582380894637  0.77703779322656319  0.78778604499803551
  0.79849677807282160  0.80915243367625223  0.81981513716882448  0.83056490432769481
  0.84108706368316100  0.85158269078933779  0.86230310786376452  0.87330579742246861
  0.88375548993910980  0.89453318217151545  0.90506991421215766  0.91561110698017512
  0.92606082231398124  0.93631214829802989  0.94684535481963505  0.95722503009377524
  0.96782572483653473  0.97848032705209498  0.98907186298077077  1.00000000000000000
 -0.00246348800461972  0.00980291903380969  0.02006751340670533  0.03050690321010399
  0.04113817125186049  0.05186881560315415  0.06236445077358429  0.07251182985438154
  0.08263039431247447  0.09318914845354608  0.10367401864912251  0.11447216374593673
  0.12516201399762017  0.13593832793516178  0.14684052900362177  0.15745289759794051
  0.16813141441713172  0.17855256209094750  0.18909640521477317  0.19964543946225383
  0.21016166833348074  0.22067476322772298  0.23117793755429220  0.24186145259658420
  0.25265259500866982  0.26386779990801895  0.27479969782367508  0.28560675001835584
  0.29609348517900203  0.30658262770053418  0.31719062100738343  0.32771825188918008
  0.33824086391554364  0.34878516382251340  0.35936557646445355  0.37019843636116856
  0.38084927166965676  0.39140732538581474  0.40185947536653938  0.41225338697960878
  0.42255418706572928  0.43281133446732489  0.44329736087276872  0.45372852133540753
  0.46392707162871127  0.47404537850455075  0.48435986968924954  0.49485928089209019
  0.50525171439050509  0.51548825357989037  0.52592762153808992  0.53655648159599534
  0.54705023986449663  0.55733126863086702  0.56771016615920711  0.57831756372872956
  0.58902474504632907  0.59921342967897462  0.60933774162684040  0.61939085368779412
  0.62975519939890723  0.64038566910118588  0.65124498127954944  0.66208723990388274
  0.67266860013662821  0.68309397718699594  0.69351529539738077  0.70388833592612454
  0.71425776575459810  0.72472470619892593  0.73523481417466008  0.74579932000418836
  0.75652353742907652  0.76734618381046726  0.77814853560099106  0.78891566042682104
  0.79954319349792036  0.81010319896618688  0.82055631275705532  0.83094891490527545
  0.84145519882576369  0.85200004370426030  0.86246658350204197  0.87301839097355738
  0.88354915213658569  0.89440505073851428  0.90498493177552730  0.91545987025809838
  0.92581788446809088  0.93615395375771415  0.94659342278390890  0.95708446135799086
  0.96809780032135451  0.97880058503905532  0.98948724441315539  1.00000000000000000
 -0.00233593167181495  0.00924747975079925  0.01966230615899266  0.03026709656017039
  0.04100015324040948  0.05163054231371490  0.06243794309758519  0.07344913085357987
  0.08444788000858379  0.09541140208377995  0.10628046661078690  0.11705841104002099
  0.12769746172965388  0.13814803504424436  0.14848443886125415  0.15879456031640787
  0.16909862710785803  0.17956072340864665  0.19003647402541171  0.20078296823777148
  0.21131823756720225  0.22186809892779427  0.23237538050406409  0.24303437623256730
  0.25348840366053299  0.26374597952265660  0.27395165843859004  0.28447725138313329
  0.29513357271476592  0.30591331138813233  0.31641978780133345  0.32691461594482252
  0.33746669794292383  0.34821550265081574  0.35879285562385987  0.36929875952197772
  0.37985620264679532  0.39072167982061112  0.40142768181839195  0.41200198436934421
  0.42231870898551022  0.43232434380160434  0.44246729562290582  0.45258761595973895
  0.46300862132744114  0.47318105323517623  0.48327886175454776  0.49344795272882636
  0.50374626767201958  0.51432872185809719  0.52477252276469377  0.53520770367313297
  0.54566091963674013  0.55652543301742519  0.56739657594911552  0.57816023831180841
  0.58865239784510270  0.59911486535470926  0.60963742067666660  0.62001718608551903
  0.63051158901880699  0.64088583588451264  0.65138080185137703  0.66212003781599638
  0.67300563452295126  0.68402071743494330  0.69470441757506873  0.70523833010361403
  0.71578659356504526  0.72650925233662400  0.73734594060998415  0.74803250043569469
  0.75841670136228345  0.76875396822270226  0.77905031430829985  0.78926214847252119
  0.79939564943513641  0.80955870912780414  0.82004170299847434  0.83062413727189222
  0.84130966475354862  0.85196110551277304  0.86263428157420152  0.87317234197229332
  0.88378416985046915  0.89438616174187802  0.90472780748845294  0.91478035033010630
  0.92509599282356958  0.93559504841040098  0.94627177328086320  0.95683630991581958
  0.96783201719023049  0.97875632691409531  0.98943111843364606  1.00000000000000000
 -0.00285227821301491  0.01252668493377850  0.02567090684835402  0.03887908719601633
  0.05186153133234474  0.06431033900183933  0.07630254583759430  0.08824705806297048
  0.10031006373425859  0.11214536423087197  0.12356065866157290  0.13470209010532663
  0.14572998668456932  0.15657727505594052  0.16732328298861920  0.17812304985600699
  0.18887668001309510  0.19942616417212625  0.20976848835265224  0.22017462067240220
  0.23053959989277847  0.24072942315955181  0.25064799955748185  0.26050264756934977
  0.27046375744151091  0.28046435737976561  0.29046563712266471  0.30029026110452456
  0.31004225482065739  0.31982568023972524  0.32963384113568023  0.33948586296103156
  0.34954631569122818  0.35968508453211945  0.36968939069213003  0.37934445149693785
  0.38866703830460880  0.39817396123826582  0.40755151472269235  0.41683211816958815
  0.42613715086415688  0.43559484555421091  0.44532413575745866  0.45513483997910781
  0.46475239700099397  0.47421727074912079  0.48386583965473845  0.49367877675753991
  0.50364879581594457  0.51367302762667200  0.52383646939065409  0.53400429839272412
  0.54381574594010063  0.55337240857469616  0.56277834368467661  0.57205263607659251
  0.58144717467653306  0.59103576513494549  0.60087907670493723  0.61069388439817873
  0.62058009587467655  0.63037592248425700  0.64016929469745365  0.64997002294691164
  0.65961572874655394  0.66924485297209846  0.67869760440460880  0.68818304577312761
  0.69793196115331257  0.70785672593154403  0.71803366878395436  0.72820915009800313
  0.73846162645212288  0.74874719564147585  0.75905817086607763  0.76937772654069692
  0.77978372091543102  0.79023185220383918  0.80082904805274202  0.81152020835633731
  0.82237115191948329  0.83330295273536581  0.84426208231989275  0.85540452650218424
  0.86667584150131904  0.87798913091962771  0.88936881385448874  0.90093477650001585
  0.91273311233438126  0.92490176192361717  0.93723998988195800  0.94959806136265856
  0.96200964490126439  0.97456831979321901  0.98721441048398195  1.00000000000000000
 -0.00239818334885449  0.00952673019451633  0.01937486498659536  0.03000779051614647
  0.04042438515616333  0.05111568745041151  0.06161365731783519  0.07261381611194004
  0.08369811140903530  0.09467516688442665  0.10555982256419764  0.11628532958844755
  0.12691176338669180  0.13748604928001182  0.14815848982819413  0.15891091226333601
  0.16956059951222643  0.18013524095503508  0.19083616780861229  0.20129673980763199
  0.21141751307886261  0.22131089774366841  0.23163195430362266  0.24222742248044896
  0.25269818083594270  0.26292484637369895  0.27327321578648944  0.28362321511935373
  0.29399478568992726  0.30410595710058397  0.31448667146299658  0.32485293330562598
  0.33525771473709515  0.34534366724051491  0.35543371554611058  0.36540493856240425
  0.37554812191984405  0.38589372721734738  0.39596649680331658  0.40619445912467117
  0.41651158692454576  0.42737568891679634  0.43852423370734434  0.44957300196392180
  0.46033676986940630  0.47117269706543013  0.48207223632047130  0.49317162268988157
  0.50412751640837161  0.51441809010297113  0.52478835917134570  0.53499156748902565
  0.54536231436196891  0.55558729983066313  0.56572721610583887  0.57618739674164221
  0.58660909271513573  0.59714325665460199  0.60780535476680086  0.61869048994414955
  0.62944695914846938  0.64011241709858713  0.65059328420836593  0.66074986481670372
  0.67097599725340451  0.68119209571611006  0.69164966247323290  0.70217754314731362
  0.71273557163254131  0.72334312839623949  0.73401776665112572  0.74475926850887419
  0.75564013091831905  0.76637823737821953  0.77703122000664304  0.78771949363639038
  0.79869518100181291  0.80976023968877964  0.82059458655048267  0.83128919244144950
  0.84185917644164632  0.85242985888000689  0.86290319311948493  0.87347000052433665
  0.88369491832902869  0.89417962851696742  0.90437357093290327  0.91503668113324854
  0.92554433623426324  0.93612988110552187  0.94648422101765317  0.95684811388513491
  0.96757414356247429  0.97829886823074252  0.98912727928895594  1.00000000000000000
  0.04486821465170333  0.20660555654729051  0.25196348216924425  0.26256468115038240
  0.27150064362672538  0.27838545262246073  0.28890375044820205  0.29927177888142670
  0.31061728315414250  0.32222054182560178  0.33305545720728141  0.34256518319455431
  0.35094118540245473  0.35867033343360782  0.36601317565604841  0.37312177185107909
  0.37997699987717382  0.38659543978858929  0.39303788418302721  0.39934244714137951
  0.40554149483457352  0.41168431130966682  0.41777782453434770  0.42383675964540934
  0.42985707457505157  0.43580761085795899  0.44170819379988646  0.44758972310806239
  0.45344695180632344  0.45926826728437592  0.46502611410641381  0.47070263732564577
  0.47633558672562987  0.48197545779748119  0.48769069726696013  0.49346847384826142
  0.49924963505026038  0.50498949865790144  0.51069503325070620  0.51639330910238712
  0.52204118460664750  0.52768296136265358  0.53328497528393404  0.53889745075188789
  0.54458835008283912  0.55032238548020918  0.55612380657908556  0.56191457276208601
  0.56779552031239433  0.57371881953707171  0.57955596992226399  0.58539455841925103
  0.59126732725686137  0.59721530882907203  0.60318990489952529  0.60918135379079497
  0.61515259479749018  0.62115803961295313  0.62726690257630091  0.63345549856608807
  0.63973102132914417  0.64614353476534248  0.65272366749307076  0.65929887864648407
  0.66583226490656300  0.67235354132931002  0.67898227605677153  0.68581511394848071
  0.69277119052264624  0.69977066949870503  0.70674830140948508  0.71380223695139045
  0.72100312054676374  0.72834097813049270  0.73577048288822799  0.74330584477633899
  0.75104564664005558  0.75909212021768036  0.76735494067163224  0.77574689029840405
  0.78419778587217392  0.79275497691893093  0.80166166526075833  0.81095258387469926
  0.82065552650676354  0.83078261098311024  0.84123931408204999  0.85195653225451795
  0.86326091157746754  0.87538698763032974  0.88846700704966863  0.90254078981780217
  0.91788438940928929  0.93564149729645552  0.96016694495130694  1.00000000000000000
 -0.02763843118654969  0.14111673730689853  0.18628115043832916  0.21450945828500750
  0.23688026883471580  0.25554722529119173  0.27209124655668554  0.28705646535366280
  0.30105444737433529  0.31406512279294702  0.32608622423977701  0.33753276118483017
  0.34872609066676757  0.35963735390369905  0.37014025265110073  0.38029013145451263
  0.39021828764356570  0.39981111324783775  0.40909665251019445  0.41807614390733755
  0.42681506776884309  0.43531518908938938  0.44359299309489830  0.45165609398770490
  0.45955240388582164  0.46735794488934035  0.47504740653315564  0.48262305555051394
  0.49009701039600989  0.49746888612194218  0.50469457694042807  0.51176819296536813
  0.51871252061642059  0.52550606911616804  0.53220602240381409  0.53888510079718455
  0.54547492023467892  0.55192364037562258  0.55826784104746474  0.56453716428307066
  0.57071613247732689  0.57681922822514553  0.58288376148243093  0.58888343748955574
  0.59493860894588335  0.60086865286163282  0.60671075551572129  0.61247210885065928
  0.61814805596197875  0.62374545911684853  0.62930777290061990  0.63484910402678252
  0.64042078558927984  0.64594931265982825  0.65139590895458443  0.65671919740925144
  0.66204636227190972  0.66741132731037989  0.67277944231732290  0.67816637306616301
  0.68354449654792138  0.68885334233373829  0.69411867710803843  0.69938273821119956
  0.70464177967625163  0.70988926021925070  0.71513545990582894  0.72039966612884887
  0.72561248014710411  0.73084908887588140  0.73613242571697035  0.74133998782417687
  0.74661976624460891  0.75196713979775121  0.75738679364720340  0.76284591639421184
  0.76831139744223109  0.77380890767604149  0.77937946058439411  0.78503999588127926
  0.79085983372737068  0.79692528496116732  0.80317710737125370  0.80956543145376070
  0.81616454478264111  0.82301259999312648  0.83014045412822735  0.83773754338595596
  0.84592293700067034  0.85452617622164595  0.86371294667813092  0.87402422335612817
  0.88652351707825328  0.90263328867794501  0.92867977439128591  1.00000000000000000
   4.6763441175431336E-007  -1.0000000000000000     
 F F F F F F F F F F F F F F F F F F F F F F F F F F F F F F F F
  <DiscreteSampler_grid>
  grouped_processes
  1 # 1 for a reference and 2 for a running grid.
  10 # Attribute 'min_bin_probing_points' of the grid.
  1 # Attribute 'grid_mode' of the grid. 1=='default',2=='initialization'
  0.0000000000000000 # Attribute 'small_contrib_threshold' of the grid.
  0.5000000000000000 # Attribute 'damping_power' of the grid.
 # binID   n_entries weight   weight_sqr   abs_weight
    10   10   1.053287642852856E+006   1.751748904979162E+012   1.053287642852856E+006
    11   10   1.053287642852856E+006   1.751748904979161E+012   1.053287642852856E+006
  </DiscreteSampler_grid>
