  0.00996749350915840  0.01580939810078296  0.02506220297093211  0.03581462564772819
  0.04636001726152984  0.05706283482297515  0.06797742571926642  0.07898077314759609
  0.08943792793405667  0.09962329009788375  0.11013268505745076  0.12105325316485308
  0.13204229738813217  0.14260692881677858  0.15275445212816924  0.16285039697274414
  0.17302481893888813  0.18345137491719762  0.19375909556757606  0.20436833704870189
  0.21522014553309871  0.22616290216117901  0.23662059254240989  0.24688275442194735
  0.25723446453207099  0.26747752369068795  0.27743066743939598  0.28763903568794574
  0.29785583248658831  0.30857015063249449  0.31909686542997578  0.32974847241490324
  0.34032568882117165  0.35082975204360484  0.36138524496559316  0.37189898708724700
  0.38230186781854503  0.39277921210804184  0.40330486708708579  0.41405827420883035
  0.42490835373690672  0.43580019641435958  0.44646402591151640  0.45707420315259373
  0.46775601494208441  0.47844534807930245  0.48904888185624168  0.50005527641146219
  0.51150856447739801  0.52261895856484997  0.53336719012425182  0.54412222621893869
  0.55471830573243619  0.56507219745663795  0.57519942372647148  0.58571027641101192
  0.59628135711440344  0.60661924649719456  0.61704604446094380  0.62741562974221143
  0.63790001633035343  0.64828692396119170  0.65831298061795585  0.66846465835678803
  0.67860980808377114  0.68899672348090923  0.69938454379605575  0.70989143609183714
  0.72029117376029916  0.73064367748026349  0.74081693646692848  0.75116401471849614
  0.76160075834455609  0.77236243108476965  0.78332032896476567  0.79428361611563358
  0.80503282674248200  0.81578369013988528  0.82665574766422312  0.83728453669998870
  0.84760497572778581  0.85778048841345023  0.86796882309352230  0.87788967306499888
  0.88801363211307560  0.89807478663200113  0.90872677139292457  0.91877776094684271
  0.92891905130082986  0.93922796519694518  0.94946774134202883  0.95983926956311449
  0.97011212851754380  0.98058400400364731  0.99098942150071223  1.00000000000000000
  0.00000249165496037  0.00000268826984232  0.00000300061865759  0.00000329263659398
  0.00000356351245661  0.00000382590912322  0.00000409048590406  0.00000435137911596
  0.00000462599427752  0.00000490809689794  0.00000519649172282  0.00000548994149009
  0.00000578186526220  0.00000608119839529  0.00000638823572036  0.00000669984672794
  0.00000702240281525  0.00000735059808272  0.00000767880123758  0.00000802217547753
  0.00000838813870100  0.00000876085921442  0.00000914577554227  0.00000955692244408
  0.00000998259980744  0.00001040743028128  0.00001084820600344  0.00001130049550724
  0.00001176558328252  0.00001223306340655  0.00001273598375258  0.00001325373106468
  0.00001378139159247  0.00001432075078736  0.00001488573726480  0.00001546921010158
  0.00001606359826426  0.00001668565740399  0.00001735239752210  0.00001805032993277
  0.00001874927312849  0.00001945873863719  0.00002025578781581  0.00002108485161318
  0.00002192528554053  0.00002280922213541  0.00002382525391579  0.00002485491573592
  0.00002591965889794  0.00002706019391653  0.00002825312500918  0.00002948833765491
  0.00003079115872903  0.00003226282152701  0.00003379217779345  0.00003539772909048
  0.00003714580910535  0.00003899921558011  0.00004096965822479  0.00004314558815936
  0.00004547731160714  0.00004793981273269  0.00005069399210066  0.00005372626113120
  0.00005701212683953  0.00006063041462695  0.00006442998819860  0.00006861114754116
  0.00007314511412152  0.00007803041820722  0.00008338249716171  0.00008920838824939
  0.00009582665564585  0.00010324056952019  0.00011170662669639  0.00012137389613490
  0.00013250631907674  0.00014542561847161  0.00016001308235288  0.00017591856321615
  0.00019367502456816  0.00021358700177906  0.00023666125617344  0.00026429029731481
  0.00029933141743036  0.00034080690974012  0.00039220010638824  0.00045735355404146
  0.00055168512515149  0.00070003410097214  0.00091709927948133  0.00119552792708278
  0.00169637325609043  0.00257945002758060  0.01168281034699504  1.00000000000000000
 -0.00229363191060327  0.01001382720882277  0.02072596225866153  0.03157588970741398
  0.04232800304643317  0.05297972485791252  0.06369363195003565  0.07429914925171027
  0.08482905243390529  0.09528728043892676  0.10582146287007169  0.11611197364082999
  0.12630198639690171  0.13672526936848423  0.14737974054964703  0.15808578697485162
  0.16863802944205369  0.17905230059378063  0.18936578214731201  0.19988445262688070
  0.21045319092211598  0.22100808011244022  0.23150565104102058  0.24215147643614723
  0.25248134733096811  0.26256282640453299  0.27283591180939648  0.28341837749912568
  0.29420716771699779  0.30470742004886192  0.31515934915193539  0.32554233112391856
  0.33608255601812853  0.34688772494276499  0.35793414034504895  0.36913350184257582
  0.38013493065715331  0.39052271080764489  0.40069236202737257  0.41084428051168476
  0.42124277366835833  0.43181846317777234  0.44255633592814042  0.45353971599253812
  0.46447715196736700  0.47529470305488752  0.48585271365279942  0.49607272663998869
  0.50648913300458065  0.51713521412628294  0.52823962793482626  0.53957821621020285
  0.55119442904023852  0.56288631713809956  0.57432303763667814  0.58525553269770558
  0.59556939663549646  0.60569128548106965  0.61603878712646343  0.62663442413387160
  0.63730000103155415  0.64787025820947552  0.65876407697923467  0.66976918489773030
  0.68063976526081238  0.69115848473408881  0.70152062015700956  0.71201002618250997
  0.72273892099468873  0.73342068243239988  0.74388888103344020  0.75423559731162604
  0.76476643417817025  0.77538890284372464  0.78588121292950919  0.79626018251430009
  0.80664609184642011  0.81699915287151337  0.82712548673805197  0.83717372045235139
  0.84714064830918934  0.85702581928750221  0.86683475658910836  0.87679550718618138
  0.88703048082571601  0.89724580029057921  0.90740406384128947  0.91736504932751861
  0.92753371551313835  0.93767096832512953  0.94789813745142204  0.95830196450505900
  0.96896685088172518  0.97954396986133241  0.98973186136656921  1.00000000000000000
 -0.00168903269432072  0.00897946137231676  0.01832577988283216  0.02828198916447234
  0.03822113621238289  0.04826110073441341  0.05833154989382323  0.06896303269741336
  0.07990360531420888  0.09049767658000914  0.10098978662002349  0.11153121181789320
  0.12239241649535924  0.13343498899353687  0.14421101624316798  0.15479426382602532
  0.16526279398349533  0.17592915259803479  0.18656131658228722  0.19706746472141851
  0.20764848933255151  0.21819737196657354  0.22880457015934363  0.23909308829858927
  0.24956267844337390  0.25982465481679606  0.26988456807952527  0.27978154369666092
  0.28998802727121276  0.30082224463177232  0.31184072618496689  0.32262599967315064
  0.33322231308092304  0.34368250002567757  0.35395507166419010  0.36421386139918310
  0.37460770241831415  0.38511159538679718  0.39554011257412419  0.40604308726386235
  0.41666982323607593  0.42743599976610419  0.43797796563062275  0.44835949943945330
  0.45846105104046553  0.46882052339871400  0.47941897709260989  0.49041423051130417
  0.50168461952634591  0.51298113413883162  0.52417879730578698  0.53509238200901277
  0.54597485845288751  0.55687057634589043  0.56761486390753313  0.57846349530765551
  0.58907725101115638  0.59969126238875003  0.61048363703776698  0.62166443110269110
  0.63265228624054126  0.64353151357631477  0.65453015886152488  0.66568632325180299
  0.67663355307146544  0.68721276590911018  0.69789946732264763  0.70854261657172424
  0.71880996192339275  0.72894340113751743  0.73913061000995162  0.74926841456433602
  0.75959310339766806  0.76991690255718792  0.78107709653150681  0.79207527307894121
  0.80261785879159508  0.81295055611618938  0.82332057434972150  0.83394601007788882
  0.84438558249554663  0.85470091001006743  0.86467824960066320  0.87465541247083523
  0.88434741400257810  0.89417530665323564  0.90425929635506785  0.91462134231588355
  0.92500805867743496  0.93568145360977650  0.94659105369562824  0.95732555546604092
  0.96757722353540476  0.97784282416778123  0.98877861801128708  1.00000000000000000
 -0.00243483108632016  0.00979563022370441  0.01978976378194840  0.02991549160924648
  0.04010525102374853  0.05040568321100581  0.06047826546116519  0.07020137971461987
  0.07985686731448320  0.08966683058440514  0.09986297163268186  0.11017495861227236
  0.12063032228029344  0.13097666698541946  0.14135851901764743  0.15170176559246037
  0.16214293747626571  0.17293206987734450  0.18399838811984831  0.19536775328092712
  0.20634750903270430  0.21776234159353378  0.22888205252413427  0.23973879732155376
  0.25042800469212856  0.26141335030349594  0.27271931892436141  0.28384368168163426
  0.29475428308604823  0.30539401254431159  0.31571192037948081  0.32608008668969590
  0.33611057136813732  0.34625104062941503  0.35632140346167679  0.36670235132968060
  0.37688617821129183  0.38734022855527833  0.39761587155329586  0.40801395151652581
  0.41827008575972352  0.42819825228335862  0.43864950025675770  0.44933660212577420
  0.46030280198310725  0.47069917340430895  0.48083432757260880  0.49089011705580454
  0.50079247108649105  0.51093512785634321  0.52130193747702014  0.53186579162929803
  0.54274703966112670  0.55347706755609005  0.56422728151171642  0.57478204248982923
  0.58528782156822390  0.59606917121123548  0.60699399472945481  0.61790972209859918
  0.62904457105881895  0.64031331418715742  0.65170475519544180  0.66284431487584927
  0.67364867261392014  0.68433030784729965  0.69516359147703077  0.70581982457337333
  0.71615374809320353  0.72637430441577999  0.73656003921389790  0.74668747715116746
  0.75655518394235222  0.76686739425719541  0.77743501838662343  0.78814729616624601
  0.79870482928047959  0.80930194093364749  0.81985805922977928  0.83035751265758373
  0.84113647855286722  0.85220265738343226  0.86325900456827920  0.87434371622901019
  0.88518552691071628  0.89651046465490136  0.90785739262721121  0.91916239235812591
  0.93015568430844553  0.94088558268987332  0.95099217550840698  0.96111898439793408
  0.97096100781526917  0.98061053195425540  0.99027287986965751  1.00000000000000000
  0.02462956337245307  0.02808352682141828  0.03228856797279130  0.03651734729244998
  0.04105236102610038  0.04589171806886395  0.05084239798219681  0.05570005300259331
  0.06052110730727730  0.06586898642519692  0.07148766546019128  0.07706838481159706
  0.08261774263476578  0.08820409377370653  0.09382922771531049  0.09950151883183857
  0.10522421946999108  0.11104000135438954  0.11693628836022842  0.12293334488368476
  0.12889074965212571  0.13481076568814745  0.14081030132794545  0.14681021660646232
  0.15266894153394500  0.15849367440521625  0.16445947183118206  0.17045917830396709
  0.17650836144361279  0.18256261300367363  0.18873834304430939  0.19516180582087711
  0.20154267466383263  0.20797748737181757  0.21465518280116450  0.22162457431231755
  0.22889173253043388  0.23635993332318123  0.24382140434594002  0.25121703108529220
  0.25863691106116637  0.26613137215901567  0.27368645614352338  0.28135209936069894
  0.28894934392268090  0.29673568947355733  0.30468043844989828  0.31283321226764460
  0.32110186560206239  0.32944665864921080  0.33773394114156585  0.34612777513354687
  0.35462155744835705  0.36341570873068052  0.37243130233152422  0.38132091370069943
  0.39015465850907222  0.39930589495572361  0.40863807608270686  0.41799791805151354
  0.42740849444143125  0.43698430723953863  0.44692145329667937  0.45704977429484683
  0.46708165003625429  0.47715878933634465  0.48744718400774623  0.49791439579939994
  0.50861332572798545  0.51949163671468845  0.53071790942369723  0.54211800438611391
  0.55375084309303391  0.56567331198028936  0.57790002739655943  0.59031897952720991
  0.60298248224149431  0.61593133079532403  0.62896789113722351  0.64213796540081647
  0.65580808288601800  0.67014836204458084  0.68516057892103821  0.70066892590347996
  0.71666342087972879  0.73344355199356948  0.75100205013443389  0.76932576012252341
  0.78820389641612698  0.80772951906694346  0.82846060724272375  0.85095227794968253
  0.87566387709208326  0.90474585522390083  0.94204201423909928  1.00000000000000000
 -0.01416210037066082  0.08574651895039963  0.12212858717020406  0.14571198114657033
  0.16496730516030592  0.18172786335421068  0.19634817181819697  0.20946472226480944
  0.22147885313267660  0.23269957027537194  0.24348778412187602  0.25369274359101313
  0.26334146289714300  0.27245200840091371  0.28126598564011940  0.29000758367336804
  0.29839724465181883  0.30653067711300619  0.31432068002417529  0.32179170985957306
  0.32919322477541796  0.33650875521346207  0.34367723803476369  0.35086636202699939
  0.35780316499721515  0.36449618200757522  0.37107563000823712  0.37744028486459502
  0.38358027115396381  0.38963206300258030  0.39563664245845298  0.40158442540774925
  0.40750312870568739  0.41340268162724880  0.41926776226758539  0.42533011462151860
  0.43142793943211788  0.43752724855114600  0.44336673730900777  0.44904537062162886
  0.45476910075237748  0.46058463867753763  0.46656265158800753  0.47253369775877840
  0.47845177043317566  0.48441735197834851  0.49033602827219147  0.49618038495974054
  0.50183896606344969  0.50733360160693641  0.51287851993789946  0.51863884880599820
  0.52458584714380629  0.53065646765228114  0.53674272394363887  0.54270474979125816
  0.54854011453279572  0.55436875211436110  0.56024942062128114  0.56627927786410692
  0.57240218584182390  0.57858274099715978  0.58464909652335395  0.59048132811524534
  0.59625321718170221  0.60236704325388279  0.60882600917219032  0.61554910247024697
  0.62232909599742003  0.62904342931930801  0.63579136680392301  0.64264853144170742
  0.64960983583103837  0.65680505453189941  0.66392467822226964  0.67117245669710146
  0.67842054190314016  0.68597921125994754  0.69382986111838807  0.70193977878096403
  0.71034268730854344  0.71927841883595334  0.72850687957867899  0.73800057224751991
  0.74776738202147197  0.75790199777536160  0.76861323691425809  0.77991961927583164
  0.79189345418300261  0.80472760239495766  0.81890855819910735  0.83559187208965258
  0.85555912233560405  0.87955427659521734  0.91576805573102638  1.00000000000000000
   3.7488122781758415E-008  -1.0000000000000000     
 F F F F F F F F F F F F F F F F
  <DiscreteSampler_grid>
  grouped_processes
  1 # 1 for a reference and 2 for a running grid.
  10 # Attribute 'min_bin_probing_points' of the grid.
  1 # Attribute 'grid_mode' of the grid. 1=='default',2=='initialization'
  0.0000000000000000 # Attribute 'small_contrib_threshold' of the grid.
  0.5000000000000000 # Attribute 'damping_power' of the grid.
 # binID   n_entries weight   weight_sqr   abs_weight
    10   10   2.449752640615760E+006   2.255242945498980E+013   2.449752640615760E+006
    11   10   2.449752640615760E+006   2.255242945498980E+013   2.449752640615760E+006
  </DiscreteSampler_grid>
