 -0.00241758418106482  0.00947291348240160  0.01966609061158880  0.03008784726733801
  0.04047667476177181  0.05110145088444400  0.06191948975307097  0.07260547740802256
  0.08314408466136912  0.09374679123333385  0.10442566191698414  0.11495255678419944
  0.12560755507866569  0.13628070794101169  0.14695608180646147  0.15747910164566425
  0.16804333428831919  0.17868154299587419  0.18927876643909167  0.19958019896790055
  0.20985598191288538  0.22022767002261179  0.23064364621308295  0.24108936145029797
  0.25161039490041459  0.26219981205959769  0.27291049490107233  0.28345350678813208
  0.29398468271238026  0.30444501735132656  0.31488530440516016  0.32539193235096042
  0.33587590490869856  0.34633536615173188  0.35666553614885554  0.36703745934157467
  0.37748105009991051  0.38796553625077601  0.39844130029863900  0.40901124689886903
  0.41943578407677773  0.42982751937533054  0.44030749401419000  0.45094684992425627
  0.46145793901336951  0.47189243178083418  0.48241549541813339  0.49303564802286354
  0.50357893572002954  0.51399184123335395  0.52435018101191277  0.53476263412124203
  0.54520636942790091  0.55566327479360056  0.56618464471866259  0.57680140235800559
  0.58739390537068448  0.59788804690750985  0.60833365085405899  0.61879207467207553
  0.62936277970574828  0.63986086361025962  0.65034236481712138  0.66096172660338048
  0.67167776919445343  0.68244157845944120  0.69302868217338753  0.70369380203753851
  0.71432305290557130  0.72499464154203552  0.73567517745331479  0.74633040364036463
  0.75690330354280022  0.76751276391747647  0.77794175398386622  0.78844439442290282
  0.79907367156109610  0.80969170535705171  0.82020426218063136  0.83062453987266316
  0.84117521574567833  0.85169776341661951  0.86222631936104144  0.87269765890500817
  0.88316693926660350  0.89375594769564082  0.90443009212918068  0.91500886455643204
  0.92547438160051720  0.93596507446016719  0.94662302924268460  0.95735500972741794
  0.96816799288746147  0.97892602878165513  0.98951443573892439  1.00000000000000000
 -0.00245740837111451  0.00942353656586813  0.01963346991196957  0.03024093916297096
  0.04097011026215071  0.05167011868010579  0.06227043050985330  0.07272014109740201
  0.08330920784271298  0.09390733157945526  0.10455169787404422  0.11503096928183190
  0.12551907590461372  0.13602585484627527  0.14647229785483643  0.15698928032472617
  0.16761861658216456  0.17848098724542649  0.18926762571603944  0.19996746224390863
  0.21059622615496462  0.22133265575843569  0.23193344741031516  0.24245526203701573
  0.25305057129909519  0.26383724369242528  0.27450149655628825  0.28500487147891485
  0.29558635394165561  0.30624368414323039  0.31679312296113649  0.32723402393834750
  0.33770222307657338  0.34824466586835673  0.35871183746978580  0.36918012991622723
  0.37966565846938655  0.39022913035193274  0.40061246196543321  0.41099093928640340
  0.42141755894761140  0.43190984798366522  0.44246114116116064  0.45288564180305457
  0.46336457560838984  0.47381415031207025  0.48440603208084576  0.49500011611132022
  0.50565539697079998  0.51638376844352440  0.52703465217789003  0.53763510121743485
  0.54793619162168650  0.55817881681644177  0.56856619782385287  0.57906992234362409
  0.58964951904966023  0.60013573125937236  0.61071455992560142  0.62122556463703538
  0.63161060799708313  0.64205887784569149  0.65259323125172508  0.66318098117983748
  0.67370432865394836  0.68424521614330158  0.69467183278049538  0.70512581259013074
  0.71564438684949050  0.72621514952262511  0.73662150631618817  0.74702848118089082
  0.75745448882423705  0.76798596078071801  0.77849540089511837  0.78892508904074798
  0.79945452681862805  0.81004004995537526  0.82069936193971404  0.83132206274025144
  0.84181570533183292  0.85238744928215715  0.86293169088933852  0.87344519858106329
  0.88401109595085114  0.89456043758088244  0.90524102386642780  0.91581901177243796
  0.92638570210210291  0.93705295401586364  0.94756452350801412  0.95817728735606966
  0.96865328937036388  0.97922370123381419  0.98963676948984602  1.00000000000000000
 -0.00238549390078495  0.00977419304070308  0.01996787390576919  0.03039599317608323
  0.04074774394193142  0.05110817330463641  0.06149256379939474  0.07227132888133680
  0.08306783836057578  0.09376888792971701  0.10439624360324096  0.11497238027313030
  0.12548867638962741  0.13582993924975584  0.14617685908994812  0.15660150129330480
  0.16705343054438382  0.17742888124943504  0.18763834738695148  0.19771104494566868
  0.20781565972823995  0.21814608420829307  0.22859296907295912  0.23913746722544901
  0.24957131140817065  0.26018685251939266  0.27079923910977177  0.28145948702490819
  0.29217475145680483  0.30284659748664949  0.31342298875625380  0.32393416956186516
  0.33447155285920016  0.34510000868587809  0.35569823568560960  0.36627032960717254
  0.37684559379358273  0.38738333874803643  0.39781486975177138  0.40818977561107100
  0.41858405997310411  0.42913778164162858  0.43971196081468661  0.45026804779078239
  0.46087463740031720  0.47144042822838828  0.48193665860892321  0.49240205394205278
  0.50295153158092776  0.51359934791669992  0.52425272473707563  0.53481303368453370
  0.54536344106582724  0.55590259381387475  0.56652768180383262  0.57708771505808210
  0.58765042157742431  0.59811225055648876  0.60869186092750793  0.61926126295624095
  0.62991082457646663  0.64063604096656401  0.65126865812351509  0.66190162119345541
  0.67226888386010697  0.68266318705284723  0.69313987630107932  0.70367740118324296
  0.71416077711588777  0.72466867682349667  0.73505348146583516  0.74553693903279694
  0.75595181819078439  0.76653704911117893  0.77709543986041685  0.78777247564921260
  0.79834308677605115  0.80889920810847393  0.81944437088722766  0.83001485806027120
  0.84058851811714053  0.85097809324933982  0.86143872475022865  0.87194732733416425
  0.88247034040619432  0.89301203087492875  0.90367218695194573  0.91445902089302566
  0.92532597811248429  0.93614799504251434  0.94690931095792430  0.95763313579938492
  0.96829746088544422  0.97888697013105741  0.98944266127268965  1.00000000000000000
 -0.01795013969731170  0.09994676961991461  0.13390793398475714  0.15544124872796342
  0.17325837678015801  0.18873209995293352  0.20263532284681901  0.21536108531252204
  0.22716743405370068  0.23818915502394128  0.24862206085575542  0.25852691971560998
  0.26799372975036156  0.27702839580575328  0.28571334525994319  0.29411671914050297
  0.30219205262183974  0.31008975804016570  0.31774568365028472  0.32520250473072554
  0.33254294327731937  0.33962724535902089  0.34659577723235324  0.35345685098340962
  0.36017353214806669  0.36678646530126596  0.37330600523420365  0.37971826601263137
  0.38604720006084559  0.39232168021050551  0.39851777622099627  0.40460399584698309
  0.41066152958827989  0.41667974631817539  0.42262001850120917  0.42852055936330335
  0.43439510679664106  0.44022549430375763  0.44600545014514448  0.45176366419392527
  0.45749852314257683  0.46320540541878974  0.46889181627008525  0.47456475210810006
  0.48022570202417009  0.48587860357595780  0.49152482042461937  0.49716527475902328
  0.50280289293186975  0.50843925296381831  0.51408228069279827  0.51973480243228087
  0.52539898294673448  0.53107737365405217  0.53676259645273161  0.54246536797925937
  0.54819988554041088  0.55396161961265677  0.55974816401075600  0.56557299715665044
  0.57143482239560617  0.57732535072931679  0.58325579991558252  0.58927229522085445
  0.59533030852801294  0.60141661928435097  0.60761131160963433  0.61387509714548605
  0.62018894610022957  0.62658775831422486  0.63310143013177345  0.63971794504342949
  0.64644486603316875  0.65332008855069923  0.66031004643702240  0.66741453072215606
  0.67475419416112281  0.68220783664693230  0.68985345821921218  0.69774631617911875
  0.70583444098111048  0.71425711826156357  0.72296775253677459  0.73199803349722548
  0.74144008390575811  0.75131684173502578  0.76174575852065896  0.77278984536646000
  0.78462440774837294  0.79740119423510791  0.81136755067362332  0.82687758095535124
  0.84479225052910656  0.86652835107216208  0.90064580378917292  1.00000000000000000
   1.8019114439648450E-005  -1.0000000000000000     
 F F F F F F F F
  <DiscreteSampler_grid>
  grouped_processes
  1 # 1 for a reference and 2 for a running grid.
  10 # Attribute 'min_bin_probing_points' of the grid.
  1 # Attribute 'grid_mode' of the grid. 1=='default',2=='initialization'
  0.0000000000000000 # Attribute 'small_contrib_threshold' of the grid.
  0.5000000000000000 # Attribute 'damping_power' of the grid.
 # binID   n_entries weight   weight_sqr   abs_weight
    10   10   1.905063759103141E+010   4.454542341237671E+020   1.905063759103141E+010
    11   10   1.905063759103141E+010   4.454542341237671E+020   1.905063759103141E+010
  </DiscreteSampler_grid>
