 -0.00251543396982606  0.00946290568988018  0.01961749349409369  0.02998628044449691
  0.04042830059282172  0.05085208256736699  0.06122572456561858  0.07177119495624483
  0.08212363557464206  0.09266319320316335  0.10311634483787560  0.11383141150405056
  0.12446068814459138  0.13516174590882046  0.14586996438974420  0.15649421287297222
  0.16732272954419009  0.17812710668123796  0.18887436892315976  0.19930429389598078
  0.20980038465866363  0.22037647407681837  0.23091983265815547  0.24131387223751727
  0.25181858514218286  0.26251210612213727  0.27338815920058679  0.28422164546074352
  0.29505307095726768  0.30573591435962066  0.31640127562908404  0.32683120817027489
  0.33736873841476073  0.34783858777328758  0.35834220575611142  0.36892475538635100
  0.37945365086616428  0.39004584267248160  0.40046376009354739  0.41091051563173020
  0.42125217644019292  0.43158768556607591  0.44205442537214495  0.45256753801813665
  0.46306410136476817  0.47354520295830460  0.48414493707659584  0.49470425433238846
  0.50525600379830504  0.51586826223696258  0.52646290576941202  0.53703450780668816
  0.54766192063729657  0.55843295672649507  0.56900317697086233  0.57950984543728579
  0.58982540101839087  0.60010015568698249  0.61042611519054135  0.62084833130135242
  0.63142852349705869  0.64187836775818974  0.65243670640471829  0.66308540197790877
  0.67372461296168740  0.68438692901323128  0.69517708789466670  0.70593983519558201
  0.71657759092553708  0.72710516190105046  0.73770653493786420  0.74821619801009032
  0.75880236419943825  0.76942557859811256  0.77987905684165559  0.79033377175066000
  0.80069424773255060  0.81117010420312963  0.82165658680039066  0.83209269713701084
  0.84264584419402244  0.85315172681453455  0.86377821759268947  0.87432039414110418
  0.88479477591458833  0.89529222366900485  0.90585415868925767  0.91651805208835557
  0.92720418442617825  0.93784968519206247  0.94817101149714900  0.95846189247530733
  0.96879044378652834  0.97911208654245885  0.98951004022600009  1.00000000000000000
 -0.00251889252026533  0.00951151881741258  0.01966295259677617  0.03034312348940044
  0.04089842013816263  0.05147785718482002  0.06217772516819216  0.07291736680098743
  0.08361228454122863  0.09429339625416143  0.10496951533291848  0.11543756081269770
  0.12587200720254232  0.13638945158428531  0.14685363683068231  0.15714320354792460
  0.16747954231794646  0.17805575234497029  0.18850287332172533  0.19899041855400570
  0.20946025864000176  0.22015485174621885  0.23077376534887414  0.24148797692844812
  0.25220065484493298  0.26289109136223793  0.27357069224142916  0.28422537745918375
  0.29472799613770190  0.30515617247770571  0.31560743401004543  0.32637142802743363
  0.33697140240284695  0.34751874607392647  0.35796137577367848  0.36845279325458119
  0.37899061050711869  0.38936315492512641  0.39990040450908276  0.41053478560049494
  0.42124502798643104  0.43207117025919045  0.44280697432689642  0.45359643857262349
  0.46404176946721654  0.47446216574322253  0.48480292575979023  0.49518746244187345
  0.50564777132124150  0.51602599760232293  0.52654145385077578  0.53701687624070993
  0.54761734118168459  0.55827789747829637  0.56885383836630776  0.57956013982858845
  0.59020596548261506  0.60095027279089808  0.61145104807544248  0.62202132301084645
  0.63260303080679581  0.64322842713776807  0.65373188028843499  0.66425066392627552
  0.67486309493170427  0.68538852423109597  0.69608462804249904  0.70673040234560747
  0.71736444238418406  0.72800177531276167  0.73861101820383923  0.74919360734408214
  0.75958202435290290  0.77003644193308773  0.78043259306590151  0.79086925466724989
  0.80132626159717379  0.81187176111187243  0.82246786963964569  0.83299967928030927
  0.84372803665648410  0.85431078838461882  0.86485650839918005  0.87535494684890525
  0.88592178220764506  0.89646041552224831  0.90676996192507564  0.91701080021935721
  0.92727820375525860  0.93755905080996293  0.94807136355182742  0.95844940998430483
  0.96886963722761277  0.97923023373198192  0.98965622915474527  1.00000000000000000
 -0.00238301741521082  0.00900179688996563  0.01879783466329619  0.02919929003028991
  0.03962312634363852  0.05036172165551008  0.06101888453363744  0.07203365283392656
  0.08293736387324445  0.09389221430666271  0.10468161002782400  0.11533832741864186
  0.12597921249490024  0.13657243517489648  0.14716151595039881  0.15791926599515324
  0.16850927408025065  0.17923050448419084  0.18986923791323809  0.20044428290103178
  0.21097205794839322  0.22149821491677266  0.23202733186950997  0.24248892667592734
  0.25290844892040670  0.26338959015284624  0.27380365389563172  0.28419898793316789
  0.29464687632319442  0.30522975749767955  0.31587301760866165  0.32651294831613742
  0.33725137876524480  0.34788826163756770  0.35841804527842491  0.36869636677820472
  0.37895152530284831  0.38922761651314475  0.39955018005828558  0.40991557126202027
  0.42027833219000033  0.43070761782289851  0.44124242939596248  0.45180186489692864
  0.46234845086772769  0.47285823777136116  0.48354032075974718  0.49421700425726323
  0.50475708864251212  0.51511186426516486  0.52558927584697712  0.53603716303634708
  0.54664518085194802  0.55722826469537401  0.56792778158623369  0.57866004646509883
  0.58923926533156135  0.59976222791158784  0.61010987361846936  0.62047818945665434
  0.63095199130867663  0.64149461803780772  0.65221172062812161  0.66288420699874406
  0.67356167908049036  0.68413151411508366  0.69461309992892228  0.70503743831369514
  0.71541883452893973  0.72575664614307711  0.73607067629597478  0.74649293670570283
  0.75700765917125190  0.76749004880131366  0.77786173338705444  0.78822572209446051
  0.79870288219337005  0.80928328073679046  0.81982585181582013  0.83037182803858023
  0.84092796282859139  0.85167378134044724  0.86243768418043565  0.87327641139932755
  0.88394098329538029  0.89451053360397903  0.90510494332277491  0.91579760665477061
  0.92643278811927898  0.93701105176640087  0.94759894464953165  0.95826991404121586
  0.96874988395469119  0.97922123852061649  0.98966030260284132  1.00000000000000000
 -0.01768297790513337  0.09969339813448502  0.13373309348604989  0.15523066055872620
  0.17307498966697177  0.18856294715357411  0.20249443936552719  0.21524368526889545
  0.22708204487444736  0.23814143234749577  0.24858661057182171  0.25847917739736842
  0.26794190345202301  0.27699074244036215  0.28570982971332182  0.29413742243499541
  0.30221758371500229  0.31010950921985442  0.31774300819992884  0.32518612089911936
  0.33252545370070780  0.33962485473503201  0.34660491224704693  0.35346231679514306
  0.36017959575326836  0.36679622262587297  0.37331896775048989  0.37972972859302428
  0.38604648773934691  0.39230656446806494  0.39849948713736544  0.40459210688090574
  0.41065157748387260  0.41667397829437808  0.42260840706670222  0.42850501249023509
  0.43437619737958238  0.44021195107243760  0.44600483855755413  0.45177688319806675
  0.45751481148609308  0.46321325073660324  0.46889131570036152  0.47456107459136238
  0.48021822373503825  0.48586562917729398  0.49150577865526018  0.49713966180567287
  0.50273858614212519  0.50833353598459130  0.51393030276752349  0.51956601795920854
  0.52522216009508760  0.53089248668447453  0.53657909091195466  0.54228669519966322
  0.54801837500143091  0.55376927064987469  0.55954052142830202  0.56536012977710448
  0.57122790529664014  0.57712900033115000  0.58307070822313867  0.58909125548044494
  0.59516693014154276  0.60127510366086123  0.60748742096636543  0.61377122455792699
  0.62011370502099861  0.62654327826673406  0.63307784752958929  0.63969942364343979
  0.64641503494115393  0.65327399355918103  0.66024821884553575  0.66733440151030154
  0.67467398085890717  0.68213570863190820  0.68979669743454042  0.69769745730115829
  0.70577601793954092  0.71418646883875259  0.72289215298114529  0.73193335487755151
  0.74138890202678887  0.75127091296854176  0.76169815391595208  0.77272752698722547
  0.78453073126085937  0.79724489038096835  0.81112826313417286  0.82655748973902099
  0.84440505947757249  0.86600091796609724  0.89987003784894137  1.00000000000000000
   1.8015276725677999E-005  -1.0000000000000000     
 F F F F F F F F
  <DiscreteSampler_grid>
  grouped_processes
  1 # 1 for a reference and 2 for a running grid.
  10 # Attribute 'min_bin_probing_points' of the grid.
  1 # Attribute 'grid_mode' of the grid. 1=='default',2=='initialization'
  0.0000000000000000 # Attribute 'small_contrib_threshold' of the grid.
  0.5000000000000000 # Attribute 'damping_power' of the grid.
 # binID   n_entries weight   weight_sqr   abs_weight
    10   10   1.358695089083273E+010   2.903351550460136E+020   1.358695089083273E+010
    11   10   1.358695089083273E+010   2.903351550460136E+020   1.358695089083273E+010
  </DiscreteSampler_grid>
