 -0.00241092437627249  0.00949093923662668  0.01956043413851690  0.03024616356809855
  0.04106569682688851  0.05186480451630690  0.06253808572484769  0.07325832288958634
  0.08381406674093773  0.09424433513497539  0.10484070148624849  0.11549800510997282
  0.12607061804547928  0.13643680872534808  0.14682188234932675  0.15739742401335244
  0.16789618315026542  0.17841603908823706  0.18888259243433228  0.19951833598776519
  0.21014769355047205  0.22084897278374016  0.23141652488723338  0.24194722251558781
  0.25235417220060224  0.26278935519913160  0.27331347054322230  0.28368256460932573
  0.29407089878861709  0.30446369409917062  0.31504870398692580  0.32561931186164544
  0.33611453356609877  0.34669535240340799  0.35742725594937702  0.36814677800934464
  0.37879913779527713  0.38918946277131067  0.39964545034910909  0.41017726961706508
  0.42073380703095720  0.43137220431113005  0.44191173549753360  0.45243617067139336
  0.46288547374809513  0.47337353937366000  0.48400656520737639  0.49454190036474316
  0.50510879167464506  0.51560634942135597  0.52610873684886461  0.53666566587895392
  0.54724166075646585  0.55776124369440627  0.56819983242943284  0.57876782333965759
  0.58935736551017526  0.59999480637782476  0.61061982657867908  0.62130057709671693
  0.63178124558229920  0.64213965772346138  0.65254389511064625  0.66300389186617481
  0.67348417974500641  0.68387191230722522  0.69436456151328818  0.70493671967797644
  0.71570022853725712  0.72658884681781477  0.73743505782358088  0.74826559438229845
  0.75872320207098709  0.76932743551803295  0.77994762091197833  0.79069756991693951
  0.80118542459103703  0.81163508291878694  0.82205396980443046  0.83240544976351594
  0.84269240854203586  0.85293850513753067  0.86340538831240443  0.87388388843153453
  0.88419563054984618  0.89459267629341654  0.90504138945614854  0.91544546683264716
  0.92574540824618945  0.93605227879381947  0.94668923543108141  0.95731304410099127
  0.96787489746260513  0.97849451030337342  0.98919893914230372  1.00000000000000000
 -0.00238739501136528  0.00981556039469043  0.02007104162502622  0.03072263910571925
  0.04132687718243276  0.05172730439768956  0.06210715501811010  0.07256503843387778
  0.08301224152177562  0.09340392652980152  0.10380624292040382  0.11457493400444678
  0.12534352394253162  0.13632262837617834  0.14702757971618877  0.15770769000548512
  0.16836436906651317  0.17911295630776464  0.18990049095624251  0.20059492238281579
  0.21121703481764026  0.22173047025170231  0.23240742481468354  0.24303290303795222
  0.25360802866899185  0.26404773903116607  0.27458563627282750  0.28519725068396212
  0.29563151593326009  0.30609073602482689  0.31650851587708345  0.32696940990320356
  0.33732579669509322  0.34759269717702201  0.35786950662818284  0.36828230161468967
  0.37880107956500936  0.38938327486898661  0.39986854310648284  0.41050184030076509
  0.42106367717151089  0.43156506112238163  0.44193091166755311  0.45238354149940174
  0.46290350939831454  0.47334926345142980  0.48386318615383883  0.49436168861280921
  0.50501325445865886  0.51566818925873625  0.52630635530836622  0.53686081383479733
  0.54751680044989681  0.55834917687459362  0.56918272843937245  0.57989903958459643
  0.59038710276034045  0.60093321505835173  0.61125258650729530  0.62168754081322863
  0.63204377606736362  0.64261334202089582  0.65291222128086623  0.66324197755089853
  0.67368547686899505  0.68418643348148867  0.69455905795205863  0.70479962971774701
  0.71530449155283149  0.72587039904638662  0.73651137534770672  0.74704800028872909
  0.75763854737317549  0.76803980780084702  0.77851625732039187  0.78901494102109859
  0.79966445607814496  0.81026521360339587  0.82071237845422440  0.83114139062545322
  0.84157414093509786  0.85200387545321732  0.86228009801475736  0.87251482112457013
  0.88287918850282276  0.89339440562203476  0.90385584001368136  0.91434604468870306
  0.92476953223872482  0.93524545772720147  0.94579417196511062  0.95613036357821424
  0.96699739269883778  0.97784575106673988  0.98906249604553320  1.00000000000000000
 -0.00240253767723531  0.00968891464579726  0.01984021188046072  0.03032001978005918
  0.04070638801816630  0.05100484809878596  0.06121708698892098  0.07170060571161153
  0.08222468983330469  0.09288762480242124  0.10354095330728702  0.11414980835852970
  0.12487836726939931  0.13542067032028876  0.14619320781401474  0.15685371411017665
  0.16757644404830765  0.17815170447758544  0.18861188470438181  0.19908968900175544
  0.20962685173292908  0.22030122940106980  0.23096751093776480  0.24170465227755217
  0.25236361348220393  0.26296199494418776  0.27348527374416021  0.28390345518642024
  0.29427747118203063  0.30466782390133029  0.31502834621738646  0.32547444511917151
  0.33582788511110140  0.34629216606326979  0.35672774301048149  0.36716868515308404
  0.37764255189617335  0.38800399235168553  0.39845412683352266  0.40892500822552419
  0.41944759800741110  0.42978125949389939  0.44021363652658180  0.45067942361992719
  0.46127568113470430  0.47173120982813760  0.48233566100303910  0.49293347008469507
  0.50344677150195305  0.51381659395965973  0.52430869830664650  0.53502691850455442
  0.54577282935032656  0.55646549911045873  0.56697081745078481  0.57753571257755232
  0.58820363808484699  0.59903290548183508  0.60968773692349809  0.62022180229808199
  0.63078610569936777  0.64144853157396420  0.65196303649994569  0.66225882013405957
  0.67261373182485984  0.68299481293415854  0.69348121319910949  0.70397296177886826
  0.71465513280945081  0.72540012790967723  0.73591144583056900  0.74633161632282796
  0.75675780825111405  0.76737340177579194  0.77779567406598049  0.78815134824918420
  0.79850077308256284  0.80891492068607673  0.81946895236813300  0.83008079898496590
  0.84070288168363083  0.85127390759800625  0.86181164953101730  0.87250803038720515
  0.88315115893799101  0.89364422843168756  0.90416299751556217  0.91476236738142325
  0.92534090690362780  0.93601413575857051  0.94661626912729457  0.95720191401631527
  0.96774093505097836  0.97831807868036325  0.98913875470207302  1.00000000000000000
 -0.01835788440888287  0.10355404890802333  0.13788496175027123  0.15929722877986641
  0.17690080663667476  0.19210338047281700  0.20575752688713769  0.21824933281005293
  0.22986060816433507  0.24072676037553850  0.25102431103566480  0.26079208136829946
  0.27015104360444203  0.27909613958028917  0.28773532687692233  0.29607217378981304
  0.30411904236012777  0.31196378794585855  0.31953236790952660  0.32692972366435369
  0.33419044328509767  0.34122651504629242  0.34816907395703039  0.35496940674802341
  0.36163069534388542  0.36819990044147177  0.37466406980004019  0.38101348673647040
  0.38728458558158169  0.39350190966873666  0.39963670494491638  0.40566837216647289
  0.41166141176024096  0.41759721313023984  0.42346617122639829  0.42929836946645145
  0.43510457721462775  0.44086807650454629  0.44657964636071873  0.45227624178566889
  0.45794631728579388  0.46358548504121172  0.46920623551640339  0.47481844694219111
  0.48042221660412598  0.48601385352116966  0.49159643626707489  0.49717034378230673
  0.50274303817466304  0.50832234311874136  0.51390393303421267  0.51949174004795518
  0.52509209326166828  0.53070404154239437  0.53632462825683291  0.54196312312818340
  0.54762960508026581  0.55332036115166316  0.55903278259749778  0.56478655938923372
  0.57059386904125342  0.57643659558089266  0.58231281845887151  0.58825439735934315
  0.59424672026051162  0.60027991208797360  0.60641944077032794  0.61263594748494943
  0.61890784898854279  0.62526666008592491  0.63174894452363062  0.63833428715074703
  0.64500636646908727  0.65181509516727454  0.65875999463267432  0.66581072640742334
  0.67308166378869561  0.68049974957428605  0.68807291820172334  0.69592082183616388
  0.70394869639613622  0.71227192000623840  0.72090337370903557  0.72985187590643863
  0.73920449879085237  0.74895628193648567  0.75925033548593557  0.77011486153887643
  0.78173110881018981  0.79420937260997027  0.80784193592053533  0.82304320719257151
  0.84056288488321951  0.86191879642683289  0.89615916821104280  1.00000000000000000
   7.8819778633793403E-006  -1.0000000000000000     
 F F F F F F F F
  <DiscreteSampler_grid>
  grouped_processes
  1 # 1 for a reference and 2 for a running grid.
  10 # Attribute 'min_bin_probing_points' of the grid.
  1 # Attribute 'grid_mode' of the grid. 1=='default',2=='initialization'
  0.0000000000000000 # Attribute 'small_contrib_threshold' of the grid.
  0.5000000000000000 # Attribute 'damping_power' of the grid.
 # binID   n_entries weight   weight_sqr   abs_weight
    10   10   1.187437455564259E+010   2.086083830485814E+020   1.187437455564259E+010
    11   10   1.187437455564259E+010   2.086083830485814E+020   1.187437455564259E+010
  </DiscreteSampler_grid>
