  0.00297094930094760  0.01128380595079320  0.02175350346339133  0.03184065480758580
  0.04205968535556418  0.05223020319056270  0.06267434770539326  0.07326792904499135
  0.08383907221593066  0.09430520657555030  0.10478353068474658  0.11519319172759163
  0.12588717642290015  0.13665660322030182  0.14759309738833051  0.15850918430822034
  0.16949734899501237  0.18047968571509199  0.19118815597025796  0.20188211755242896
  0.21272857125065756  0.22364631214312813  0.23447492819697047  0.24522552506921841
  0.25604167517340537  0.26666494291171450  0.27729711238016003  0.28774429629041137
  0.29817642556766522  0.30853078149866148  0.31902839907144037  0.32938660732654612
  0.33986356907690185  0.35037231204988450  0.36090380481649403  0.37135389478279079
  0.38186492631149654  0.39234104764836381  0.40280002048570962  0.41296720985545649
  0.42307293051425660  0.43324596666901344  0.44375537380436614  0.45444220019596282
  0.46491916324653954  0.47520788883099457  0.48548351789272848  0.49587488837881422
  0.50651087163267117  0.51723878770795739  0.52802653969668933  0.53875470402106684
  0.54950218242855808  0.56001139606779793  0.57041820625776340  0.58079087794030682
  0.59126513512732470  0.60160620782927510  0.61180813172997328  0.62211841765802744
  0.63243921516609036  0.64280021256987352  0.65316994202709144  0.66345794855435813
  0.67405219283359907  0.68451101032426065  0.69519345347516037  0.70583040312364231
  0.71627760761718617  0.72699799311852309  0.73767577804329865  0.74850989756485720
  0.75925803042014628  0.76985027232724024  0.78019707861094656  0.79056725437622311
  0.80117151563150268  0.81196953850580778  0.82263600837925721  0.83330214967142069
  0.84362217939486950  0.85374912586057838  0.86372685760470025  0.87373254090028529
  0.88390147336436120  0.89404139482042722  0.90438960816584457  0.91489513210547402
  0.92566808125663880  0.93640642729151113  0.94708125105022734  0.95771732680929644
  0.96816278734881323  0.97866027606621309  0.98913485958425384  1.00000000000000000
  0.00955844104488458  0.01602641598730462  0.02476134883809622  0.03500655994568630
  0.04495807551506133  0.05509421076063235  0.06546104845819750  0.07581534027247544
  0.08623130067188821  0.09667746426968146  0.10716317423243665  0.11740747101002863
  0.12782024456031793  0.13822581326202288  0.14839609179599036  0.15829416823326817
  0.16822869144823896  0.17827072190734922  0.18819777502541205  0.19808075431561090
  0.20804168649465346  0.21809150399370983  0.22809447456067744  0.23799796043656327
  0.24804488584772807  0.25847592034401434  0.26921078566371309  0.27996657284899168
  0.29061355810573114  0.30138159593679470  0.31212867367515718  0.32272849665896597
  0.33308491249550887  0.34318677939673292  0.35325255394852950  0.36335663988043038
  0.37362877616786178  0.38392832976483249  0.39414615376232898  0.40457432086012773
  0.41485151994258573  0.42513749177354959  0.43551556030207073  0.44648248268403695
  0.45766048722237063  0.46880415547592624  0.47993882364039153  0.49079710726183423
  0.50147310065134443  0.51205025518762137  0.52284248282277268  0.53387538625854747
  0.54519151595150717  0.55698294314568952  0.56796992148630665  0.57914783612102061
  0.58985323694902581  0.60065292437026463  0.61080032260328787  0.62086385585331372
  0.63121513975721610  0.64200604066474665  0.65288761755844049  0.66352701034360939
  0.67402444077972001  0.68446751953517027  0.69497538753306543  0.70537284888283625
  0.71600549828565774  0.72635310709917122  0.73699470144545731  0.74738314192026734
  0.75761708536156502  0.76761032458375933  0.77772608098777030  0.78796420396032518
  0.79849079103866194  0.80869525632257333  0.81895547196738472  0.82888949791283240
  0.83902916192053334  0.84936930273778211  0.85977335340672734  0.87047927669524827
  0.88096797037771601  0.89160025268566823  0.90202557754239521  0.91246887516706832
  0.92275789143767140  0.93282222754796795  0.94308916157286415  0.95363332350638919
  0.96477479023813340  0.97586913113065432  0.98777918349440652  1.00000000000000000
 -0.00173953874782300  0.00701498715974720  0.01519524025644665  0.02352636634266331
  0.03243185958527275  0.04146641727780678  0.05047325826361929  0.05948897288166897
  0.06860706251316102  0.07803795648894651  0.08761757011640758  0.09743566930052770
  0.10739397173418133  0.11757275940892506  0.12783198473790425  0.13822935809901396
  0.14874891198269735  0.15937199585988868  0.16988458977606594  0.18012253208230744
  0.19034676994513672  0.20081453855965872  0.21176506255100477  0.22319539347455875
  0.23483315492410606  0.24661915075154606  0.25860953847613843  0.27067694929026864
  0.28298429397163338  0.29513347454579641  0.30734409164113824  0.31945457635566327
  0.33161171384792593  0.34353086190168103  0.35555767118801807  0.36822405395503993
  0.38120351533124375  0.39416281576143281  0.40713651014649543  0.41990124438118104
  0.43228876973200636  0.44477635901025592  0.45747964210068176  0.46986189003656847
  0.48225220970554911  0.49464485353764720  0.50715899278634335  0.51986840883107666
  0.53339615778537541  0.54649182763562298  0.55912952023085716  0.57140505683015352
  0.58383080596189474  0.59604855923144806  0.60843818363811286  0.62097714179998997
  0.63322031938767231  0.64512857496572196  0.65680487104616203  0.66800768814293421
  0.67908669122471355  0.69018943292388024  0.70141217235067843  0.71256545030105212
  0.72354804425892416  0.73402756672540947  0.74401363273439058  0.75397702056941629
  0.76409057312543716  0.77422870276106326  0.78431145939158686  0.79441442212064772
  0.80435337289045294  0.81394546080498098  0.82319575195651373  0.83229577696226797
  0.84138102192809050  0.85010271782848013  0.85876916294057670  0.86718783030606983
  0.87568160353597591  0.88400910058900917  0.89230313527608784  0.90077654474237456
  0.90921539472882207  0.91770860791489373  0.92592412569499916  0.93396828307108415
  0.94225375985312587  0.95071550104702007  0.95912020984016988  0.96733705973044681
  0.97544296261238683  0.98359009337115100  0.99163911207545907  1.00000000000000000
 -0.00234798896498374  0.00911588136554989  0.01905425796610088  0.02974353178607332
  0.04061364429814451  0.05145100066100824  0.06233971541596243  0.07327560138652285
  0.08424122720645691  0.09485500707920996  0.10537877812256370  0.11597341663943844
  0.12665341289595844  0.13735291632717531  0.14789055339680784  0.15837772068056927
  0.16876602013422670  0.17926804018869621  0.18971575717683337  0.20004618563624843
  0.21035727364269363  0.22036446539933818  0.23059062176666967  0.24091283366630048
  0.25133723205663616  0.26177644448232157  0.27247027522189321  0.28333089756354340
  0.29436092756291660  0.30538087565547573  0.31623621254800377  0.32702892782738541
  0.33759246937021464  0.34820831094020316  0.35904977284091666  0.36995166153137599
  0.38054797508635124  0.39082031799273531  0.40120367026053932  0.41178167225284323
  0.42242681205833432  0.43292340948036140  0.44346727121442825  0.45418913715248188
  0.46511616787087146  0.47614983734037175  0.48687460620898981  0.49749741957479188
  0.50810327878638673  0.51873288759997960  0.52950360520016626  0.54029541867049580
  0.55108651893964511  0.56197677634349641  0.57276741469597869  0.58371995394333109
  0.59426473534354118  0.60462147148730061  0.61466192799719954  0.62468633805296481
  0.63490895432263661  0.64493970667443656  0.65477208255612485  0.66463411173365283
  0.67493803307783384  0.68565843228661849  0.69615029450255816  0.70645545757429895
  0.71713295282312894  0.72813697824585022  0.73876818071160466  0.74897246509044768
  0.75920164157613479  0.76953296215790445  0.78031595911093143  0.79070992049110733
  0.80142936937936748  0.81174192640958609  0.82230630954037320  0.83285396423564007
  0.84369259136993147  0.85420579907083038  0.86535612350603541  0.87606353583591856
  0.88626786692919723  0.89626579897418945  0.90630578269320861  0.91624481082144549
  0.92627223341040710  0.93639258867425801  0.94706507043075461  0.95745534738386961
  0.96779400607874133  0.97840564838476651  0.98911232301353180  1.00000000000000000
 -0.00237183534509444  0.00904832339950402  0.01889286450421292  0.02878389187235346
  0.03905423344624480  0.04934569853044336  0.05952038178028916  0.06939542395127508
  0.07924062809627513  0.08934594324612352  0.09974810431215851  0.11007817399998976
  0.12050559882136318  0.13081153639098481  0.14104424113865471  0.15127547122596241
  0.16181820562141352  0.17237766464473187  0.18285638870452420  0.19323666534778816
  0.20397014963269802  0.21456865588350307  0.22535646257070394  0.23573543821909906
  0.24624682763313646  0.25660514360072190  0.26708583530329993  0.27711196461377424
  0.28736303185526635  0.29776175172593539  0.30824712206300708  0.31839844354768426
  0.32836120160395321  0.33851035422569065  0.34894880235127274  0.35936281757195604
  0.36983117609655763  0.38043575905917887  0.39116011040248788  0.40167093257764935
  0.41210539786565187  0.42259997814268857  0.43305350581440233  0.44336984580493644
  0.45358602513930585  0.46409703831505666  0.47456926418604722  0.48510492932733801
  0.49576789318567660  0.50649075995532045  0.51717524513167423  0.52783768592179248
  0.53865802490228099  0.54962251053670019  0.56037580585029623  0.57065387412341084
  0.58072253638171867  0.59094999701574391  0.60145951538724696  0.61206851572598986
  0.62255090769443022  0.63322743930616554  0.64392116264284627  0.65456428588467030
  0.66486550052803783  0.67500159196117671  0.68516865215981249  0.69583887264172273
  0.70675267056881375  0.71787929948173246  0.72899893615859801  0.74042144685761491
  0.75159838428851689  0.76233419708427586  0.77315819965577615  0.78429919774197721
  0.79574122235858880  0.80706765907329980  0.81835911357953894  0.82935344163046587
  0.84047495664415239  0.85145672249746007  0.86219335418090626  0.87272741208735316
  0.88330184878403828  0.89394759189295736  0.90458386384598477  0.91554724885446015
  0.92658324696581962  0.93756219931654960  0.94799873766176967  0.95856490695234609
  0.96868755455105449  0.97907855140426414  0.98938358491911849  1.00000000000000000
 -0.00270353116104514  0.01089186018869607  0.02188223909934418  0.03255101354873483
  0.04325311919886389  0.05365780322952143  0.06411748730299785  0.07475627661215656
  0.08510454882358104  0.09588186022174786  0.10661664852408041  0.11754653088778456
  0.12847313377661143  0.13920460053236799  0.15040660736229081  0.16108153986316262
  0.17162627368308242  0.18177492256059602  0.19187302307306342  0.20220410754264775
  0.21306583570951346  0.22431851830794738  0.23523975766992325  0.24565631784192193
  0.25602993271694885  0.26639776318372232  0.27669313963841013  0.28694823239831641
  0.29742189583083567  0.30822563322847157  0.31900848431983692  0.32969304304098818
  0.34035058780912436  0.35100334118133159  0.36167062845084125  0.37274490350555262
  0.38358304708257585  0.39446074868945730  0.40497060904533205  0.41548035119553151
  0.42585717084351055  0.43641815831298664  0.44695692862607606  0.45723117719164980
  0.46703034615584238  0.47688040393047432  0.48719775044904751  0.49757757097905114
  0.50781175964020786  0.51801036466568551  0.52862962102239830  0.53930694047272887
  0.54944590414296923  0.55957935396418401  0.56961614747225231  0.57958676659472608
  0.58925637986575741  0.59915341705643554  0.60932751794500495  0.61973350410255257
  0.63022506611537055  0.64052104638243001  0.65105743969961161  0.66170366841853734
  0.67235940206434153  0.68269924614023514  0.69287698604395997  0.70309622220106649
  0.71349200811612812  0.72408243775529813  0.73482043749178272  0.74541041023741805
  0.75598192596151459  0.76651847770306425  0.77708821802852190  0.78729799535610245
  0.79749841083495465  0.80789638553225618  0.81839587147415782  0.82872610125363944
  0.83891903283338454  0.84903165631941491  0.85938143303457171  0.86997918683486997
  0.88080704363007833  0.89153419678535983  0.90225826853040947  0.91309940911820853
  0.92407652289128195  0.93507871947200372  0.94616608256250434  0.95726527972936604
  0.96814240042060917  0.97881769198305835  0.98927777729531585  1.00000000000000000
 -0.00270826684932087  0.01242810806934030  0.02459485721631149  0.03681527226183614
  0.04824649189137746  0.05947041999323781  0.07076534065059072  0.08234385869848942
  0.09398378987355335  0.10557903114666486  0.11690290650122581  0.12806928792396294
  0.13921031898861191  0.15034025349523958  0.16113389244741719  0.17188947524255307
  0.18284147231290052  0.19402932193161965  0.20538813904859854  0.21660655697111914
  0.22766555401073621  0.23834018394073095  0.24903237069546508  0.25986122540526296
  0.27061838982951225  0.28102730450023877  0.29135210239340770  0.30184043638329144
  0.31229513208994986  0.32216866650305398  0.33181690462983199  0.34151806601797458
  0.35133602032575001  0.36100554230550030  0.37077423475010451  0.38047083134516324
  0.39002154343220874  0.39939616598185629  0.40887531909905966  0.41860020054078212
  0.42852709241781717  0.43820981317490820  0.44781204084936294  0.45737561170071733
  0.46696753589503182  0.47671914675148558  0.48674391952239099  0.49687500746046120
  0.50684506841024757  0.51654135366887077  0.52609866367483038  0.53551836511322548
  0.54483846087870891  0.55429266511334896  0.56375540998125606  0.57362320508980780
  0.58348971045455034  0.59354698929865013  0.60352208947910058  0.61296089728645475
  0.62258129990342781  0.63222278175896496  0.64216958435471561  0.65209167827501580
  0.66187769358881632  0.67170803512249344  0.68141614931790240  0.69116434460462695
  0.70090137303396716  0.71066211926881206  0.72040201291129813  0.73023167954590207
  0.74020170080862613  0.75039462715010030  0.76076177758690722  0.77116786485953592
  0.78157543172185706  0.79200045839242383  0.80248620929282310  0.81309073560989054
  0.82380127938318148  0.83458491994467099  0.84542099311858898  0.85640231024851732
  0.86761871770234933  0.87897798755567991  0.89035636041337840  0.90182660803150483
  0.91364160647564052  0.92594844683212485  0.93875541127759798  0.95151619881136018
  0.96376361676485622  0.97552761400985755  0.98756391805611299  1.00000000000000000
 -0.00224061128699888  0.00987404121912000  0.02024150679502516  0.03114742977875327
  0.04216433197528249  0.05316398059438859  0.06399707141900755  0.07483060752403617
  0.08569182221957243  0.09657133315693144  0.10739879774039650  0.11807910494154282
  0.12879178351924969  0.13974147103179765  0.15051607658324642  0.16117204847119726
  0.17156404686518972  0.18191945684471966  0.19228987295333427  0.20257442800746681
  0.21326883347428707  0.22380936999504547  0.23428089837310459  0.24457152015700623
  0.25472842674928031  0.26478380048057543  0.27488020970533095  0.28523991909788077
  0.29600689261489016  0.30688855394722864  0.31749634489426465  0.32799360620868945
  0.33863239068523554  0.34931495457247502  0.35955694492930540  0.36962496077990253
  0.37986947590744424  0.39030853377936486  0.40072145793769115  0.41111228123082044
  0.42174540283751050  0.43242888041382771  0.44313422424385412  0.45384734089436818
  0.46440187911919623  0.47486879669299881  0.48509655660271056  0.49518905080559755
  0.50544919824091650  0.51572912738450372  0.52606032698095007  0.53634037322011130
  0.54734408210125485  0.55859901772309961  0.56942703563444752  0.57976162730505820
  0.59026752811055594  0.60105463404830339  0.61150072278503753  0.62182476395200670
  0.63222358609803919  0.64284398843152046  0.65358690493936478  0.66447894286810671
  0.67521915026525026  0.68606074695145358  0.69702942143302682  0.70814859340450986
  0.71907422181360969  0.72986835856258947  0.74084573914195728  0.75185203846653825
  0.76251908320709971  0.77289346862036257  0.78299562277615220  0.79314605688965767
  0.80352911210704536  0.81428971286952367  0.82517630834352607  0.83598510365090761
  0.84651113795089605  0.85706751969112926  0.86768061441273936  0.87820679854831085
  0.88811080428137423  0.89762777622806866  0.90732278842081659  0.91736677774520925
  0.92782774701518911  0.93830301664039217  0.94859366470843209  0.95891272711386200
  0.96879804771823408  0.97903775050482800  0.98928210311490372  1.00000000000000000
  0.15175127019143245  0.25100196636607053  0.26904412837184027  0.28083639142318456
  0.28924218409797986  0.29781284086062443  0.30695896094197961  0.31625148730505237
  0.32554004977310702  0.33429954361402930  0.34217771242366452  0.34964364861150532
  0.35688407972628644  0.36364803245610577  0.37026137730704789  0.37645109018524076
  0.38242336572091912  0.38824988753693862  0.39405593337884531  0.39992213291253725
  0.40575458709880480  0.41153840816728732  0.41726285010666192  0.42290398063611684
  0.42851321707391682  0.43408293285318639  0.43959567637860597  0.44518279525130577
  0.45075906413323918  0.45635032918650742  0.46187370919842352  0.46729511934447671
  0.47262121523463579  0.47791405734675146  0.48316376527688848  0.48844188795344029
  0.49381665472260650  0.49926802442399709  0.50473053791065559  0.51017949864585088
  0.51561241730579566  0.52102227705479098  0.52646914795031563  0.53189836975828442
  0.53734829359431191  0.54286161997620230  0.54850154868255885  0.55420065149085673
  0.55992567838269935  0.56565772955788884  0.57138439585190359  0.57718286468118085
  0.58297869894374588  0.58878058684906232  0.59463969038362163  0.60052088855103891
  0.60644138524086522  0.61232907487073429  0.61818371886014967  0.62409902638240600
  0.63003357012398076  0.63613471981167891  0.64234501430158175  0.64859878184809516
  0.65497121316492213  0.66138231701919581  0.66800561531557756  0.67483619946894935
  0.68153023991294048  0.68834932210978117  0.69544735897859333  0.70258361802758718
  0.70989740495184994  0.71740680167036663  0.72508289429467321  0.73276273740603659
  0.74042593981439320  0.74817777206560143  0.75600269527794739  0.76388977168405225
  0.77202659059147249  0.78062915994080395  0.78964770368390735  0.79922698484008980
  0.80903974933721590  0.81903162087301529  0.82927117132964512  0.84012176518695314
  0.85151845974776619  0.86366132009377150  0.87722116295902264  0.89241249128829514
  0.90852655890011147  0.92795472196965023  0.95507356845091573  1.00000000000000000
 -0.01494548856697028  0.08964808747155159  0.12737301141041535  0.15059701806033360
  0.16917568131385557  0.18496709138324582  0.19918522584317211  0.21220526801177239
  0.22424050254116615  0.23559999399183240  0.24630598825201142  0.25645755372056978
  0.26616189166480314  0.27539994261145745  0.28434736258777743  0.29292289631242774
  0.30120605156617358  0.30928496196320304  0.31719402245793854  0.32482360417399381
  0.33234275809107944  0.33964619594430856  0.34689226274956514  0.35398060516575947
  0.36082806446095717  0.36757002081809470  0.37428095161660579  0.38093753914492035
  0.38756287068144701  0.39407895821946820  0.40040520410202618  0.40663510255412766
  0.41277202343157970  0.41868078511756224  0.42451542274964249  0.43027957366254116
  0.43603796843677162  0.44175011331077402  0.44743086300842916  0.45305710428797158
  0.45864390833862373  0.46416512459072662  0.46963634174397556  0.47510360708858151
  0.48056236833183158  0.48599400504526313  0.49141104620591008  0.49686388840319889
  0.50245599110093930  0.50817611329698009  0.51385575616598944  0.51959024097265516
  0.52546529363546879  0.53139513452375886  0.53730833504028308  0.54320136042140910
  0.54911086589789326  0.55508159063041762  0.56109885817403149  0.56714502968871738
  0.57322468687560590  0.57938044987505588  0.58544006086289169  0.59140815956004866
  0.59739725915741348  0.60350989701042068  0.60973354702901994  0.61602081831114952
  0.62237766088196367  0.62887103534144440  0.63555927394061007  0.64236744957517500
  0.64942521457594837  0.65670179305260634  0.66398904164902073  0.67126568178063817
  0.67853966565743662  0.68606482733359808  0.69392276513064277  0.70198736460517830
  0.71029067817890967  0.71885742634760041  0.72776910289747510  0.73709420928948444
  0.74674643155187470  0.75688948229113129  0.76771491218426680  0.77905420798807512
  0.79084939218176786  0.80357439085546079  0.81773160734782446  0.83401180754474635
  0.85287062799572999  0.87643895238286007  0.91395370443160173  1.00000000000000000
   3.3529666188150031E-007  -1.0000000000000000     
 F F F F F F F F F F F F F F F F F F F F F F F F F F F F F F F F
  <DiscreteSampler_grid>
  grouped_processes
  1 # 1 for a reference and 2 for a running grid.
  10 # Attribute 'min_bin_probing_points' of the grid.
  1 # Attribute 'grid_mode' of the grid. 1=='default',2=='initialization'
  0.0000000000000000 # Attribute 'small_contrib_threshold' of the grid.
  0.5000000000000000 # Attribute 'damping_power' of the grid.
 # binID   n_entries weight   weight_sqr   abs_weight
    10   10   1.137468998353069E+006   2.321682671801318E+012   1.137468998353069E+006
    11   10   1.137468998353069E+006   2.321682671801316E+012   1.137468998353069E+006
  </DiscreteSampler_grid>
