  0.00953044449660552  0.01686823936598549  0.02614607161580550  0.03740598542749476
  0.04811041127671632  0.05842831654013265  0.06846077994170501  0.07796379992969756
  0.08752790255151617  0.09727844360756459  0.10733026950454831  0.11744125744493610
  0.12742180974475872  0.13720137664420642  0.14707384707785953  0.15742752465776910
  0.16825692020801367  0.17933270875732699  0.19036144667979901  0.20131053742577895
  0.21207894521017506  0.22247324816915781  0.23281803344480068  0.24346978536304087
  0.25432726049443810  0.26494582805576522  0.27560607503347945  0.28663489322125141
  0.29779758197450701  0.30890662788101797  0.32001394232378827  0.33125776819962216
  0.34201013649856193  0.35277797682430628  0.36301994476307403  0.37344453712092168
  0.38323549305559468  0.39290039499711893  0.40247043809307681  0.41232206288070727
  0.42220510857607318  0.43166236200315999  0.44129175662994230  0.45181607532177609
  0.46298891004174936  0.47444779581714602  0.48567378942592160  0.49676398122949450
  0.50745241597623780  0.51803301754870523  0.52901164440041248  0.54006601426727208
  0.55062807202193886  0.56124497853901767  0.57208394506177107  0.58287261842479521
  0.59317463670586856  0.60334131217889553  0.61377780507218394  0.62413724114834634
  0.63422485610987822  0.64411353073473654  0.65396915139062006  0.66473497552352745
  0.67580008174872086  0.68730777044608560  0.69780627333978662  0.70813266340463654
  0.71881966734585656  0.73040190957576245  0.74238405870305246  0.75416455704503083
  0.76468386022672541  0.77498550827802237  0.78509304828036108  0.79579708897767898
  0.80622596559452309  0.81686616941016321  0.82747288739432723  0.83797982238882684
  0.84840969750857220  0.85901725721027844  0.87008738864527091  0.88097955661366012
  0.89214545792007049  0.90366635338463341  0.91555307104838657  0.92715562834430854
  0.93771587760903163  0.94758036416899327  0.95756121362535052  0.96836548697481828
  0.97893624796019352  0.98929562463901566  0.99141397829590150  1.00000000000000000
  0.00022483352656075  0.02356782086098455  0.03925647246011330  0.05216412154530058
  0.06396778223976764  0.07535756272345016  0.08633701386915682  0.09780483560545884
  0.10897250729035417  0.12065000939220610  0.13217902237139653  0.14388705315931269
  0.15537421512096117  0.16657917523819563  0.17684632113037388  0.18678859532228406
  0.19699830635838878  0.20682496096056704  0.21738182632699823  0.22768296277235556
  0.23809449172898497  0.24801436055525339  0.25809039064609041  0.26846942231190096
  0.27946019422244422  0.29048042778714733  0.30180470692155187  0.31329534895744193
  0.32440154898726886  0.33465199417089603  0.34392143952605853  0.35304305080299242
  0.36211267168432076  0.37129323732278491  0.38056993942905237  0.38971105665007727
  0.39897053992330378  0.40866823048591716  0.41902286547479661  0.42985053421310709
  0.44052480942528510  0.45098390747408162  0.46128462125896785  0.47153934925360758
  0.48184951899044492  0.49191314880244991  0.50224938557065968  0.51290555911876268
  0.52367582890934106  0.53429748807578348  0.54464406057782899  0.55514240135140358
  0.56617724504010880  0.57721323267622027  0.58804453983278404  0.59867391507379752
  0.60924452914265148  0.61954425001786750  0.62943937529391358  0.63907555904192870
  0.64861783914241289  0.65836724098197630  0.66851173422859789  0.67870234919136685
  0.68845041457520284  0.69802381749102138  0.70752828626208941  0.71734283167979540
  0.72774297578669012  0.73813849672667642  0.74816456080348659  0.75751492072191884
  0.76666414020003026  0.77607968770053859  0.78562863587481024  0.79545745230147058
  0.80548776313324111  0.81604429219619445  0.82698801298383295  0.83783115466862745
  0.84857843078205197  0.85914947957312171  0.86952554937891269  0.87978744591190350
  0.88974544313713610  0.89963892520423638  0.90929949975482272  0.91916537784673291
  0.92900402218107714  0.93913397645606889  0.95042398440583831  0.96173874354499467
  0.97202637868845820  0.98203211475142471  0.99111885220243157  1.00000000000000000
  0.00000050737200526  0.00000633105420060  0.00001063069551026  0.00001474709571779
  0.00001875549469949  0.00002338644164238  0.00002873505110417  0.00003507045923217
  0.00004266076598223  0.00005160492641762  0.00006228110072555  0.00007428247994365
  0.00008660503434974  0.00009882982881491  0.00011163809298422  0.00012510857839235
  0.00013898291965869  0.00015312103665437  0.00016749483984889  0.00018283151000646
  0.00019932103422662  0.00021694301860681  0.00023532539926477  0.00025438616028955
  0.00027472914081452  0.00029599756775184  0.00031765109366786  0.00033993554755589
  0.00036334409279221  0.00038805744171320  0.00041366204945188  0.00043950025393894
  0.00046675373015292  0.00049478871742462  0.00052337350714167  0.00055184252462076
  0.00058104786279308  0.00061083342414942  0.00064344517739696  0.00067777628469979
  0.00071527491938799  0.00075396318871548  0.00079214733298055  0.00083155771243723
  0.00087369845932373  0.00091686918555804  0.00096539071303307  0.00101492112773242
  0.00106520387544729  0.00111751326412020  0.00117087359096796  0.00122761093532636
  0.00128639737159776  0.00134527394431514  0.00140253729933573  0.00146161988005239
  0.00154476634279844  0.00162810260919063  0.00170188858321865  0.00176798641979264
  0.00183331776748640  0.00189973278559912  0.00198335744770640  0.00207164127884453
  0.00216675849444625  0.00226929348431415  0.00237522659271763  0.00247474612037632
  0.00259926256606340  0.00274160588082333  0.00290508999224837  0.00307336324680082
  0.00322736067885323  0.00336604932937199  0.00355135332164417  0.00377012747256242
  0.00421114104896899  0.00457543195767116  0.00487655182900391  0.00519390402646386
  0.00548681292615648  0.00572640495966111  0.00616609522963830  0.00675904793423180
  0.00719991510847685  0.00763651216372315  0.00807420000213637  0.00848790366203972
  0.00875989577853291  0.00903188789502610  0.01537188453120422  0.02232006935644162
  0.03357247679116649  0.04679732216641054  0.06002216754165426  1.00000000000000000
 -0.00234267400208611  0.00827229652139496  0.01739730410023809  0.02654706507906435
  0.03613354256420077  0.04612452357847741  0.05585044854081350  0.06589316459486949
  0.07622558050786626  0.08699894064706908  0.09753643538181551  0.10739476233094204
  0.11720984666094071  0.12769049854191369  0.13850104774235017  0.14968499282363931
  0.16073381499504430  0.17195838420838142  0.18285030670102517  0.19365611378143768
  0.20363701838145143  0.21321866292372424  0.22310225942128009  0.23358481205317289
  0.24431843764425001  0.25482538134588867  0.26531205673746577  0.27533520464735128
  0.28535270625581483  0.29558357287652343  0.30605671034971993  0.31621236106120504
  0.32611002715193854  0.33604911569045215  0.34625424115512793  0.35635624790660902
  0.36632449300702130  0.37657418517969454  0.38726531107472734  0.39781391950930556
  0.40801205466997176  0.41862011188248116  0.42960817565018428  0.44050855334243322
  0.45093995651504437  0.46121582257025423  0.47158276592261966  0.48209484332333896
  0.49304210380209146  0.50422861770260785  0.51544318581254378  0.52643966421938160
  0.53735310077569221  0.54760531451188688  0.55740205047262403  0.56775960729774033
  0.57871283774762505  0.59011288562603104  0.60153506205891150  0.61386672935226461
  0.62631355255557897  0.63837237050159823  0.64998934267112307  0.66133865700863248
  0.67259584914753556  0.68367528292275215  0.69463332007104406  0.70530471216579671
  0.71575436742001863  0.72604400606841379  0.73676219637699714  0.74765545883675655
  0.75854039100378068  0.76920277859133024  0.77984303221127449  0.79031360895553660
  0.80019710868409455  0.80996926974301875  0.82018650478049171  0.83106918096358950
  0.84197942378867308  0.85254197637127427  0.86297837365323016  0.87357589397288982
  0.88453614598681174  0.89551587325564186  0.90641072236056019  0.91730041379557126
  0.92808518995244471  0.93870357064263155  0.94911231159851206  0.95927082745382464
  0.96939260007556749  0.97952972430291518  0.98963012505999359  1.00000000000000000
 -0.00221780055398818  0.00935407432908082  0.01903670485125596  0.02993413526481397
  0.04000528534378328  0.04982516250917629  0.05924915100705636  0.06944883983950485
  0.08032971071021471  0.09187236439605488  0.10322373358809676  0.11418352181258348
  0.12477332061389358  0.13499335033727294  0.14560129146503251  0.15668340039704759
  0.16760239578618061  0.17796664012221566  0.18815353407466692  0.19872906757243233
  0.20932161241404468  0.21935854244153785  0.22938116706233813  0.23992561444054697
  0.25085632033845490  0.26132910133505566  0.27176941593847048  0.28215834642755577
  0.29263819372587280  0.30309520635141624  0.31392301342703061  0.32501700966246222
  0.33638478092194396  0.34785924488072978  0.35878967647980986  0.36891259959803618
  0.37869724521253645  0.38883286225130009  0.39919904971306208  0.40935469750893988
  0.41931792532092749  0.42973313168716903  0.44052436393277800  0.45178461800364711
  0.46253708494759532  0.47303430539415670  0.48324415937423842  0.49364572491848452
  0.50377991356942387  0.51393134405958008  0.52441199667213489  0.53440519541915676
  0.54423071686021662  0.55412077503182378  0.56457459598108339  0.57559692948212038
  0.58675796896494814  0.59810216278604844  0.60965224820201247  0.62106148851902476
  0.63204167714778636  0.64259412183233344  0.65292930978258346  0.66328801693121975
  0.67363786378225388  0.68395444452815524  0.69450644224213043  0.70551270883954642
  0.71674800730270005  0.72810886701396660  0.73889329885941912  0.74941716336954545
  0.75944258364032280  0.76930809785369281  0.77951565563075509  0.78936612106559867
  0.79929699710927549  0.80905617993439483  0.81957669710656100  0.82993961693115748
  0.84051947345402467  0.85073772223566435  0.86181967305828844  0.87287501763886755
  0.88413731388547145  0.89530684566539698  0.90652257961475924  0.91705913701862740
  0.92712793112027980  0.93737329664034663  0.94792018615996021  0.95858353648595329
  0.96939296649444129  0.97988838184078098  0.99019890323579507  1.00000000000000000
 -0.00208669615732751  0.00962208045221373  0.01967153313467781  0.03087513712187045
  0.04151368963932803  0.05133352200168410  0.06075869714753198  0.07065374484876036
  0.08121284205467671  0.09139791111517791  0.10177369897736725  0.11210818898021828
  0.12238420931536666  0.13278316330100534  0.14305641247767661  0.15364066430215872
  0.16450888329177307  0.17632492089185878  0.18813349578502403  0.19867226975379035
  0.20897821862851518  0.21986338754740098  0.23114357441973316  0.24262240412139083
  0.25444695497057129  0.26626958272968315  0.27734579614484900  0.28807241731187011
  0.29881397544425009  0.30944633646023723  0.31972558731536033  0.32973901614644430
  0.33990086343325393  0.35059516327956775  0.36163654933889605  0.37283499445281709
  0.38402619651415498  0.39472148933184509  0.40526940002558293  0.41606457878923037
  0.42667209502428960  0.43721612258803944  0.44715508893989003  0.45762177391356335
  0.46881311759692179  0.48001427979234312  0.49089307592496489  0.50105667162737477
  0.51172284659110612  0.52260292581919376  0.53408122032740013  0.54518117513175268
  0.55611242234263858  0.56656599916725947  0.57717259026970691  0.58826012153165941
  0.59915064619034153  0.61037656173425403  0.62162080186057023  0.63346417431706081
  0.64563191568216527  0.65707126705932639  0.66779334365580134  0.67749076011564802
  0.68720615938539886  0.69719740175043765  0.70706512777330155  0.71735936242296405
  0.72730784776788981  0.73755357655129439  0.74823167009540248  0.75869199436453527
  0.76898412433287489  0.77889036188953165  0.78899162496973951  0.79934233148147471
  0.80972848222882099  0.81964124500748170  0.82925868674677339  0.83838898091322400
  0.84759190128063611  0.85734960940729821  0.86693652366264540  0.87649189733397692
  0.88610319196203147  0.89606224048265082  0.90668997850432109  0.91734904395709704
  0.92800032498542295  0.93861497050799403  0.94871341447209645  0.95890413778705674
  0.96931884580008676  0.97992471482841026  0.99004429110043290  1.00000000000000000
 -0.00228958071706841  0.00911738076394161  0.01993522500081190  0.03161927254008497
  0.04419833202937683  0.05647107144370543  0.06797398964479681  0.07925642228737625
  0.08981984747706227  0.10043281644738074  0.11066523422365296  0.12101686810205960
  0.13112499161666502  0.14109232718784148  0.15133049968823767  0.16183594840895160
  0.17270124732292766  0.18369555510017316  0.19433724607884714  0.20455113038970932
  0.21428102015210002  0.22325743276929208  0.23212113544935070  0.24106041405764125
  0.25060521455933077  0.26066375071753672  0.27094684733685886  0.28159879585886416
  0.29277640220074247  0.30444323209249841  0.31608364832683422  0.32702967902678165
  0.33753591475536687  0.34795572007831865  0.35887694285454314  0.36995346352774999
  0.38178667743565992  0.39363050403175698  0.40471080649227048  0.41530374061137215
  0.42621460348224877  0.43730090532849003  0.44811446318731024  0.45818377488295037
  0.46812277286328602  0.47816140779235788  0.48845858734363923  0.49861064967348678
  0.50831325344534284  0.51775821482541018  0.52769438972239524  0.53774686210143174
  0.54803601998842411  0.55889156688526098  0.57039922725730130  0.58158763873308250
  0.59228287599432394  0.60287079913459662  0.61330120182989667  0.62376843694569450
  0.63317055844521886  0.64227558597261591  0.65087812710536419  0.65987192573360276
  0.66946194563891104  0.67988990008392991  0.69011119320664138  0.70072285079777064
  0.71117460824766132  0.72110995575587666  0.73102427389891367  0.74113609978121719
  0.75163543275993305  0.76272929965797287  0.77391181998908432  0.78490774059826862
  0.79566098083793113  0.80609157885489169  0.81637983371495537  0.82660252285903590
  0.83660551837980013  0.84675687651751108  0.85710577571876922  0.86772409230434644
  0.87808512268641148  0.88805633924633465  0.89841867714295254  0.90954606595601240
  0.92116800074524985  0.93242399486288752  0.94378837260229764  0.95462123406133126
  0.96546719025517169  0.97636957168175265  0.98794149285458477  1.00000000000000000
 -0.00226316378747251  0.01012434263697407  0.02052828177899856  0.03135774933957893
  0.04231430488265606  0.05332540886559443  0.06378307112533403  0.07440914161421748
  0.08485793729509562  0.09513757198871284  0.10578618213782764  0.11679120403537471
  0.12773771893147268  0.13832097619351633  0.14887390045898211  0.15949090877230065
  0.16991462632831519  0.18001742468663534  0.19031123813384029  0.20057628076555661
  0.21139851919603561  0.22260598580401625  0.23374172840095342  0.24477801523862561
  0.25571517131151938  0.26627905810620872  0.27619085011701511  0.28600240424222390
  0.29666305013163552  0.30729163352114436  0.31752751738181628  0.32717442576285344
  0.33769806808547315  0.34905865436426459  0.35989427642785560  0.37020356956836514
  0.38010501843023847  0.39056888667085815  0.40067111417383433  0.41052596825443921
  0.41947500637510060  0.42885096957812097  0.43842144947046890  0.44839344688561877
  0.45848235988296121  0.46877180923115547  0.47951548988719150  0.49008306795514500
  0.50098151479204034  0.51275183168462524  0.52435351449315859  0.53528440688820389
  0.54626994016343955  0.55709615276248559  0.56800823934591671  0.57896528256451218
  0.59003825490932738  0.60107690619451604  0.61184590247616966  0.62220022034336220
  0.63233020229007586  0.64206651133466119  0.65218234206601244  0.66288822658307289
  0.67360924102278896  0.68429445217626639  0.69406720459057414  0.70419364902256487
  0.71443144935104341  0.72481821508782218  0.73552364425253536  0.74642767193037396
  0.75770713612294316  0.76909910012032923  0.77971558778661088  0.78967350621336629
  0.79947876353806979  0.80990340837523611  0.82052970193842745  0.83108788720951732
  0.84174895390936488  0.85308533926618524  0.86451162265282711  0.87544633917735437
  0.88640925228885148  0.89692525594744643  0.90794552713456822  0.91855964259770717
  0.92981627733780947  0.94042831027499141  0.95073247668168159  0.96091460104603255
  0.97101799154802526  0.98085524069344143  0.99033712405098795  1.00000000000000000
 -0.00981661065250938  0.21094971622264838  0.30270782938263208  0.33251774169175319
  0.35238459594187665  0.36869562094350050  0.38379526901564798  0.39782275941422052
  0.41022836697374648  0.42157596654329677  0.43205867561615874  0.44204021489144057
  0.45173033765169196  0.46158694142939305  0.47138625942932344  0.48092509005069611
  0.49031803842025162  0.49969832954571980  0.50888963902604756  0.51782798343731384
  0.52639659081240153  0.53474900998685126  0.54282024223833136  0.55046099256429215
  0.55789100553596460  0.56524570539127328  0.57256266504060194  0.57973380392537310
  0.58675108148060218  0.59369229809467039  0.60076434831211545  0.60784822393024962
  0.61470521270687706  0.62152846606308854  0.62829580573959254  0.63515732586059659
  0.64198944910578526  0.64913955654169242  0.65647134845738742  0.66359046506721175
  0.67026809096473805  0.67664460441713903  0.68325284814041842  0.68987510611698932
  0.69672571225388125  0.70346952813041630  0.71004566081474840  0.71649669193006826
  0.72263919092332385  0.72874433086310320  0.73483010534993953  0.74089194547858639
  0.74690214842381020  0.75241255770150317  0.75771148431946811  0.76305834290807839
  0.76844857878589379  0.77389374657888066  0.77941667066097342  0.78499072347069909
  0.79053653960454795  0.79588847157136944  0.80101149365357927  0.80623896548144924
  0.81149030374315079  0.81680693191527520  0.82214911430454540  0.82732174586108886
  0.83274688855163481  0.83792199906620102  0.84301881584711957  0.84799173788005533
  0.85298373995746990  0.85800451431764158  0.86326578998279291  0.86869029984265544
  0.87431582833028532  0.88013986750742301  0.88592965163004411  0.89164824060563308
  0.89735566470648409  0.90309055653461534  0.90895170972732475  0.91461275696284905
  0.92006470307295851  0.92573926919043381  0.93152963189357640  0.93775192821004849
  0.94450004263094822  0.95138086542151612  0.95837746086713971  0.96567238254443777
  0.97340723330264833  0.98093158316422135  0.99003210216977988  1.00000000000000000
 -0.01427893896387669  0.09172383822679425  0.12889025623721639  0.15165505473538568
  0.17052995798279685  0.18718349743535301  0.20195321791815526  0.21507635320914859
  0.22649228304164237  0.23710040150354852  0.24713825112045107  0.25674430305757184
  0.26584343297886431  0.27479843208352439  0.28387671681194410  0.29293590895191862
  0.30162302581610717  0.30991870528724197  0.31784067438957631  0.32539418340003978
  0.33294696262269591  0.34039974873458689  0.34737654119057043  0.35424978680119795
  0.36030205431412154  0.36644834313778663  0.37239378691413216  0.37813543045631604
  0.38389014147978240  0.38988108033613217  0.39598631689973135  0.40195803822689147
  0.40776935840639217  0.41348510387787563  0.41926002389654238  0.42516699043748746
  0.43097633908858868  0.43676423697329791  0.44249738861392429  0.44823709660002103
  0.45379054525133006  0.45931054847505232  0.46513863069039696  0.47114746536415769
  0.47708645431001889  0.48300273228432727  0.48887191481991105  0.49470002924010908
  0.50065623386639047  0.50690824724269989  0.51312827162309016  0.51927803131478900
  0.52528673258844139  0.53133167666569270  0.53753983924015947  0.54383206586024901
  0.55019932777307234  0.55657213723890442  0.56274554060328641  0.56867701806842563
  0.57443492505383265  0.58026096501974900  0.58623140082911751  0.59236071069012652
  0.59853962623570012  0.60485612859791371  0.61119315914526207  0.61765956922065601
  0.62422798737100249  0.63085442906652422  0.63760625488116474  0.64440453846242762
  0.65108027125742529  0.65808986441062312  0.66515778073982346  0.67223616849699430
  0.67938833810524268  0.68653538179497897  0.69431534817975826  0.70229556227330647
  0.71049220048015860  0.71894563534364819  0.72792700361469453  0.73744578668322269
  0.74757218893057020  0.75786860968378889  0.76869851551836688  0.78046501024840931
  0.79293732984569809  0.80587522481530094  0.81885785319818971  0.83312382476597036
  0.84986720430585116  0.87416280037540028  0.91301141815138942  1.00000000000000000
   4.9871605862138794E-012  -1.0000000000000000     
 F F F F F F F F F F F F F F F F F F F F F F F F F F F F F F F F
  <DiscreteSampler_grid>
  grouped_processes
  1 # 1 for a reference and 2 for a running grid.
  10 # Attribute 'min_bin_probing_points' of the grid.
  1 # Attribute 'grid_mode' of the grid. 1=='default',2=='initialization'
  0.0000000000000000 # Attribute 'small_contrib_threshold' of the grid.
  0.5000000000000000 # Attribute 'damping_power' of the grid.
 # binID   n_entries weight   weight_sqr   abs_weight
    10   10   1.558626425319445E+001   7.993300101879599E+002   1.558626425319445E+001
    11   10   1.558626425319446E+001   7.993300101879609E+002   1.558626425319446E+001
  </DiscreteSampler_grid>
