 -0.00236492019302194  0.00941413324883914  0.01944429033684733  0.02994102321906453
  0.04042944702734821  0.05071956525512038  0.06097758613441919  0.07133816556481359
  0.08171506190790898  0.09216245624107729  0.10263233003100741  0.11322760253764397
  0.12386270344734499  0.13412713135206578  0.14437008365680898  0.15449855863440237
  0.16466740725376849  0.17493878448383388  0.18532928175988927  0.19588013447471148
  0.20646963350021630  0.21701531579874522  0.22757876532001847  0.23799178022223130
  0.24833996519377807  0.25871985224021893  0.26919080859880418  0.27981050331148416
  0.29042195753156236  0.30105802454756736  0.31162515132822227  0.32218790426452598
  0.33270891163070360  0.34316714329053227  0.35367999649283255  0.36417904626650316
  0.37470920721093159  0.38509727214133910  0.39556613051480655  0.40606825295094151
  0.41677149178198675  0.42762211486852419  0.43832630307012149  0.44897829230293307
  0.45956396809724676  0.47012724509741738  0.48066991052620378  0.49108108344952617
  0.50157840210578353  0.51187014006576825  0.52223916549980987  0.53252786243144734
  0.54276783961813657  0.55302392674901779  0.56339049330564617  0.57404918125873383
  0.58474288310445122  0.59553501964566458  0.60638978009395916  0.61709046997659200
  0.62770589069929761  0.63816766477065212  0.64872488633992953  0.65931252033017551
  0.67001201895686779  0.68091712900730728  0.69179379164116217  0.70261592279777974
  0.71331744593411839  0.72398723290129496  0.73461972811291021  0.74508856200239637
  0.75562818703161083  0.76615872785363393  0.77674236899128335  0.78737081127205300
  0.79800235889417559  0.80873059043092610  0.81912260790740865  0.82944827569320345
  0.83987651515693285  0.85042967159884686  0.86092753723045035  0.87143260836245562
  0.88208452097085432  0.89282977520367801  0.90346881341734708  0.91404599716929236
  0.92477564383567046  0.93539526036823017  0.94612397919279700  0.95689284577054268
  0.96755758714650719  0.97830604741735439  0.98905575337264817  1.00000000000000000
 -0.00255416447630520  0.00960913643130566  0.01987662285611731  0.03032767551759146
  0.04082538165605430  0.05122268465170746  0.06163469316951908  0.07219667075183639
  0.08280425522511510  0.09323059285581438  0.10353439761352190  0.11395653254522610
  0.12456381044413596  0.13511457493461770  0.14548447396398476  0.15582738831769755
  0.16623532919864120  0.17664606433117436  0.18711139918431485  0.19751860546663458
  0.20794934055256353  0.21845319551096787  0.22892654662085812  0.23944747036742087
  0.24998780463159886  0.26054467693671857  0.27098401895978452  0.28132084005742641
  0.29169793524612303  0.30230882018321203  0.31299233123761505  0.32355517138782847
  0.33424644240002088  0.34477373997710592  0.35540819314750266  0.36597911469881206
  0.37644710538660126  0.38690844021865239  0.39741883917978682  0.40808140506973595
  0.41870829407080340  0.42925105720492318  0.43984967240498507  0.45046480244607795
  0.46107949855056124  0.47171817970067048  0.48231334273339760  0.49276042343236875
  0.50323676785778249  0.51368670658819537  0.52407586363246728  0.53455654045104228
  0.54509614950791496  0.55581421926075425  0.56647556191085557  0.57720223813638927
  0.58805838781694042  0.59873983623510441  0.60922209375403991  0.61963417040896884
  0.63011189294169689  0.64071245185123149  0.65128649470303990  0.66194488870908075
  0.67258780062278856  0.68319063293189952  0.69368355830361539  0.70420337756972939
  0.71470896981792564  0.72520730697607205  0.73572880102488170  0.74635038947710819
  0.75695181049664217  0.76769545519276872  0.77839928080940746  0.78912004066256203
  0.79963638884369970  0.81023804762832441  0.82078328767072573  0.83122529421479507
  0.84165416071640475  0.85225753374704349  0.86278547291753105  0.87332589545643002
  0.88388616488735994  0.89440712418907631  0.90479088822776399  0.91508355593349811
  0.92550942064167818  0.93603070533919031  0.94671341524143038  0.95731796185662155
  0.96799362932104605  0.97855972465768881  0.98925482773119855  1.00000000000000000
 -0.00238568417194665  0.00969036398583679  0.01993805947028213  0.03043765481591328
  0.04103052036456342  0.05156652253130178  0.06208553588528347  0.07268589089093400
  0.08327532390780037  0.09383437087236346  0.10431447397638147  0.11472844802079404
  0.12510367894832833  0.13540646770823425  0.14567691871874405  0.15610943640765967
  0.16655342754752939  0.17711929258111594  0.18754573679367009  0.19804745756206985
  0.20874603220050214  0.21950435414799252  0.23017235024496502  0.24067185821709142
  0.25113982591977735  0.26172242215657815  0.27225319831208106  0.28275980679884410
  0.29322886518072405  0.30374978850235329  0.31431056113040878  0.32486721164153048
  0.33534871921287385  0.34588294849328560  0.35640933680540260  0.36694726345696665
  0.37731642732012988  0.38769913362253322  0.39811634548778979  0.40875013676425759
  0.41933451454115905  0.42995969058083944  0.44048459559543007  0.45100939671108847
  0.46156626770035331  0.47210172135183148  0.48267401277216926  0.49320155487707029
  0.50389527466944550  0.51455038592246061  0.52526385953811738  0.53586075124377219
  0.54644531241636030  0.55691548068667529  0.56737910068460073  0.57790504577283708
  0.58839413425739751  0.59885187991368194  0.60931025007442197  0.61982847976385913
  0.63012571800556239  0.64035735292379770  0.65072407399465715  0.66140367944518563
  0.67208989474244907  0.68281724296564528  0.69359296316829600  0.70441890073638658
  0.71502747756259244  0.72554482517470464  0.73589038486163394  0.74616775184206763
  0.75659661692412805  0.76717242579565570  0.77768404381920631  0.78814870633085476
  0.79861290268544149  0.80926311493080216  0.81999018398582257  0.83070131932705249
  0.84133687085402986  0.85187872688041533  0.86241783696050223  0.87293511829931858
  0.88337897576766233  0.89382093719930844  0.90436970515502246  0.91499949329800423
  0.92562315443828003  0.93616622474945899  0.94654402760915402  0.95702300306128429
  0.96771483730293728  0.97854303613277738  0.98926752396421691  1.00000000000000000
 -0.01778954776365307  0.09891133637942293  0.13321004295886862  0.15502301079827127
  0.17292290381466510  0.18842858870748705  0.20235527104619963  0.21509326990197433
  0.22692073727773640  0.23797839058850725  0.24842638859643057  0.25831671926694300
  0.26777983203018563  0.27682832959764753  0.28552830378328187  0.29394412036992451
  0.30203259202226729  0.30995245872340638  0.31762524048695040  0.32509632663282961
  0.33244974578377795  0.33954994379874121  0.34651852312143255  0.35336639900791467
  0.36007597262598628  0.36669039341078502  0.37322094218026780  0.37964859012759067
  0.38598767875041806  0.39226689641084866  0.39846730869102848  0.40455504625007310
  0.41061388092396978  0.41663340178921310  0.42257247404348086  0.42847299645282638
  0.43434207534242653  0.44016786801935232  0.44594608105251621  0.45169885457659237
  0.45742577586794192  0.46312420242356450  0.46880431640242964  0.47447423338955741
  0.48013207024348753  0.48577962991433704  0.49142311861834986  0.49706262972720860
  0.50269930867339840  0.50833284150680436  0.51397629313129300  0.51963180946558041
  0.52530034424485428  0.53097798792743356  0.53666501568446001  0.54237697227189741
  0.54812072431420600  0.55388215802423690  0.55965973991567630  0.56547688990157929
  0.57133897893907049  0.57723374752565393  0.58316710759080015  0.58918477635065547
  0.59525235473630145  0.60134827116955258  0.60754721075285156  0.61381536964280281
  0.62013772079478746  0.62655002919862479  0.63307183995416161  0.63968366752322992
  0.64639788337924697  0.65326390476647433  0.66025640588923773  0.66736539179633980
  0.67471481155881818  0.68218386746662552  0.68985360446656718  0.69776613499040674
  0.70585399750316768  0.71426457632704288  0.72296306129769006  0.73199798559115359
  0.74145155659672957  0.75133937204437795  0.76177953230235784  0.77285100009755114
  0.78469240406035390  0.79741509778581665  0.81129633206731089  0.82674897609293474
  0.84459022889326085  0.86614455407417945  0.90012174676046786  1.00000000000000000
   1.7994017676241663E-005  -1.0000000000000000     
 F F F F F F F F
  <DiscreteSampler_grid>
  grouped_processes
  1 # 1 for a reference and 2 for a running grid.
  10 # Attribute 'min_bin_probing_points' of the grid.
  1 # Attribute 'grid_mode' of the grid. 1=='default',2=='initialization'
  0.0000000000000000 # Attribute 'small_contrib_threshold' of the grid.
  0.5000000000000000 # Attribute 'damping_power' of the grid.
 # binID   n_entries weight   weight_sqr   abs_weight
    10   10   1.780487368800747E+010   4.392174297481105E+020   1.780487368800747E+010
    11   10   1.780487368800747E+010   4.392174297481105E+020   1.780487368800747E+010
  </DiscreteSampler_grid>
