 -0.00248583000772471  0.00927699868374235  0.01912678435990516  0.02945276139452631
  0.03990841003903205  0.05043323873812317  0.06107533838837240  0.07167223126080144
  0.08234378965329713  0.09274598602954486  0.10313768222811871  0.11350324602541484
  0.12400413900051964  0.13458851629335475  0.14510187435305150  0.15558002701554943
  0.16608717994808384  0.17675496921114667  0.18752911881171694  0.19810584409055856
  0.20861216935396912  0.21906838676692633  0.22961140807593716  0.24009605997706851
  0.25058033397685620  0.26097244451803120  0.27134612346308035  0.28182469716758363
  0.29232752543125812  0.30293511189932704  0.31359686786743113  0.32436106781744367
  0.33507529038940903  0.34556167906508528  0.35596498727743681  0.36630775076186656
  0.37680055724487072  0.38723470378143721  0.39774922796489531  0.40831849084451716
  0.41901131383074730  0.42973925422350812  0.44049449815945990  0.45120142870262192
  0.46173967690060785  0.47227916498196049  0.48291802346495200  0.49361751003422299
  0.50419847022141429  0.51463749223778654  0.52504398625408133  0.53542196658835428
  0.54595691990865147  0.55660206752557473  0.56728750215366097  0.57802913414303303
  0.58866028228762635  0.59942926406670094  0.61011236226280596  0.62078446296001621
  0.63128994678022765  0.64183372287620866  0.65231380461896860  0.66274521214606208
  0.67325274113340872  0.68378505361458197  0.69427857628881795  0.70484213244107286
  0.71552027590337386  0.72619314174149685  0.73670447673443418  0.74704114465400262
  0.75754075388978426  0.76809730526172593  0.77860808473945009  0.78906959475033733
  0.79962974996299352  0.81032011171668017  0.82079427772421842  0.83141640210270085
  0.84205280795223258  0.85262471168003184  0.86302913369416956  0.87346930888264274
  0.88397560652022655  0.89437323564025617  0.90485753394675827  0.91528168802328047
  0.92571901128843948  0.93610912873714247  0.94675182212712217  0.95744599263422481
  0.96817865934759861  0.97882478277159046  0.98943526191240661  1.00000000000000000
 -0.00241475530788881  0.00962929090451123  0.01941668692059277  0.02980913743262478
  0.04019671838435503  0.05094042459004634  0.06152018333536641  0.07213371530919854
  0.08268997711824506  0.09314451916218211  0.10367773476534298  0.11402824656448395
  0.12442295640011357  0.13480577547404637  0.14523804429477671  0.15567585240713111
  0.16612424935748649  0.17646836933856661  0.18676274786604485  0.19702357920406333
  0.20738575456202940  0.21771236438109512  0.22813922100719256  0.23856429843470442
  0.24901421217410019  0.25951781719405742  0.27004828930494262  0.28058920326596809
  0.29108384824269579  0.30176217641145880  0.31263255326236461  0.32335677135833624
  0.33423042834361355  0.34510281666306286  0.35601690204957881  0.36682873861180482
  0.37753662102866198  0.38817650415435523  0.39870182003853843  0.40925646493323803
  0.41981766235570028  0.43032896813794558  0.44084043171146059  0.45149167101244314
  0.46206335008523930  0.47248977447719909  0.48299666207961001  0.49354792431128947
  0.50411197800808194  0.51454964089832333  0.52499784676713157  0.53551223956934835
  0.54596433116201348  0.55636493215280525  0.56673580581932759  0.57713292585677933
  0.58762302698543201  0.59822102321712700  0.60887616037321779  0.61959750514975609
  0.63040744096480883  0.64113400847655588  0.65179516626262923  0.66236319355189988
  0.67301531205886000  0.68362168036403714  0.69413978216144800  0.70456445898066422
  0.71511301462504462  0.72566487854762229  0.73628069891724368  0.74686848731315003
  0.75751442183960194  0.76807466852408912  0.77859993761461010  0.78910891826759311
  0.79967181955253586  0.81014967290145046  0.82075344103843428  0.83140822070788967
  0.84216579481598008  0.85291290244512008  0.86370288778012794  0.87456640553327036
  0.88516420462625878  0.89564435111462715  0.90598444671544387  0.91643038072111771
  0.92695494016798130  0.93731244259359958  0.94776784838470385  0.95811950716290217
  0.96857777922180577  0.97906442603786037  0.98956507593042953  1.00000000000000000
 -0.00224919967847774  0.00945515447941873  0.01951089234773106  0.02998991508073439
  0.04048570178201606  0.05094864259745376  0.06131728842967327  0.07190827334221102
  0.08265408661706827  0.09346156450603411  0.10416820550397994  0.11485934077641093
  0.12556516712913213  0.13620919717588797  0.14676179129522099  0.15712246317637302
  0.16757411120044727  0.17795249735323734  0.18832562802088207  0.19860766579268063
  0.20894817619165559  0.21932444083339253  0.22954542433526473  0.23999774849985026
  0.25048997355412361  0.26104416297301436  0.27142968055090927  0.28196149683985666
  0.29257112096509785  0.30307969479573060  0.31355788695661618  0.32400849118421676
  0.33441944020158115  0.34489206714572318  0.35537484711181550  0.36616458249205536
  0.37702852199132580  0.38753931736066460  0.39793125845351091  0.40822119869420898
  0.41870109096858110  0.42921184022275588  0.43955173877774972  0.44990244457394596
  0.46030922612861508  0.47072813052035811  0.48116264457953078  0.49163312151752542
  0.50210621033057368  0.51265954003911984  0.52308350705726270  0.53347372648018532
  0.54392979377910911  0.55448841625248158  0.56513000384519663  0.57557581584904360
  0.58604296002255651  0.59653810948265507  0.60702403714341346  0.61740443112746868
  0.62775743922431881  0.63823160921513367  0.64879068776299664  0.65943458229087026
  0.67013183925041242  0.68084241932049416  0.69148644852160601  0.70205288387307418
  0.71267416944357165  0.72339677398315805  0.73413939709032172  0.74468017202157621
  0.75521360270105864  0.76565572160137074  0.77611406431347907  0.78656736713160802
  0.79717038969347820  0.80781928486371612  0.81844889453711644  0.82901044138413360
  0.83964101410559933  0.85031066968134683  0.86099484585565900  0.87172684177874149
  0.88237031911399977  0.89305873859575868  0.90372318547651542  0.91450461013720463
  0.92511413393830488  0.93573474080965402  0.94657528047213368  0.95748560108874259
  0.96808217946278252  0.97857913651633643  0.98919992272363866  1.00000000000000000
 -0.01819384580379097  0.10386800288358951  0.13813729379254347  0.15947777147875394
  0.17697679390478599  0.19211633486379964  0.20573386063445745  0.21819093671447584
  0.22978609806076003  0.24065679089466721  0.25096421219957826  0.26074615924998112
  0.27011097708850668  0.27905154965173118  0.28767081920530979  0.29598391022124226
  0.30400791974928465  0.31185719462461575  0.31944521072315751  0.32686839435853404
  0.33414696966839463  0.34120146612979807  0.34815112417163296  0.35495283008528467
  0.36160350738519759  0.36816558335965899  0.37463232974565919  0.38098739416417221
  0.38726422117167852  0.39348485153772256  0.39962258948354068  0.40566260327106363
  0.41166688675571261  0.41761355004786177  0.42348573266471523  0.42931460763717738
  0.43510957429594749  0.44086589043948138  0.44658356866464666  0.45229002091076864
  0.45797515075874790  0.46362604415389941  0.46924965606135333  0.47485752934151598
  0.48045449697891512  0.48604273839561174  0.49161789943397038  0.49719152353447810
  0.50275714823904938  0.50832757533303319  0.51390379965567257  0.51949223969515745
  0.52509596915774348  0.53071344360671080  0.53633972457714052  0.54198932201206440
  0.54766942556445009  0.55336596239254499  0.55908181865379281  0.56483713592510076
  0.57063864725200986  0.57647914719383075  0.58235560188264324  0.58831109517748215
  0.59431764671065623  0.60035679020239585  0.60649484741390025  0.61271273879424348
  0.61898273861766162  0.62533266950318678  0.63179727415915965  0.63835418020739909
  0.64499398962471355  0.65178002181442196  0.65872223494807569  0.66579041541919926
  0.67308306329280110  0.68051693539766656  0.68810669237765176  0.69595951366354813
  0.70400491803154053  0.71233699795324501  0.72096620096140140  0.72991228455513868
  0.73927483596628452  0.74905272611742679  0.75936029312077036  0.77025135253447863
  0.78188596150233314  0.79438422247657514  0.80802224025314429  0.82320281039794496
  0.84074128271242665  0.86214748221127080  0.89639266846916688  1.00000000000000000
   7.8724745984407155E-006  -1.0000000000000000     
 F F F F F F F F
  <DiscreteSampler_grid>
  grouped_processes
  1 # 1 for a reference and 2 for a running grid.
  10 # Attribute 'min_bin_probing_points' of the grid.
  1 # Attribute 'grid_mode' of the grid. 1=='default',2=='initialization'
  0.0000000000000000 # Attribute 'small_contrib_threshold' of the grid.
  0.5000000000000000 # Attribute 'damping_power' of the grid.
 # binID   n_entries weight   weight_sqr   abs_weight
    10   10   1.952077724386823E+010   4.751593303933597E+020   1.952077724386823E+010
    11   10   1.952077724386823E+010   4.751593303933597E+020   1.952077724386823E+010
  </DiscreteSampler_grid>
