 -0.00242031224552356  0.00947922793316416  0.01961634966082114  0.02999050245129723
  0.04051775246712658  0.05119922376876587  0.06180099104262631  0.07230666546120382
  0.08282265994340957  0.09351752853268379  0.10416783952739717  0.11469819783051274
  0.12525602850005399  0.13602160215439452  0.14671635884384168  0.15740420783274331
  0.16808875576211307  0.17885834313737103  0.18964670970083833  0.20023315475952191
  0.21075519827322378  0.22119431565094078  0.23176725902209749  0.24240961272845091
  0.25301562652377485  0.26363644371778588  0.27420300287912663  0.28484272883978667
  0.29545113573364340  0.30605291871966833  0.31668203909075543  0.32730862977950270
  0.33797749322062298  0.34862058376056465  0.35917280826108411  0.36975080647481179
  0.38028598945597425  0.39085715603060939  0.40135344382951738  0.41185216029926314
  0.42230533810892434  0.43278398755274627  0.44318730459196842  0.45372093708143979
  0.46423727596593928  0.47474606489094040  0.48521602321483681  0.49567189812045975
  0.50609614637529998  0.51649597861867891  0.52682038469678172  0.53716316991155122
  0.54768152063302722  0.55818988305885975  0.56866673946194635  0.57913653421219247
  0.58974707178641927  0.60041367457925221  0.61088894937622795  0.62129806056733361
  0.63173016695640039  0.64211117058282352  0.65250933366425656  0.66301458504531230
  0.67352984551264827  0.68409047261123779  0.69451937142843267  0.70499515752453634
  0.71553291436146815  0.72608064098387715  0.73664560954912106  0.74720199945756127
  0.75778146347915787  0.76825610661717136  0.77871457344083306  0.78924141534441727
  0.79971332341779122  0.81017484334613410  0.82057180010194886  0.83098216199051733
  0.84151059723334531  0.85185302009257668  0.86226998745178096  0.87262930646900938
  0.88343222117790898  0.89426959347494173  0.90489224457409356  0.91536577225578541
  0.92603082625761579  0.93681976983927040  0.94724127554638193  0.95770874353722002
  0.96827819400419246  0.97897304186112122  0.98948858410958240  1.00000000000000000
 -0.00245258433053173  0.00941872285535080  0.01962123142813539  0.03032244776053791
  0.04107689058359044  0.05148725018602437  0.06198679187507172  0.07262268567258247
  0.08335377851672693  0.09386774806858796  0.10437733230168481  0.11473098998589387
  0.12519586535452149  0.13569669436258927  0.14633540570246389  0.15673946613566606
  0.16721456407190644  0.17781316996353080  0.18841205647854758  0.19879483711344512
  0.20914170874091673  0.21958777531640947  0.23001550664093165  0.24035295592346204
  0.25063128565050563  0.26115360345414440  0.27170184150562654  0.28226817933764514
  0.29290578079160057  0.30337060469603294  0.31388290464184943  0.32441706474220466
  0.33499254810608264  0.34558441954334140  0.35621168626538818  0.36691318237371667
  0.37734147232125648  0.38776893580437055  0.39812210874017684  0.40861901232908437
  0.41905513982487380  0.42952936039785777  0.44004674045016734  0.45036749263133602
  0.46069248590630330  0.47135258181003281  0.48204932712462734  0.49278142597175500
  0.50344755038800182  0.51419894254453036  0.52472735218536881  0.53503433405564416
  0.54547536854887202  0.55628286899697577  0.56706780810060764  0.57792540749404464
  0.58855160285755370  0.59915769311520672  0.60966164258800482  0.62016073201929933
  0.63056510816239797  0.64095044396017153  0.65149459264737464  0.66211817142293483
  0.67272037636603832  0.68325990581196205  0.69381491797830319  0.70439645169272580
  0.71499099961589319  0.72556583359485016  0.73616916414890654  0.74673673848519506
  0.75733461302313643  0.76798570214345285  0.77861053970832206  0.78921603197756540
  0.79963599622227255  0.80998376814431916  0.82045855848677218  0.83105969264620438
  0.84173622353850075  0.85226176415973187  0.86264081731967479  0.87297946924323733
  0.88335751650748506  0.89382710452539793  0.90441438084690962  0.91513746443790989
  0.92591583314869252  0.93670352587286287  0.94737949453974046  0.95797537164202984
  0.96840463445000724  0.97881224685703139  0.98936606615934941  1.00000000000000000
 -0.00248735294208101  0.00941981804792448  0.01954023699098584  0.03004114539403905
  0.04057106319633441  0.05106933248421455  0.06142470294569292  0.07202630431524518
  0.08264676598440818  0.09339970249770874  0.10410736929423520  0.11462743184479894
  0.12506889323611065  0.13540891223504301  0.14587787176298370  0.15643045358943952
  0.16702418847868902  0.17756233285714776  0.18805849552354834  0.19854977682750094
  0.20907486227859429  0.21959464002632470  0.23006845048362301  0.24052205243184704
  0.25101127812902041  0.26159476499262174  0.27218892292684838  0.28282930853324451
  0.29352933587457575  0.30425519281584618  0.31491475050302203  0.32539545203905329
  0.33585723244617921  0.34621288341966822  0.35651664208462785  0.36678766915105349
  0.37730592931497364  0.38805318042996978  0.39880598476525192  0.40944789642485557
  0.42009186399360576  0.43076988050847581  0.44134435702143887  0.45182938441634235
  0.46224019154886231  0.47263925805639534  0.48307013004730931  0.49358639540663624
  0.50409029667624361  0.51444258784110608  0.52494215577743730  0.53551727096162727
  0.54615608667197069  0.55668356650553186  0.56726839335722912  0.57783649687157457
  0.58843482869407415  0.59917181035557698  0.60991872121902746  0.62057744240655277
  0.63118462909636852  0.64177381947644419  0.65226582857305204  0.66262142726659856
  0.67303149609175916  0.68359333075769713  0.69417194554370576  0.70480516418721195
  0.71540729516528290  0.72592013337634331  0.73644618586382815  0.74708486188663625
  0.75788346656442451  0.76861107410313056  0.77930641439604864  0.79000785232620174
  0.80049588691316853  0.81100928202440603  0.82133710877109412  0.83179128533643010
  0.84203738712678655  0.85233999278548822  0.86282574349498120  0.87330622371342859
  0.88389521391170045  0.89457313670914440  0.90524090545349023  0.91592360070075141
  0.92647963103131536  0.93698888020525051  0.94754714545084262  0.95820718423181994
  0.96868737704715835  0.97917010550998773  0.98952321845253732  1.00000000000000000
 -0.01735404182651240  0.09943755301634744  0.13358813711693632  0.15513119384501581
  0.17301849026511312  0.18852846453640179  0.20246595617419516  0.21520891293043876
  0.22705414291482340  0.23812061326643430  0.24857809765264657  0.25848164852990413
  0.26795615612528356  0.27702041348967787  0.28573710951164966  0.29417071460841671
  0.30226411356548888  0.31017869246146823  0.31783074629279634  0.32528090671794668
  0.33262147300362499  0.33971965552398770  0.34670266694794588  0.35355649677389489
  0.36026288804575757  0.36687043533858038  0.37338899539527087  0.37980354394865851
  0.38613563269620588  0.39241674867934268  0.39862580777259893  0.40472453742330677
  0.41078032420322724  0.41678423394220993  0.42271480718392573  0.42861186359643205
  0.43448377333880328  0.44031767699177277  0.44610627902022448  0.45187372586401714
  0.45760970020787484  0.46330753570727579  0.46897910471270055  0.47463871882099246
  0.48029361488405947  0.48594373105896826  0.49158183442256542  0.49721831776088438
  0.50284574987801112  0.50847968217969131  0.51412168180347018  0.51977735290974902
  0.52544525757078420  0.53112358972838536  0.53681136868362755  0.54252171224194545
  0.54826557097491746  0.55403461305279145  0.55982531153467474  0.56566034311339275
  0.57152638178164505  0.57741456450012474  0.58333821085803783  0.58934769147196908
  0.59541533475902320  0.60151845863864029  0.60772270627013403  0.61400157589921511
  0.62033565372870980  0.62675187008327993  0.63327068651772267  0.63988155618288178
  0.64660074207244300  0.65347312782105349  0.66046594921885804  0.66756406980721039
  0.67490415541826931  0.68234846537483096  0.68999819095041259  0.69789230253948042
  0.70596589438269641  0.71437399503451660  0.72307107926204639  0.73209560519381611
  0.74153223350529662  0.75140049216130411  0.76181492090337288  0.77283009596008390
  0.78461680014663793  0.79733071557079171  0.81123654347034801  0.82667459589398717
  0.84451779276897720  0.86595024169501000  0.89991068276852804  1.00000000000000000
   1.7946456590421712E-005  -1.0000000000000000     
 F F F F F F F F
  <DiscreteSampler_grid>
  grouped_processes
  1 # 1 for a reference and 2 for a running grid.
  10 # Attribute 'min_bin_probing_points' of the grid.
  1 # Attribute 'grid_mode' of the grid. 1=='default',2=='initialization'
  0.0000000000000000 # Attribute 'small_contrib_threshold' of the grid.
  0.5000000000000000 # Attribute 'damping_power' of the grid.
 # binID   n_entries weight   weight_sqr   abs_weight
    10   10   2.089805038002942E+010   5.041699358714692E+020   2.089805038002942E+010
    11   10   2.089805038002942E+010   5.041699358714692E+020   2.089805038002942E+010
  </DiscreteSampler_grid>
