 -0.00248834119544827  0.00965545438667764  0.01982175086061580  0.03012337353100448
  0.04036197699131330  0.05063775233404724  0.06100370051357430  0.07157292673868076
  0.08207100577405861  0.09262453525388147  0.10315825517451983  0.11366037432707815
  0.12418590706870930  0.13474724489574005  0.14523904377235786  0.15576662875763084
  0.16621351878556684  0.17680366725706192  0.18731479015853400  0.19782568401501621
  0.20831850756074383  0.21890477601535158  0.22938165599644861  0.23978759040543252
  0.25029249613723126  0.26093244189889753  0.27169432266647453  0.28224801814525674
  0.29289695221048057  0.30348216878365464  0.31408954661062621  0.32460174821478383
  0.33508331397870073  0.34570065740905725  0.35624250228481269  0.36696522865797060
  0.37763500761020691  0.38839715909366002  0.39926240975193261  0.41013878354574118
  0.42098971480223951  0.43168590664126838  0.44225540994814461  0.45277093658506806
  0.46339816151687319  0.47396792100445745  0.48443089938845668  0.49488394711061223
  0.50540641848978063  0.51600659042093178  0.52654736519026946  0.53701906828949142
  0.54751737494100527  0.55789118775573610  0.56823586748870214  0.57856505165408512
  0.58895325394328968  0.59953449631662892  0.61006601893820367  0.62061002192505366
  0.63108921758025693  0.64156043026254794  0.65215859757164585  0.66278251979469893
  0.67349200216288785  0.68412567193820251  0.69466100331484337  0.70519586107766252
  0.71577232791683587  0.72644537830590816  0.73689396328030710  0.74733267325983654
  0.75765394143860199  0.76800713350216776  0.77827848291997115  0.78856855317840890
  0.79900820009619156  0.80953164275962863  0.82011048356624949  0.83065037951987597
  0.84115644220950325  0.85161786039186549  0.86210933125984346  0.87257160076627716
  0.88326259009117214  0.89398027532761315  0.90477689150959628  0.91544239628696178
  0.92603815735742101  0.93649229974248804  0.94703419020357271  0.95765531373803336
  0.96831179550429425  0.97895076976270046  0.98947607490616007  1.00000000000000000
 -0.00257309028051494  0.00955751027511701  0.01983914085590791  0.03039338252676311
  0.04089842764202207  0.05133795207858717  0.06184945329770809  0.07219188618583380
  0.08259294011854021  0.09301385450357567  0.10343386607552796  0.11383547917145638
  0.12417026166508252  0.13468618692611961  0.14510258446378604  0.15549583875182893
  0.16581518624316610  0.17629455248512516  0.18678841086138107  0.19741133202054839
  0.20806263993018118  0.21873510223100437  0.22939997339196966  0.23985850590154340
  0.25031264461284131  0.26079413178101857  0.27133835161349940  0.28174907756390866
  0.29213512395300795  0.30249470667065664  0.31285058740445448  0.32323938534574992
  0.33358740487549898  0.34420121675172483  0.35476201247516148  0.36558885560520288
  0.37657610300102912  0.38770505883566120  0.39869949676652772  0.40955628054250487
  0.42037485414424919  0.43131273546006260  0.44207852639186412  0.45273372014150393
  0.46321998063712244  0.47354293895490107  0.48384389631562175  0.49411442077031775
  0.50452669827813834  0.51485564341077861  0.52528625564138431  0.53588813026629600
  0.54660523672482209  0.55726909117114998  0.56784822630566012  0.57829778509758767
  0.58887618914572792  0.59941345186685102  0.60991567388659440  0.62041009806493885
  0.63101651968694505  0.64180946661795923  0.65241741560020738  0.66306768615974154
  0.67365589163047435  0.68435853845655226  0.69491573896640035  0.70555933666136705
  0.71606713856410542  0.72654982064697216  0.73702882182252827  0.74749245752830273
  0.75803068401038676  0.76858164776038251  0.77920352291582373  0.78982869136319411
  0.80042388569504297  0.81096588091597255  0.82143151224743105  0.83195260692581141
  0.84277485043062750  0.85371806703983832  0.86436345579575768  0.87501436273359867
  0.88556953255218718  0.89634444753090270  0.90681341659986325  0.91733859774233451
  0.92779245619264916  0.93816476316778308  0.94838921476619831  0.95861643577347344
  0.96915851292691757  0.97957305919471860  0.98980718635028420  1.00000000000000000
 -0.00249042605044179  0.00925183693553286  0.01927382982297229  0.02963561064453868
  0.03998191230185432  0.05048302372673943  0.06095568677021266  0.07127061418944437
  0.08147735759891742  0.09197113121347182  0.10246061197997473  0.11282467502278028
  0.12317668983445072  0.13365952947734458  0.14430446372898686  0.15508324587020067
  0.16591245412046376  0.17662810977323706  0.18714060121078843  0.19766663739151860
  0.20825200783685374  0.21876863167238134  0.22925957550876769  0.23968284159099962
  0.25004444484822669  0.26052480002055911  0.27100534298395795  0.28169717691378043
  0.29233487943180003  0.30297317692912640  0.31351123128443159  0.32412876158140846
  0.33484931305587895  0.34549563746686135  0.35616570843331335  0.36678982446458663
  0.37749107856034664  0.38791133892177498  0.39842245271768650  0.40919503358872872
  0.41991951569670194  0.43069094198250912  0.44122608198043706  0.45178992548609281
  0.46212461101653823  0.47232343467093668  0.48252990947229746  0.49291694617504750
  0.50338331260960434  0.51407083483486893  0.52460394072773142  0.53513559713089698
  0.54559501809730815  0.55617511845770506  0.56668952620996793  0.57710971327421989
  0.58759543845995965  0.59818014782713058  0.60871051242341701  0.61913381867473727
  0.62972964127700648  0.64053278954266701  0.65136831211271229  0.66203865984510046
  0.67256560614513805  0.68298712234764947  0.69341000679801557  0.70410203630955659
  0.71485621000004318  0.72570713955389854  0.73638636709859007  0.74693307931064734
  0.75740251534888237  0.76785356969629381  0.77842233139973482  0.78887894176976203
  0.79928007623353015  0.80965727319294178  0.82005280748830223  0.83052954778440524
  0.84114817086822680  0.85182096967878707  0.86242344509889668  0.87289003045792035
  0.88361230543048308  0.89436381045483504  0.90507972650501334  0.91570083309908257
  0.92640241157617365  0.93712268663759468  0.94754309346934829  0.95811865246527039
  0.96874977911104476  0.97940121536084113  0.98974523581532359  1.00000000000000000
 -0.01792256860330391  0.09892947460390795  0.13313614361377327  0.15497894673702650
  0.17292708171881266  0.18847854143487250  0.20243025189198932  0.21517257415879434
  0.22699103883925306  0.23803665557125456  0.24847266811586505  0.25835813490225956
  0.26780657117974521  0.27681840473997149  0.28548082386028989  0.29386076601969641
  0.30190992010064926  0.30977314214217722  0.31740321732440341  0.32483013918350023
  0.33214678250258411  0.33925329861565351  0.34624282228692116  0.35311824183810286
  0.35984775866042618  0.36646863773169625  0.37299075645387281  0.37940039989129670
  0.38572586138052867  0.39200164004927995  0.39821425830193885  0.40433708934284135
  0.41042193598090365  0.41646822746155548  0.42241554453897445  0.42832974952810832
  0.43421163830546144  0.44005902967424465  0.44585770940207103  0.45163084901678197
  0.45736638997037027  0.46306129198239721  0.46873774610979907  0.47441115375948806
  0.48007889694210887  0.48573765622921949  0.49138412541193099  0.49702644534810869
  0.50268024785236487  0.50833064090490931  0.51398588257988576  0.51964116941986294
  0.52530510785442786  0.53098740761914442  0.53667753501713578  0.54238340571657717
  0.54811795087517368  0.55387548596934821  0.55966339474973903  0.56549494538586953
  0.57136024808349017  0.57724796475214413  0.58317201746629477  0.58917654764327165
  0.59523915143966488  0.60133696383070556  0.60754598143446559  0.61383167988895759
  0.62017281458750995  0.62660103791303989  0.63314002708466555  0.63977004160035500
  0.64649624720957444  0.65336523536615043  0.66035024885200100  0.66745672374215248
  0.67481455342334906  0.68228766322826384  0.68994986835475758  0.69784345828696637
  0.70591139462049091  0.71434053384509877  0.72306843577814739  0.73213510749712429
  0.74159692161313295  0.75149696129586130  0.76195611211246961  0.77303315619620228
  0.78486717688859142  0.79759879255700417  0.81153209046745622  0.82704568438062931
  0.84492512748280857  0.86647217682956890  0.90064649120222906  1.00000000000000000
   1.7785838031409000E-005  -1.0000000000000000     
 F F F F F F F F
  <DiscreteSampler_grid>
  grouped_processes
  1 # 1 for a reference and 2 for a running grid.
  10 # Attribute 'min_bin_probing_points' of the grid.
  1 # Attribute 'grid_mode' of the grid. 1=='default',2=='initialization'
  0.0000000000000000 # Attribute 'small_contrib_threshold' of the grid.
  0.5000000000000000 # Attribute 'damping_power' of the grid.
 # binID   n_entries weight   weight_sqr   abs_weight
    10   10   1.543947785921953E+010   3.783428066299112E+020   1.543947785921953E+010
    11   10   1.543947785921953E+010   3.783428066299112E+020   1.543947785921953E+010
  </DiscreteSampler_grid>
