 -0.00260049046220575  0.00972779235012274  0.02020961713258324  0.03095501375590787
  0.04172087836322792  0.05215338624978286  0.06254407726605579  0.07309659039631360
  0.08368087450957977  0.09431573503129485  0.10481094139597183  0.11544317154421345
  0.12603585842220902  0.13657799220915079  0.14699505832763363  0.15734087044874290
  0.16780186686515672  0.17840822097750422  0.18896712566326324  0.19948624854092722
  0.21000863647544687  0.22085512815835021  0.23168416099896139  0.24239033175855726
  0.25298258610188878  0.26351789000859249  0.27394208829912176  0.28425423997265670
  0.29463442543478024  0.30502010217475006  0.31528777536871372  0.32566574190964387
  0.33612397419244228  0.34671826774739262  0.35728700675183189  0.36787283760239664
  0.37844474393421690  0.38895560716588951  0.39950661155907696  0.41017342382470012
  0.42078532495671517  0.43130977795313125  0.44174123676546767  0.45236220370869340
  0.46285806931692491  0.47333087768191756  0.48373346137747814  0.49438342408073915
  0.50499763524529906  0.51562661187565906  0.52620231941344298  0.53677213495448606
  0.54734793531140113  0.55780429981786495  0.56830294312241347  0.57863131708042881
  0.58917923129162364  0.59966210633184291  0.61019280344318072  0.62067166095837567
  0.63128293306253724  0.64194537033606147  0.65253922932938402  0.66296408567882137
  0.67330548872829166  0.68368331281677608  0.69419689922966488  0.70480214059587543
  0.71535749323624920  0.72584574200534024  0.73630305606884150  0.74689858680238874
  0.75764513823036150  0.76829017256672960  0.77864042093696739  0.78891211968972819
  0.79952489413896111  0.81022819040337113  0.82079720628666120  0.83140821692696865
  0.84213846273356108  0.85307208892522923  0.86364953269414191  0.87433475522139725
  0.88495588100523093  0.89561696482684450  0.90629371421063043  0.91689768217857859
  0.92739083052593951  0.93786088345390950  0.94824613956220738  0.95867851417506633
  0.96886382183727426  0.97920835462202338  0.98956076422124428  1.00000000000000000
 -0.00250555782651055  0.00959162456529770  0.01960934005562249  0.03009276724322642
  0.04041640577524753  0.05108488000150307  0.06166729200337823  0.07235225760518914
  0.08281816187143666  0.09338896942040260  0.10399320070137455  0.11449339694495565
  0.12502248874042057  0.13557250829026288  0.14622849032790922  0.15666068894557322
  0.16724849601953781  0.17757003811032432  0.18806143052651000  0.19835302585772216
  0.20870591419045637  0.21890487156394220  0.22918618612052294  0.23952578496200491
  0.24995251151461473  0.26044394475098087  0.27090854858429020  0.28137806594426651
  0.29179611598046212  0.30224702289265815  0.31273212824577012  0.32311996474798521
  0.33351191655583989  0.34391601520902632  0.35434913629782028  0.36488070585248272
  0.37537466006666170  0.38605468271050636  0.39671288352274942  0.40736555502297755
  0.41790297802304283  0.42820488931854694  0.43852929259725898  0.44897723961231650
  0.45958742330072361  0.47015720102729691  0.48063640329891050  0.49098821263805864
  0.50134642541153684  0.51166736576820371  0.52204320025474305  0.53251493536595407
  0.54302435384506875  0.55372450937842366  0.56437890465325113  0.57495517801968010
  0.58537389853939059  0.59577260804202725  0.60617519240327133  0.61674145439994854
  0.62732761418864014  0.63796449521228182  0.64862366592815623  0.65933291447989661
  0.67007079919130963  0.68061715098458309  0.69115404351557430  0.70177781339002376
  0.71241234911201057  0.72293694313599743  0.73341088446814584  0.74396302271504056
  0.75462235775550157  0.76522191249899341  0.77569669358956239  0.78619314363194504
  0.79687005901298358  0.80768939817770458  0.81838991959494534  0.82896988612651645
  0.83967297500828364  0.85045675018631295  0.86120356235698414  0.87189238011755987
  0.88265005134384145  0.89335061569765450  0.90403414351691158  0.91468044969738382
  0.92535830182423739  0.93594921323243530  0.94658762005168173  0.95718687917723100
  0.96789369133342718  0.97855547172804846  0.98933121053011142  1.00000000000000000
 -0.00243630953370070  0.00917179275543244  0.01904636575906383  0.02953596544091901
  0.03999463144424967  0.05045394014695653  0.06090727951433336  0.07148712510273059
  0.08199437083054677  0.09243043941506800  0.10300433826954310  0.11361653566621374
  0.12410649267465698  0.13457988250581229  0.14503612735790594  0.15562076987255150
  0.16633767422965093  0.17695309474912344  0.18751508275470630  0.19804320526514377
  0.20859968741833310  0.21917541393604054  0.22978502741615203  0.24052324419688850
  0.25119568905844791  0.26190718127981061  0.27258571904277479  0.28324018367566883
  0.29377699096094778  0.30434281844488620  0.31489111176241380  0.32551242245894108
  0.33605048145996358  0.34656087445191874  0.35705972750986470  0.36739350748497279
  0.37767301800525444  0.38775668360721749  0.39802244696307848  0.40844293838083356
  0.41894476876666120  0.42959009925681718  0.44013395062328170  0.45074297571055894
  0.46125307481571876  0.47184399593901782  0.48235892462462521  0.49283663978794162
  0.50331229235101504  0.51377491296590749  0.52441470754664044  0.53500872278263634
  0.54556326282125567  0.55608005940964833  0.56649853113258963  0.57710320745843990
  0.58764438309164502  0.59829791609584548  0.60881024825674190  0.61937612727963165
  0.63012854189819167  0.64098707216295570  0.65171341550310458  0.66229441186146099
  0.67277691023341668  0.68332611545376298  0.69387528528680720  0.70438478605990928
  0.71478553938036393  0.72518894330009720  0.73566977454659854  0.74627820385625454
  0.75681967437281650  0.76734064062561413  0.77784028939093042  0.78836181152883966
  0.79889976758525816  0.80947443482220294  0.81998752335596703  0.83050736605781028
  0.84088392198010342  0.85134546112215936  0.86197879809327382  0.87258529175711252
  0.88342054366828759  0.89425057709262767  0.90497399159471714  0.91568021018624901
  0.92621758966716794  0.93684539818870560  0.94719329247752537  0.95768749431267819
  0.96831129187991138  0.97900498082569976  0.98950770426120527  1.00000000000000000
 -0.01777758810705566  0.09966307332023183  0.13368854927223528  0.15520702587041846
  0.17306185902230231  0.18851381190649252  0.20241822589399225  0.21516055466029668
  0.22699887435279884  0.23806236986742696  0.24851149475973844  0.25841591109815187
  0.26788288665383669  0.27692638762211685  0.28562520340846997  0.29404150471598184
  0.30213496138331752  0.31004743822642217  0.31771384825026583  0.32516621640611065
  0.33250635978806442  0.33959889994108849  0.34658146334681517  0.35345467304940759
  0.36017758162730862  0.36679465730816813  0.37332130128915192  0.37974105400286423
  0.38607123455626602  0.39233895615024711  0.39852684346477141  0.40461130926011790
  0.41066825145375996  0.41668244243902569  0.42261556792163540  0.42852152096415108
  0.43439966368574007  0.44024036300547403  0.44602765379707476  0.45177772538786964
  0.45750601495811477  0.46320854654532834  0.46889426279547031  0.47457068668590030
  0.48022863089795353  0.48587139414555736  0.49150605643728151  0.49713974607777361
  0.50276361683123993  0.50839932337297167  0.51403944121991341  0.51969074497827805
  0.52535642934244209  0.53103712190189511  0.53673036931732754  0.54244806307530180
  0.54819774129054988  0.55396785183988795  0.55975769665663577  0.56559147036373392
  0.57146327557289867  0.57736582235349931  0.58331358105251785  0.58933807499450430
  0.59541353810697129  0.60150786129779277  0.60771042747194093  0.61398593549562130
  0.62032252459245885  0.62674999811267906  0.63328556191476870  0.63990892263827559
  0.64662434210816055  0.65347246858228591  0.66043069606950600  0.66751172234480693
  0.67483801926727482  0.68228729406209576  0.68994158877271761  0.69783115336429780
  0.70589948752649179  0.71430688546200694  0.72302036245646761  0.73207276296396218
  0.74153414991059108  0.75143137014592631  0.76188662830599052  0.77295672455772246
  0.78480153232334404  0.79755918775028589  0.81149964759636328  0.82699895831603276
  0.84491251120243649  0.86655632271787431  0.90037621359600761  1.00000000000000000
   1.8031199200832872E-005  -1.0000000000000000     
 F F F F F F F F
  <DiscreteSampler_grid>
  grouped_processes
  1 # 1 for a reference and 2 for a running grid.
  10 # Attribute 'min_bin_probing_points' of the grid.
  1 # Attribute 'grid_mode' of the grid. 1=='default',2=='initialization'
  0.0000000000000000 # Attribute 'small_contrib_threshold' of the grid.
  0.5000000000000000 # Attribute 'damping_power' of the grid.
 # binID   n_entries weight   weight_sqr   abs_weight
    10   10   1.714436769121126E+010   4.447361093677140E+020   1.714436769121126E+010
    11   10   1.714436769121126E+010   4.447361093677140E+020   1.714436769121126E+010
  </DiscreteSampler_grid>
