 -0.00248846049148587  0.00966094242980052  0.01982913834073372  0.03012760531544503
  0.04036498542144489  0.05063845605642631  0.06100152419068156  0.07156762018363141
  0.08206177596106962  0.09261203286240476  0.10314517129641956  0.11364810600838475
  0.12417469067725058  0.13473797633970511  0.14523078361243713  0.15576001310591159
  0.16620660475117013  0.17679760558932861  0.18730943190913352  0.19781772765324374
  0.20830934332823214  0.21889675977290701  0.22937851415235994  0.23977837999494719
  0.25027518371845592  0.26090810489728056  0.27166285634047355  0.28220767971331434
  0.29284879371433187  0.30343591596846831  0.31404502183622718  0.32455734986484025
  0.33503841531215134  0.34565626590741144  0.35619580890240077  0.36691923653059033
  0.37758790835464195  0.38835208564612683  0.39921689881898009  0.41009473276028952
  0.42094708590275293  0.43164783517749894  0.44222177407499597  0.45274025904482096
  0.46337006894832067  0.47394187226421658  0.48440618765649313  0.49486033514463806
  0.50538371242953428  0.51598585848935041  0.52652911321810114  0.53700219116053360
  0.54749964807490070  0.55787039227633861  0.56821240349419655  0.57853864377293240
  0.58892482851883832  0.59950579425262429  0.61003721688343193  0.62058203822970204
  0.63106416201250859  0.64153657199637926  0.65212814381178885  0.66274794176930363
  0.67345828949341024  0.68409292903596652  0.69462028278753440  0.70514392610799248
  0.71571899645538228  0.72639185549779517  0.73683980110569425  0.74727752186656393
  0.75759847258774626  0.76795175766925883  0.77822214085403796  0.78850987701350006
  0.79894635151430227  0.80946946398137787  0.82004732726290130  0.83058504792003718
  0.84109135249492983  0.85156068022493092  0.86205986673752555  0.87252980814269598
  0.88322302130489838  0.89394462015178555  0.90474754953475867  0.91541733048765350
  0.92601747142992963  0.93647274754081145  0.94701827824743035  0.95764457807269365
  0.96830850458258277  0.97895118583395080  0.98947769015243980  1.00000000000000000
 -0.00257426864700265  0.00956112503681633  0.01984623461156983  0.03040071607234617
  0.04090635050933678  0.05134708199039446  0.06185986279401293  0.07220225064935981
  0.08260368805885032  0.09302533587533576  0.10344728496069085  0.11384889048176992
  0.12418419064540218  0.13469700316044173  0.14510769143968233  0.15549512523514081
  0.16581273170153263  0.17629299862596604  0.18678975306036147  0.19741622737210379
  0.20807131430158271  0.21874553920782122  0.22941189781874105  0.23987148281438575
  0.25032672240537684  0.26080973072754321  0.27135423338000730  0.28176669319607062
  0.29215197422416733  0.30251099854794711  0.31286483262529735  0.32325023667769986
  0.33359623290435569  0.34420924417567594  0.35477307392565799  0.36560172760124321
  0.37659341788163159  0.38772663879272340  0.39872642978681772  0.40958608983498651
  0.42040611191057797  0.43134289699069051  0.44210956617811581  0.45276647217593813
  0.46325285890083701  0.47357622432616220  0.48387474553012966  0.49414795146825602
  0.50455865124129329  0.51488634970407754  0.52531254965100926  0.53591443667077643
  0.54663322249988633  0.55729956368034883  0.56787814105200596  0.57832894374053889
  0.58890910001231955  0.59944709535881413  0.60995331050073009  0.62044634225601780
  0.63105757135477603  0.64185404510923194  0.65246776771448078  0.66312444627364797
  0.67371608782407799  0.68442245128678081  0.69498225810919345  0.70563036884860997
  0.71612877552703902  0.72660670924874393  0.73706859187076734  0.74751448470379178
  0.75804173544830278  0.76857853663846176  0.77919878654552122  0.78980765177929857
  0.80039898536856413  0.81094106487726514  0.82140994115782151  0.83193665913324766
  0.84276153712950375  0.85370724594167402  0.86435343249219243  0.87500853327627814
  0.88557112943934890  0.89635270902513797  0.90682111678756172  0.91734587222039154
  0.92780147957840042  0.93817399077537045  0.94839539100497217  0.95861807298836865
  0.96915991505526278  0.97957541173852969  0.98980781614714308  1.00000000000000000
 -0.00248637850658270  0.00924123163789821  0.01924642708959103  0.02960254671871244
  0.03993812680387642  0.05043801765360945  0.06092213021522122  0.07122474021997317
  0.08142709532928799  0.09190554064700034  0.10238904627228740  0.11274219767314256
  0.12308148690483492  0.13356444494116404  0.14421297786019083  0.15499108611525372
  0.16582133828669798  0.17653571431467938  0.18704586675729531  0.19757349315653003
  0.20815908789631979  0.21868408960671118  0.22917704180338028  0.23960793598264149
  0.24997816924712585  0.26045992767545023  0.27094562581617704  0.28163387033434129
  0.29227157577653967  0.30290767661069579  0.31344483585947258  0.32406654968595583
  0.33478984786125154  0.34544205281101198  0.35611582171573153  0.36674160703186026
  0.37744516953011431  0.38786285090173045  0.39837232991427685  0.40914968902826843
  0.41987836016662922  0.43065122209789897  0.44118793714764581  0.45175667459587915
  0.46209748557968988  0.47229487269489256  0.48249914876443045  0.49288639105608101
  0.50335331194995059  0.51404006780500378  0.52457274173849133  0.53510478952674778
  0.54556715490918872  0.55614785233953257  0.56666451035914311  0.57708454974032197
  0.58756921074114254  0.59815422977974342  0.60868251113520877  0.61910617245941080
  0.62970188917248138  0.64050979263420604  0.65134935960392193  0.66201552900883587
  0.67253995391141286  0.68295849096328731  0.69338436196085218  0.70407678468829871
  0.71483274713274192  0.72568459876296110  0.73636445450134747  0.74691048560444617
  0.75737952058243829  0.76782931796948206  0.77839513030862495  0.78884771234542339
  0.79924586522844898  0.80962248055599084  0.82001939820200198  0.83049662282934111
  0.84111736357925448  0.85178991462444531  0.86239127557330153  0.87285718123197420
  0.88358375548823853  0.89434404533119727  0.90506523450015830  0.91569123973548361
  0.92639743141252273  0.93712255429387303  0.94754270670459440  0.95811968982890350
  0.96874894259727651  0.97939930722148771  0.98974183526216397  1.00000000000000000
 -0.01862401275602432  0.10302543636249721  0.13744564342266569  0.15906786994095587
  0.17667888040174906  0.19193650543153370  0.20560758942022742  0.21811671201251284
  0.22972882558786237  0.24059851228671283  0.25088832153260049  0.26065043001477206
  0.26998766139763014  0.27888404250486010  0.28746933788962420  0.29575628912470908
  0.30375514448312896  0.31155884007737983  0.31911102194996710  0.32648917354751833
  0.33374147373044960  0.34080044248178260  0.34775324724241796  0.35456977971035020
  0.36124159028777286  0.36781745292817364  0.37428800553923497  0.38063837273390266
  0.38691009655173614  0.39313418738537126  0.39928772842435117  0.40535213261367442
  0.41138435837385728  0.41736715274120245  0.42325456008573914  0.42911099645485973
  0.43493162979172861  0.44071535191362582  0.44645198139638387  0.45216277853230069
  0.45783426936853244  0.46346468037018074  0.46907708465290054  0.47468622355777085
  0.48028873196056027  0.48588164532397415  0.49146234125025728  0.49704017401341977
  0.50262917698136722  0.50821509877315063  0.51380479119447264  0.51939427775081737
  0.52499261255502150  0.53061001838998378  0.53623567351829715  0.54187642925060309
  0.54754653099864592  0.55324189371917409  0.55896721580140774  0.56473424458522770
  0.57053782601535519  0.57636744419031094  0.58223144114694325  0.58817084081470061
  0.59417864041532353  0.60022321391581457  0.60636990572191984  0.61259974283671270
  0.61888495411985467  0.62525236158839770  0.63173886791951628  0.63832384365256578
  0.64499247904388912  0.65180116780531516  0.65874837677338571  0.66580637874692783
  0.67309152120228810  0.68052185492413786  0.68810817610340369  0.69594582746494216
  0.70396806164605086  0.71230298634973555  0.72095683630949370  0.72992238265800036
  0.73928132308450889  0.74905176816061847  0.75936432164839573  0.77026152626327715
  0.78189249067168676  0.79438530666609053  0.80804418435071423  0.82326265747367589
  0.84081295010084001  0.86214824808281942  0.89648616574988726  1.00000000000000000
   7.8863786369186890E-006  -1.0000000000000000     
 F F F F F F F F
  <DiscreteSampler_grid>
  grouped_processes
  1 # 1 for a reference and 2 for a running grid.
  10 # Attribute 'min_bin_probing_points' of the grid.
  1 # Attribute 'grid_mode' of the grid. 1=='default',2=='initialization'
  0.0000000000000000 # Attribute 'small_contrib_threshold' of the grid.
  0.5000000000000000 # Attribute 'damping_power' of the grid.
 # binID   n_entries weight   weight_sqr   abs_weight
    10   10   1.543947789197613E+010   3.783428075893228E+020   1.543947789197613E+010
    11   10   1.543947789197613E+010   3.783428075893228E+020   1.543947789197613E+010
  </DiscreteSampler_grid>
