  0.00902521492652804  0.01720615662905964  0.02779532513504272  0.03933135147375677
  0.05043105540986771  0.06252984107986090  0.07388945374835391  0.08526496918897095
  0.09630133738134487  0.10742812782388587  0.11808937301376238  0.12855723120094065
  0.13895320384941878  0.14902124157133390  0.15926916569750227  0.16964773148872794
  0.18043439676593218  0.19086127478855910  0.20141170925212534  0.21189211499524271
  0.22287604307848441  0.23366817542575077  0.24452836635389277  0.25522806655826669
  0.26616511713879626  0.27657511223713743  0.28595729480189924  0.29559643242859601
  0.30493669874816159  0.31371323699052944  0.32273202210884150  0.33213613264364444
  0.34263049467730089  0.35315416010434925  0.36336881435372520  0.37369288703017339
  0.38389984107351527  0.39396628344310491  0.40387652333454338  0.41399456873145907
  0.42447904192143504  0.43488316345500266  0.44516773341008770  0.45532916640742677
  0.46540794499573090  0.47558115756245517  0.48609193442947235  0.49641185421599210
  0.50617513683787185  0.51585428224586138  0.52617345371284918  0.53748930891500302
  0.54831003108849286  0.55871823112337637  0.56861874321614547  0.57818574158431357
  0.58799914378308504  0.59816502399927329  0.60863481708247924  0.61919709472189621
  0.62984052641713850  0.64061205730013893  0.65132004636517615  0.66213296927286169
  0.67314543500292967  0.68425798545778715  0.69509369124467213  0.70536515796533861
  0.71535286229471451  0.72490933772115984  0.73443890772736142  0.74416449907381110
  0.75427246365237977  0.76473074332321311  0.77513532780632877  0.78541282986235328
  0.79596947506612348  0.80668572448244880  0.81795791139932839  0.82965246404465420
  0.84180735472890000  0.85379867872540816  0.86530679211024852  0.87627025455066387
  0.88646858707809539  0.89676690052228769  0.90731553549559418  0.91830720721399151
  0.92947971611742619  0.94021778367171793  0.95012550919153349  0.95996303799395688
  0.96993133833924272  0.98108251990162099  0.99118491502821948  1.00000000000000000
  0.00108354838437768  0.02029713511223879  0.03594203834153525  0.04882477293009945
  0.05993472884486997  0.07090276188358716  0.08158160592842290  0.09306367177036604
  0.10419111796320266  0.11521320695446521  0.12632116962197698  0.13767435077522130
  0.14891313570990644  0.15999828159961632  0.17057354074826087  0.18056512368337060
  0.19016773596914871  0.19979970695840937  0.20957422715855056  0.21919659636687799
  0.22885815493415754  0.23821679658896608  0.24795868039021551  0.25731113544094364
  0.26638221581975979  0.27524868772020206  0.28417548203803983  0.29350554694841396
  0.30343958082861189  0.31330617081916928  0.32297445183419971  0.33267058203890570
  0.34261521511574722  0.35291557871697177  0.36313174930509617  0.37301729501603059
  0.38284576653087365  0.39294477523892063  0.40281967292917203  0.41325008175979383
  0.42421600060451425  0.43564112221626250  0.44683655045603549  0.45818650249744947
  0.46904034901940195  0.47966543784332544  0.49036382870313627  0.50077565960339143
  0.51047625843667055  0.52040413007433761  0.53096234754346971  0.54135780888152074
  0.55141805048904147  0.56149486725194686  0.57223447066670119  0.58291273737603400
  0.59293666924470667  0.60326382551469604  0.61426943389067168  0.62530422449140644
  0.63515375636613536  0.64500654903502064  0.65467118066443197  0.66458394577873015
  0.67443792017244386  0.68420375882778661  0.69466048400091074  0.70512657954120395
  0.71615680902093382  0.72717937125874932  0.73739898998518794  0.74728338566029895
  0.75680947578281410  0.76590105448211843  0.77499247751849942  0.78415435331026373
  0.79394624717202233  0.80425213457985667  0.81465802210132732  0.82521312889223153
  0.83582183641287322  0.84603780429113251  0.85634559058116322  0.86715875141480303
  0.87831362115377509  0.88958339853930768  0.90057424046693224  0.91173369180854991
  0.92253395868136057  0.93285506169252952  0.94298309445733430  0.95284613856953326
  0.96273633840904482  0.97260483446240720  0.98219298766562158  1.00000000000000000
  0.00000108688014448  0.00000584527571585  0.00000962211052607  0.00001349589391918
  0.00001733700231587  0.00002173232952162  0.00002719148503656  0.00003407994697846
  0.00004290184015611  0.00005319192472103  0.00006520765613156  0.00007852924242876
  0.00009229306692661  0.00010637162072344  0.00012113845377001  0.00013686418857335
  0.00015290674549909  0.00016909781348371  0.00018671947102930  0.00020584535307386
  0.00022520596605091  0.00024483238898657  0.00026439350330698  0.00028451136296778
  0.00030517817471083  0.00032735915775925  0.00035118918022064  0.00037647760861765
  0.00040429302733158  0.00043252000735190  0.00046217713382973  0.00049184274857496
  0.00052089400238932  0.00055064712761944  0.00058115727654547  0.00061334870293959
  0.00064795837468858  0.00068419031810101  0.00072232122187339  0.00076147290769733
  0.00080376522233902  0.00085173313228132  0.00089967069512415  0.00094847354495612
  0.00099633881817350  0.00104184086820892  0.00108381038802594  0.00112644178148688
  0.00116784525621900  0.00120844381547386  0.00124992931562297  0.00129121277690035
  0.00133516696642478  0.00137646170505820  0.00142014660829863  0.00146686219311738
  0.00152017810754664  0.00157962353998013  0.00163534006253161  0.00169674248906893
  0.00176734324211955  0.00184045386440170  0.00191702786865221  0.00199789414193157
  0.00207579469835139  0.00214440229531632  0.00221141391544119  0.00228761059702513
  0.00236276904206052  0.00244127711415653  0.00252262479615124  0.00260694953535291
  0.00269331058246687  0.00278050344560421  0.00289321015127685  0.00301414292375321
  0.00312386814894007  0.00322258754406031  0.00333888459122794  0.00344385999078451
  0.00352480823460445  0.00373140386163499  0.00426711054336511  0.00469294779913651
  0.00495519550327176  0.00508915315661583  0.00524458036150105  0.00543420146483563
  0.00564815926194580  0.00584586905250226  0.00604263556667434  0.00623879103667167
  0.00649102939400178  0.00874361888963086  0.06588879872362248  1.00000000000000000
 -0.00187088865324804  0.01114142896812717  0.02264216768032634  0.03481424253803852
  0.04610683390169161  0.05715544924723234  0.06736910651563145  0.07747332068489456
  0.08728238015261389  0.09648555825232116  0.10600229166466195  0.11552654336497185
  0.12521387494952138  0.13393350840186577  0.14233801823387221  0.15102281277451118
  0.16013977397750365  0.16925331820101944  0.17878491636841706  0.18953220768361903
  0.20167111097141349  0.21345060816127326  0.22431851889954749  0.23525243760694878
  0.24652184378342359  0.25824550578230288  0.26970977551415959  0.28067386671666161
  0.29098534503520007  0.30106638236227762  0.31144276397492127  0.32224914907768920
  0.33336840400483725  0.34463755324219814  0.35599532403857742  0.36707781762758085
  0.37757222013982294  0.38783712863793579  0.39815222455577570  0.40860476740729679
  0.41924579270549533  0.42955984792911189  0.43956358650024108  0.44966308746119860
  0.45974794573542255  0.47039145143634242  0.48108118897704566  0.49185001659586253
  0.50233657811221666  0.51212855085498976  0.52166717336462942  0.53119116915183495
  0.54112740135867021  0.55171068075547181  0.56325150162357618  0.57508741892531112
  0.58682595826360406  0.59805351813164831  0.60902583980874192  0.61962511501829309
  0.63035293818108218  0.64101218346831612  0.65196769238276053  0.66253925551895798
  0.67263046553699890  0.68213824413977786  0.69145749956656088  0.70136140766758281
  0.71155931800067740  0.72145939520731239  0.73148964552747209  0.74166206256987710
  0.75257601402396868  0.76316037763851852  0.77328193555102875  0.78253547401286316
  0.79188616177714954  0.80205864834745211  0.81279383114967529  0.82349652666428719
  0.83437386194404595  0.84515859064873222  0.85624787996756668  0.86732011577992729
  0.87803481831697494  0.88853377015647816  0.89931973036983115  0.91095942422068765
  0.92211611808617322  0.93301605364178208  0.94415555489271752  0.95568936750815381
  0.96679593569570810  0.97762305176395325  0.98849907411395654  1.00000000000000000
 -0.00220497523067386  0.00973157295919640  0.02045360801323298  0.03023470050753612
  0.04006885224859805  0.04936432504497494  0.05911091166498500  0.06945715194554519
  0.07984380995643001  0.09034017853752055  0.10047551209755923  0.11076705106409000
  0.12132053365752220  0.13218187697536612  0.14345581931288126  0.15464842209930016
  0.16551895327410140  0.17609557480611773  0.18637012254427537  0.19708954443525753
  0.20823820950457664  0.21993516676371269  0.23117851404422704  0.24193402474388376
  0.25265800743547062  0.26345245200702505  0.27404349447081389  0.28474008134274320
  0.29518660354934850  0.30590033008022299  0.31605897914294928  0.32606334410758042
  0.33586954323106138  0.34556675131268161  0.35478659673760315  0.36416809885904600
  0.37397908756778819  0.38456215146394324  0.39555388668171709  0.40602364177931638
  0.41631690283791078  0.42633671927122113  0.43633239914440569  0.44611118097600222
  0.45502747052951581  0.46349859267609966  0.47158356784547650  0.48158515052286566
  0.49165422404381554  0.50169630434788703  0.51221655321039417  0.52361632750579834
  0.53536967119126322  0.54655178319865272  0.55733332114034673  0.56765467395279701
  0.57769862629947555  0.58796902798576012  0.59850525087599249  0.60902074741821255
  0.61909233558319732  0.62922038930552338  0.63966443099297443  0.65055205799836580
  0.66182858061016792  0.67270467663861111  0.68377950599107862  0.69463434916223177
  0.70555656366402719  0.71626391513274135  0.72732971861233953  0.73853779390478824
  0.74994535626553005  0.76134208342932264  0.77277204836255997  0.78381524503061462
  0.79520750422461983  0.80651091634849426  0.81689078223077483  0.82654026076731901
  0.83612278646432292  0.84618180794731623  0.85640391003105598  0.86630770985605043
  0.87596676170777554  0.88589149781117682  0.89609631264911405  0.90738550489470371
  0.91902798813502640  0.93105862703901376  0.94293517769753976  0.95386519222220856
  0.96532761962205993  0.97721996143692214  0.98872107960056355  1.00000000000000000
 -0.00214259665167622  0.01121485003877651  0.02190955208509468  0.03216826784164308
  0.04269557309798747  0.05353891754529473  0.06467790230093051  0.07467069572183552
  0.08497400641651488  0.09515281719355959  0.10517256138033775  0.11500247857047095
  0.12495210313410146  0.13569668372708055  0.14636560180239500  0.15693900154805027
  0.16777985239984550  0.17878021767091035  0.18984889409466388  0.20063230099816134
  0.21211656112694552  0.22376908385873576  0.23574562283519723  0.24766759409553288
  0.25935417853651921  0.27106344742643212  0.28272009927811242  0.29423668846549356
  0.30512105385970478  0.31577647006964621  0.32627537956633373  0.33678566147734262
  0.34680544134046826  0.35680674604061080  0.36699910475634306  0.37713959332400737
  0.38710101854021711  0.39731865387670545  0.40751467584013007  0.41714656900427743
  0.42633919152512723  0.43600076873683580  0.44660634662296594  0.45772450354526351
  0.46900362003703966  0.47966944710201181  0.48951833350865909  0.49943388304573794
  0.50989244030958303  0.52080666725443070  0.53130912033654043  0.54168306134497524
  0.55252161067596128  0.56388231907432340  0.57547909059015445  0.58687962654191905
  0.59766801361078348  0.60909311322827697  0.62109578148803724  0.63303142770485310
  0.64416429431599209  0.65511507574153582  0.66624615790983777  0.67753809984540614
  0.68906826337341509  0.69967440978714868  0.71008603577587270  0.72023445810686537
  0.73079736304007925  0.74149684123648485  0.75223898046415949  0.76293429020702186
  0.77413811837233992  0.78595392337189085  0.79764922903184743  0.80891579913514500
  0.81909605270057939  0.82851547089373989  0.83796195955260022  0.84790966435483994
  0.85767343995302592  0.86738440971103448  0.87628127210012885  0.88526268659686147
  0.89414813513569202  0.90310665418259106  0.91265314315949209  0.92262631480053536
  0.93284748247267812  0.94262492445014867  0.95222273441979277  0.96165792941984873
  0.97128236238448362  0.98106519286998772  0.99032975015543590  1.00000000000000000
 -0.00249201797441918  0.00958654830354725  0.01990171196395294  0.03092010362371368
  0.04176147788647994  0.05262096732529439  0.06321889093247220  0.07347258948814057
  0.08361208545446872  0.09367495148850014  0.10400330490619755  0.11431419329342883
  0.12384090865215480  0.13282484073128134  0.14151533615020467  0.15080559548318326
  0.16052483087977701  0.17061838146263955  0.18127241765835903  0.19259766647650331
  0.20473772795615749  0.21710143649821778  0.22873156723226468  0.23984521128030925
  0.25062160573672887  0.26157466207410307  0.27239233610239122  0.28335985052294282
  0.29407524369347654  0.30483458831242938  0.31548657464830621  0.32624724765112556
  0.33682566195387331  0.34729329025386840  0.35803991200452090  0.36889391565065538
  0.37961363255994268  0.39006033888928837  0.39991627201491103  0.40955181649913774
  0.41948698523567951  0.42949437521721062  0.43947508728001378  0.44940813696051818
  0.45958944370585020  0.47031220515153449  0.48157830903255183  0.49383560957173223
  0.50545953128174992  0.51681740895466177  0.52783450290301048  0.53883724246306208
  0.54999180913250689  0.56114421953507598  0.57217514700092487  0.58292249179355471
  0.59350884929264336  0.60385007648002731  0.61350691422040649  0.62297543646465936
  0.63269618960317742  0.64258858389160745  0.65231501549914994  0.66149810624761196
  0.67106091741754803  0.68120402374700140  0.69180784864191103  0.70236566043094961
  0.71290676029431521  0.72367028381389364  0.73478212017965860  0.74633493123852945
  0.75800407417097648  0.77008260156963171  0.78239567849122604  0.79531219724852975
  0.80810335650787013  0.82036200535365122  0.83194912271035171  0.84174925884945262
  0.85150081957484736  0.86123067480299320  0.87135931000656175  0.88208813247556783
  0.89307543572791070  0.90467286968157046  0.91598704457982671  0.92572783480975551
  0.93486330993851852  0.94380049088199169  0.95293932139619475  0.96205780756593284
  0.97113859042378625  0.98052858293859702  0.99029645156912993  1.00000000000000000
 -0.00201868739356975  0.00913262925137808  0.01913433459299408  0.02921682206932743
  0.03975294930137965  0.05006638131628705  0.06087442025429896  0.07162483668680014
  0.08217789865597414  0.09231789844152982  0.10265451682732395  0.11320569602778040
  0.12370361135483979  0.13427561326941015  0.14452504524540671  0.15578665646455725
  0.16681124770844225  0.17867145876561938  0.19009702059384431  0.20171503425523210
  0.21260421733064128  0.22280049781470126  0.23259064370780078  0.24253078003870007
  0.25284304485254017  0.26369035622478870  0.27448766230026278  0.28576128640839060
  0.29645902420462705  0.30684504431917775  0.31722852659721812  0.32810302841545785
  0.33865572659940013  0.34932554886825784  0.35981851495608674  0.37028933079840926
  0.38051541633543112  0.39087521968441324  0.40204183398316540  0.41241958943125545
  0.42221232572014711  0.43204122819956337  0.44308522787472637  0.45507422828384586
  0.46680148838602809  0.47811218702218344  0.48883038795841244  0.49971896718437625
  0.51041116713154988  0.52126895994191769  0.53227103725679525  0.54316080064564742
  0.55375610344269788  0.56439113013198272  0.57496923811601119  0.58540068776796794
  0.59550620004615218  0.60589805425905430  0.61680426425320700  0.62790997303664176
  0.63925498053780716  0.65025854549591044  0.66105065535006680  0.67180808789091384
  0.68236309334980638  0.69284482981835371  0.70343304591900602  0.71383630344992588
  0.72401880305143973  0.73496159547097206  0.74636510740576112  0.75685551118923600
  0.76666813299845404  0.77623234970963650  0.78559358398749546  0.79451922194696067
  0.80331252397504205  0.81241253150240511  0.82179870202915206  0.83137345015095676
  0.84177081546113097  0.85287092798056874  0.86433875383450798  0.87602659112721049
  0.88790511597508415  0.89854612366061404  0.90837894940017050  0.91798624001416851
  0.92801892214001969  0.93837401513186269  0.94922522539091070  0.95985384276444896
  0.97028096226239358  0.98050285619373501  0.99051532127316844  1.00000000000000000
  0.00406565232507052  0.23282884450494482  0.31434500030347096  0.34704111291791867
  0.36834011203206773  0.38645631088148324  0.40292034896955342  0.41786149378962145
  0.43208877826084235  0.44569564101286152  0.45868962556776488  0.47068677104032658
  0.48208706625198533  0.49327441686651680  0.50410970639843422  0.51436443315507407
  0.52436111580771194  0.53456631241795449  0.54495082528998839  0.55510517806759163
  0.56458429343604843  0.57369214750118980  0.58250396856291731  0.59139519211940139
  0.60042052409950286  0.60919412283814045  0.61780430502975048  0.62628694419447073
  0.63442341361138788  0.64242130786136509  0.65005290899554813  0.65761789189783881
  0.66516240316234243  0.67272556752692902  0.68026942215274355  0.68756448397181935
  0.69461402844163589  0.70150902409309090  0.70822881201981369  0.71467745766765822
  0.72088113937989939  0.72707822304058778  0.73315603641290972  0.73923734992524659
  0.74526248874921852  0.75128363346506355  0.75718194985092380  0.76307571949351771
  0.76904748737763551  0.77456583047604699  0.78030334534382229  0.78603904447486272
  0.79185446445758545  0.79745968419351698  0.80282231629090040  0.80812839583674334
  0.81345200396203288  0.81888893529374585  0.82408232516592850  0.82910333499255595
  0.83416755559102629  0.83933477937486589  0.84454534689869221  0.84967127477283533
  0.85465957621146349  0.85950101356174302  0.86414774034416486  0.86876004324932199
  0.87350577487974757  0.87836826313090721  0.88321286006422761  0.88784119407879758
  0.89224441685028166  0.89655232798436735  0.90094811329287616  0.90547096913183378
  0.90996686553519324  0.91428893448572846  0.91840012600898158  0.92264688825118002
  0.92706031410971823  0.93150429558629833  0.93572925751012614  0.93976065498939654
  0.94375228847552151  0.94769588725865450  0.95156445566695913  0.95542604715333690
  0.95927897317612354  0.96374788021765012  0.96828547805646381  0.97273760709357515
  0.97735016107988015  0.98282754733920619  0.98982302999153871  1.00000000000000000
 -0.02156049654985551  0.14217642194020672  0.19291503392984680  0.22762878076612894
  0.25723129079326978  0.28091275358526452  0.30103064309197564  0.31861156800751161
  0.33499019468859653  0.35057846668385295  0.36501418456490270  0.37851111006867161
  0.39111981897964937  0.40333654089270654  0.41518217742391278  0.42678819329886036
  0.43841192108722182  0.44934329916751287  0.45954834015110030  0.46896432976345181
  0.47817202533747150  0.48715888834142507  0.49615797184750987  0.50489181774422898
  0.51343095254581694  0.52100669701476998  0.52778048213006867  0.53424935636712745
  0.54074409560804182  0.54737162411720486  0.55399859945348184  0.56046626468789540
  0.56688949240135444  0.57330403018848020  0.57989825267898165  0.58636568347348328
  0.59257092989768889  0.59857966073419999  0.60457093374069981  0.61061403744287202
  0.61655531300962119  0.62228122816642339  0.62784580347261187  0.63332528215654249
  0.63868012896361914  0.64400684362855698  0.64935411318856218  0.65494959798091057
  0.66069970445623627  0.66644652178079389  0.67204660957429851  0.67744748022658030
  0.68272653075364220  0.68781888145698422  0.69295932612938327  0.69831430393392047
  0.70373533474759475  0.70908161462990071  0.71438627118847131  0.71945875295685158
  0.72419244550660178  0.72882281933625848  0.73347799612896036  0.73790806984757462
  0.74286077786109228  0.74777969081101170  0.75256508724010673  0.75731546068957600
  0.76211472564011529  0.76692456931223740  0.77186090194195300  0.77679118334688868
  0.78174749182425873  0.78671854325392965  0.79185918286485835  0.79711269019206132
  0.80232168782840296  0.80740493347709008  0.81244480855755519  0.81758240068084032
  0.82289894074737380  0.82849776505711514  0.83426064910057240  0.84019733256187701
  0.84610787112511965  0.85222302994516963  0.85879554807516556  0.86589617376295236
  0.87303052791904534  0.88078072315912392  0.88932159966828384  0.89928881912768888
  0.91131218653141954  0.92600871399153195  0.94750976559979094  1.00000000000000000
   2.9852151459320066E-014  -1.0000000000000000     
 F F F F F F F F F F F F F F F F F F F F F F F F F F F F F F F F
  <DiscreteSampler_grid>
  grouped_processes
  1 # 1 for a reference and 2 for a running grid.
  10 # Attribute 'min_bin_probing_points' of the grid.
  1 # Attribute 'grid_mode' of the grid. 1=='default',2=='initialization'
  0.0000000000000000 # Attribute 'small_contrib_threshold' of the grid.
  0.5000000000000000 # Attribute 'damping_power' of the grid.
 # binID   n_entries weight   weight_sqr   abs_weight
    10   10   1.457562249813648E-002   8.246844304086997E-004   1.457562249813648E-002
    11   10   1.457562249813649E-002   8.246844304086994E-004   1.457562249813649E-002
  </DiscreteSampler_grid>
