  0.00936516168536531  0.01672449057547318  0.02554618791677652  0.03652396719855759
  0.04702726540070030  0.05781551039441332  0.06864446030490007  0.07921917906495174
  0.08959697525439711  0.09939474028335643  0.10917505860149312  0.11873430637820170
  0.12886151227101672  0.13931627850827796  0.14986588713298693  0.16062849821251543
  0.17105044261589969  0.18150659766512930  0.19164527672668391  0.20138162524355407
  0.21153726720761587  0.22172058940385048  0.23212227335883101  0.24279281163498576
  0.25356959139301816  0.26454258061209018  0.27496126270927296  0.28528117416663851
  0.29536302023483652  0.30529636322312959  0.31504870439284716  0.32523732102843794
  0.33564154135671875  0.34654296567112441  0.35761863299462021  0.36855634667733883
  0.37923619805377817  0.38953590834505658  0.39980682665528527  0.41006560203061510
  0.42051696053435622  0.43123320638896756  0.44186058175170573  0.45226012764773721
  0.46261515342863541  0.47317041688285699  0.48375883162887529  0.49404543240837007
  0.50409656710358353  0.51419621406524973  0.52439712679703887  0.53461856684619657
  0.54477943662591888  0.55491252732853713  0.56514989264662330  0.57563863374955970
  0.58637972102197444  0.59711046832173054  0.60771878874527385  0.61820374134028588
  0.62855037298890204  0.63876202688249961  0.64906005610571960  0.65963129167606482
  0.67021973524812051  0.68085809062770664  0.69168570336729429  0.70251650304781643
  0.71313497411290816  0.72371542668138089  0.73443133262358951  0.74512696026194991
  0.75551933709816266  0.76560032740801953  0.77575158673339584  0.78612116126539311
  0.79672756080938401  0.80812707327471400  0.81935343411441774  0.83057495429670269
  0.84108476333320803  0.85138071685443972  0.86141756760587096  0.87105589022143204
  0.88099540401878484  0.89058756974930409  0.90046680390746936  0.91073574271749758
  0.92125452547955244  0.93133076028305406  0.94127978644616184  0.95139970185688216
  0.96152867978638157  0.97141251224123426  0.98096361659063058  1.00000000000000000
 -0.00220481125990418  0.00919383386477188  0.01909735526001985  0.02972567673785456
  0.04040970516138587  0.05139627716000771  0.06213680936111171  0.07321893064396967
  0.08416727637154249  0.09471068874687857  0.10510618528479991  0.11561302600531974
  0.12611533922888138  0.13641740310017661  0.14671338735085254  0.15700997012885518
  0.16733568190079351  0.17757086437365061  0.18777690957459933  0.19819937466065196
  0.20868103051391776  0.21921273028844682  0.22977047606730527  0.24038267045197834
  0.25106465216813867  0.26160649388926760  0.27210554652341939  0.28285226460576479
  0.29351340152079719  0.30396197456756696  0.31437135560132673  0.32505958279610353
  0.33557673750373856  0.34566048357157475  0.35563628238265726  0.36561416699774846
  0.37564998461366905  0.38568002472574830  0.39567751284572084  0.40557501851731825
  0.41541651055312256  0.42537605258380468  0.43542926999126980  0.44567873257980656
  0.45569662189439653  0.46586632636700825  0.47618704386187388  0.48716932419788045
  0.49863784661073957  0.51007580008308995  0.52159418905515098  0.53305108338715557
  0.54443792784957068  0.55571617008442753  0.56678637249746977  0.57775380585919989
  0.58857839932776401  0.59935889259288566  0.60993024207263324  0.62017541895641648
  0.63072155192857537  0.64143316023314922  0.65233503873522680  0.66297709578124708
  0.67348134039275898  0.68397527695008364  0.69479877487527331  0.70584378439152340
  0.71661781356943088  0.72720717624892073  0.73774080456374747  0.74822796027978500
  0.75839089358652523  0.76849180570659548  0.77882278815708095  0.78927700973640036
  0.79958178992334039  0.80968704268875402  0.81983568563232412  0.83012522726911298
  0.84062985711721649  0.85120578767577959  0.86177447287814535  0.87220681779831011
  0.88261605530961695  0.89319708877922066  0.90385053751072153  0.91443175970445323
  0.92501512852350465  0.93575284107800172  0.94636244631999622  0.95697305391225640
  0.96775718235375463  0.97878288001467384  0.98948066083653496  1.00000000000000000
 -0.00247635869265906  0.01007313465311126  0.02069781397253697  0.03148817188241929
  0.04221965680380906  0.05252418091633036  0.06285877292504784  0.07305935963092899
  0.08338980512363926  0.09389288410585409  0.10463621480220939  0.11545023236785015
  0.12589074859402508  0.13619277701208449  0.14634685149121529  0.15675479722561272
  0.16729141630547573  0.17777708968793957  0.18836159509525172  0.19909173786765785
  0.20991689984976947  0.22033667799770462  0.23057511226661745  0.24089460391880899
  0.25143399601752536  0.26222245011717571  0.27300929730969475  0.28349015209238404
  0.29364625909291148  0.30360590793768677  0.31349649091574255  0.32360007823634068
  0.33385683874418232  0.34427789645386803  0.35492148141297547  0.36596620969710103
  0.37720986631879594  0.38801830487979005  0.39860122835561662  0.40883070471114635
  0.41893246686903540  0.42889867578189528  0.43904222049947972  0.44942903676316753
  0.45974410460057663  0.47031993967552277  0.48099639387960536  0.49130965702311624
  0.50144502458734364  0.51147495488370942  0.52183841561788868  0.53201902071315343
  0.54225486326012606  0.55262840836835048  0.56323244371773495  0.57395952628664704
  0.58465753199148962  0.59540334883233759  0.60607275169788410  0.61684100948766485
  0.62816003107880602  0.63941653297070988  0.65011667083213631  0.66041222297085733
  0.67108273703504295  0.68234573760951622  0.69341759939858516  0.70446613910136002
  0.71520057778365564  0.72579787599219192  0.73623419454045358  0.74651978492283710
  0.75671762746547555  0.76707506014394033  0.77794585506207681  0.78914971481983132
  0.80013786456088498  0.81097812880666620  0.82142997708789345  0.83161586462416293
  0.84173263315573166  0.85226626759784374  0.86296997468726055  0.87376184754219133
  0.88496560129918522  0.89608042720441738  0.90676425032054964  0.91705682606357286
  0.92748518626108012  0.93795062060625245  0.94853941908386308  0.95885460195152694
  0.96940615444701439  0.97970292958464855  0.98997382979614001  1.00000000000000000
 -0.00362762313046711  0.02322607706047443  0.04250441050226561  0.05884402803583965
  0.07341149497108747  0.08724412061249720  0.10069568804882824  0.11430808957051576
  0.12753907219630564  0.14036405749519876  0.15280072550855411  0.16484218781562346
  0.17653700225629901  0.18771445218077154  0.19836124858855617  0.20883376768221554
  0.21932311819654299  0.22984842245808709  0.24011410586007081  0.25031792062002078
  0.26045478339833122  0.27038980655628225  0.28018569422637152  0.28985560336836214
  0.29966929844080187  0.30956919984656089  0.31932562144847509  0.32894071860517676
  0.33845257408706952  0.34789574295021325  0.35730271923459672  0.36674502828971156
  0.37608022574726824  0.38544791529777422  0.39466917561777676  0.40399874785251738
  0.41344952970534665  0.42262176346604019  0.43174137230009380  0.44061866529486476
  0.44928780254948480  0.45783409844630973  0.46626451795122537  0.47477178544287207
  0.48328626131193370  0.49168793252308185  0.49988818896158449  0.50804723256386231
  0.51629580425627530  0.52472800571456013  0.53331090131744352  0.54192896590974771
  0.55048405688438851  0.55902120392299504  0.56741275481265607  0.57547372043607992
  0.58353602708376306  0.59150019265602094  0.59966297919418055  0.60779554214060205
  0.61597949471936653  0.62413044986191657  0.63220306516607350  0.64024436604011215
  0.64853824968404217  0.65709353287493377  0.66567489610372010  0.67412236329819497
  0.68257391525849254  0.69128969255445938  0.70031946946359880  0.70939371836196574
  0.71811769739831866  0.72677155153210315  0.73563612353457752  0.74461899869239856
  0.75383078923057889  0.76287361181078839  0.77198016875294018  0.78132972934146561
  0.79085044945299876  0.80056124708311682  0.80991348831278820  0.81975281491599150
  0.83003809807144036  0.84126766493898164  0.85282134109407792  0.86470745300021201
  0.87694909637881457  0.88982911257349573  0.90282733933914794  0.91624255550737377
  0.93137238030902481  0.94859707064921206  0.97070364504066164  1.00000000000000000
 -0.00230706021428604  0.00912445124171371  0.01879005830324054  0.02899754753020512
  0.03892658961098911  0.04932886718046696  0.05976071391271638  0.07068312388209284
  0.08129366634192041  0.09176520056967168  0.10255173438948645  0.11364985654962320
  0.12471865666152636  0.13565965104062711  0.14609134830637080  0.15673631485380260
  0.16739227898116946  0.17831943365439470  0.18892005715847698  0.19929885654175827
  0.20969351691467811  0.22040998076251397  0.23119581065432462  0.24160725932747706
  0.25213863606497555  0.26248275925670250  0.27266010346440467  0.28242079067608306
  0.29225418398029446  0.30238012856632346  0.31266916426404723  0.32352932906471066
  0.33408954727653967  0.34469834125043258  0.35525072472852220  0.36602767050926982
  0.37693306311471747  0.38700323079603260  0.39752684964255064  0.40753108970655472
  0.41781882135027487  0.42831436502477915  0.43896326879988401  0.44927362469454563
  0.45929748563823147  0.46939891661690869  0.47998955453087044  0.49044858459162904
  0.50118294413967002  0.51176621059343630  0.52251536358726691  0.53312848330652773
  0.54365443723284745  0.55401619802512991  0.56464106922148860  0.57534965357042711
  0.58615587946150938  0.59657213654592134  0.60693169665870439  0.61757853605289548
  0.62810285100998497  0.63846827979206411  0.64884547343134846  0.65932050810242437
  0.66974053669561606  0.67989410439637332  0.69019600186723495  0.70093416353282889
  0.71156791834629773  0.72225376688744858  0.73308856407253220  0.74395432565408903
  0.75459817587163647  0.76484608804356025  0.77511686399643775  0.78550895418765376
  0.79609569943219438  0.80653024323857392  0.81699566058695050  0.82755604354068957
  0.83839930076481395  0.84936410354655001  0.86031052561801546  0.87128947911332122
  0.88249591748337575  0.89367311536283667  0.90428610403421339  0.91471533596358234
  0.92508069160428552  0.93547291020805734  0.94607715748780974  0.95672413122557687
  0.96757227308978355  0.97850671137397960  0.98933172534746239  1.00000000000000000
  0.02090644996995916  0.03253442908771177  0.04213843841750456  0.05240781548051421
  0.06272698995952712  0.07281791176313809  0.08271887314481705  0.09245799456449490
  0.10212280038678764  0.11150290498603270  0.12071731981217607  0.13007114834164502
  0.13940925666925633  0.14851055262203888  0.15740658823711051  0.16630876637775593
  0.17526952953515196  0.18429075608012430  0.19318487172357030  0.20185550103236050
  0.21038078594543097  0.21878453426618757  0.22720314519477436  0.23568364814058521
  0.24423482100139471  0.25285926532096248  0.26167360450761706  0.27069957597624322
  0.27966435572987147  0.28855766626517998  0.29734942730811931  0.30600101269849039
  0.31450451753194236  0.32296343122800442  0.33146367758331058  0.33999929863912431
  0.34850536849197744  0.35694623057586267  0.36541078613398631  0.37394394237493922
  0.38252392423923759  0.39108221789406594  0.39954906328992251  0.40785000155568474
  0.41635831905623999  0.42472091728452654  0.43308331490492569  0.44126982311719193
  0.44931339331600850  0.45729245312940453  0.46574885679163924  0.47459532612817285
  0.48352895098333032  0.49236706781150902  0.50105800625300856  0.50971179722082849
  0.51843663080263558  0.52720597491697296  0.53606897280167842  0.54512499730757291
  0.55428292361971865  0.56337816067698121  0.57276211502256413  0.58241693771931569
  0.59185780692716616  0.60164616996012199  0.61137926921360297  0.62132974626561122
  0.63098617217333186  0.64050064565742937  0.65033690037434522  0.66041857748263832
  0.67052551403631344  0.68071234641271872  0.69112398096380268  0.70182800367550657
  0.71244589924640700  0.72268501141355423  0.73316506584402164  0.74411337945558043
  0.75544883965814413  0.76682700639332479  0.77836600591631000  0.79019151612239169
  0.80220127957797494  0.81452707281678161  0.82723598178695645  0.84026271397111740
  0.85397830041394052  0.86880279513728742  0.88353543421780223  0.89904281510901274
  0.91643595372979758  0.93697999736074966  0.96301807540358486  1.00000000000000000
 -0.00827237143533141  0.04471970352477068  0.06526241075723936  0.07854195853517823
  0.08893676098049391  0.09782189341570179  0.10580238447207484  0.11301136495036149
  0.11983493322751730  0.12633050170602317  0.13242371571852909  0.13823432376265457
  0.14383209183359630  0.14915454563454428  0.15432272865520971  0.15944895277581114
  0.16454353862845836  0.16965669570884417  0.17467779777473930  0.17962766789053533
  0.18454854516088726  0.18948254729790559  0.19445781602770651  0.19947814475505679
  0.20452708615175072  0.20962454014808130  0.21468271158811689  0.21962836545895648
  0.22450714701378613  0.22931636602717287  0.23407339849030112  0.23884469916980786
  0.24370022896549146  0.24862364830484937  0.25356919249618576  0.25850766020407950
  0.26345950076873831  0.26841485102837592  0.27357135643531272  0.27883233412920710
  0.28415346143763898  0.28954833341043712  0.29500884839011021  0.30057212938442396
  0.30617738763154023  0.31169684922628060  0.31731421211749095  0.32294354754423321
  0.32861820732977831  0.33442479989396073  0.34026754925814839  0.34619426769173872
  0.35221272765734118  0.35837000261751195  0.36466097301869654  0.37104192315296952
  0.37753969853402536  0.38416388193815526  0.39084017698342216  0.39761612498290494
  0.40465433678953577  0.41187800017003395  0.41926270984497904  0.42685723208230508
  0.43438873503572611  0.44200638517803947  0.44975077596462260  0.45771383399878024
  0.46601554058533690  0.47444577668624760  0.48302526683857361  0.49177244309304952
  0.50079465692262959  0.51008445572714145  0.51957470990328780  0.52937899754811257
  0.53948688585252269  0.54991194152211376  0.56056112419693571  0.57154508778290558
  0.58296253907552120  0.59493068377358560  0.60742456393562605  0.62046660869288561
  0.63427145730983847  0.64887218456157048  0.66401605490958993  0.68010786813659097
  0.69743322808694230  0.71647233439798486  0.73734519231986329  0.76046419275071042
  0.78675532645924318  0.81831832135392135  0.86473869481721044  1.00000000000000000
   1.0547440547135508E-011  -1.0000000000000000     
 F F F F F F F F F F F F F F F F
  <DiscreteSampler_grid>
  grouped_processes
  1 # 1 for a reference and 2 for a running grid.
  10 # Attribute 'min_bin_probing_points' of the grid.
  1 # Attribute 'grid_mode' of the grid. 1=='default',2=='initialization'
  0.0000000000000000 # Attribute 'small_contrib_threshold' of the grid.
  0.5000000000000000 # Attribute 'damping_power' of the grid.
 # binID   n_entries weight   weight_sqr   abs_weight
    13   10   4.268045588103412E-001   3.710166723618404E-001   4.268045588103412E-001
    14   10   4.268045588103411E-001   3.710166723618403E-001   4.268045588103411E-001
    16   10   4.268045588103412E-001   3.710166723618404E-001   4.268045588103412E-001
    17   10   4.268045588103412E-001   3.710166723618403E-001   4.268045588103412E-001
  </DiscreteSampler_grid>
