 -0.00194770741313165  0.00976018078629012  0.01989387259741272  0.03025663306448740
  0.04080320536199316  0.05164653077751502  0.06242913785348603  0.07282017347771541
  0.08324859134090405  0.09359555626587227  0.10404159200504400  0.11442032073401602
  0.12488096563270137  0.13528594128127408  0.14564226280079071  0.15617824550915052
  0.16677292742444416  0.17739275794863313  0.18780496926806270  0.19843290269862901
  0.20906861983907826  0.21975667268341528  0.23062661309198132  0.24093014522613174
  0.25150103638485943  0.26201264099054339  0.27265713061353836  0.28293702036922119
  0.29349461739344007  0.30452462233205335  0.31565040394808547  0.32627400082174690
  0.33689651256746589  0.34763850296111598  0.35863093480932717  0.36959879258191203
  0.38026801059975374  0.39089879760379681  0.40176333144706061  0.41253209042894745
  0.42304523551040502  0.43315763100086568  0.44330696069270792  0.45334754879191036
  0.46338826266048566  0.47354932091283997  0.48379362147048971  0.49428725978874782
  0.50483033987890302  0.51553155625733671  0.52639303995314701  0.53724726992684047
  0.54783687145184212  0.55827725338651191  0.56851858060218730  0.57878722958989515
  0.58897710015023919  0.59927961580643274  0.60962730132579845  0.62008514410799365
  0.63069421687145366  0.64148125403215972  0.65235168359935769  0.66298519007448165
  0.67343499236656346  0.68366637269511932  0.69397827104636245  0.70456502684007916
  0.71500466713019661  0.72521694677132287  0.73528527271885680  0.74561949280126993
  0.75596279676003630  0.76637631659987315  0.77687592050574861  0.78769289873786108
  0.79857401142477236  0.80937729576518769  0.82017466026975516  0.83105637417120037
  0.84177045369807968  0.85233472537973853  0.86266445641443479  0.87306497095380364
  0.88361199125337142  0.89418484911707252  0.90493784086424012  0.91554363163688701
  0.92673060882640057  0.93794113272929991  0.94851882870097848  0.95890402531952534
  0.96902153292533466  0.97940320094837774  0.98960579654466707  1.00000000000000000
 -0.00254958862662138  0.01003756808852451  0.02046446882599362  0.03110533091931528
  0.04168567555593723  0.05251467850630265  0.06328073420434363  0.07441989378110345
  0.08531008285257308  0.09621126209048945  0.10687381239769661  0.11750541938806644
  0.12816690245764406  0.13900956455383437  0.14984702781824444  0.16071514218085983
  0.17150526792087548  0.18229241698040966  0.19295449152519523  0.20345594213331228
  0.21397477278528015  0.22432750895903025  0.23462883222498529  0.24476555437871064
  0.25517906648262439  0.26570387274324236  0.27636305020923352  0.28710175105077512
  0.29794292304247866  0.30884558048138994  0.31950366981735956  0.32995572605753343
  0.34030770345161787  0.35050967551288448  0.36090645460773252  0.37149123917795129
  0.38223864789916079  0.39292280784506828  0.40370446194783483  0.41464389363010634
  0.42561508550060823  0.43649493732400113  0.44714054948026183  0.45763587665986538
  0.46790348181050850  0.47814504359587906  0.48846829426221611  0.49887700425708098
  0.50934505525069884  0.51994560194852335  0.53056773145211567  0.54110625748966723
  0.55159365062926047  0.56231731140673435  0.57317165324611319  0.58385337022779626
  0.59440271624681018  0.60486572374433167  0.61532957861609006  0.62560364785325429
  0.63577149189795845  0.64602106088714406  0.65636853429996855  0.66682734072964878
  0.67719899877615264  0.68744381253022113  0.69761378990257783  0.70780244902928369
  0.71819021898098923  0.72853753899183704  0.73888657772707089  0.74920609911496150
  0.75990582215278368  0.77071367636355792  0.78162671111163762  0.79223076920370983
  0.80293132314068094  0.81330993264912754  0.82363855599958646  0.83388998186100938
  0.84416735312096880  0.85469417829385308  0.86511588684046037  0.87556512242811635
  0.88594222219109509  0.89659636682585286  0.90762338416409116  0.91872121744097623
  0.92957826722235493  0.94004252067000782  0.95003030283107825  0.95996550093204214
  0.96995313729542576  0.97997067084824807  0.98995690066106823  1.00000000000000000
 -0.00222778066303306  0.00998214149708050  0.02012491124848982  0.03104147609385207
  0.04173538450647631  0.05251834265262924  0.06318463032163166  0.07383900713379836
  0.08453281549087152  0.09489692917993091  0.10530951456008045  0.11561934726100742
  0.12599249635934762  0.13633163079459720  0.14644151096183758  0.15658399832911787
  0.16691324715086345  0.17767692978946048  0.18832259029457535  0.19889559487653630
  0.20944933240410785  0.21995779946111746  0.23076321961826796  0.24135224410603417
  0.25194218060067186  0.26188077415329852  0.27197371828678935  0.28253979427154863
  0.29327592726658774  0.30382761717001738  0.31432479083388132  0.32490007970133805
  0.33538649036556389  0.34533183747886842  0.35539944492702386  0.36568174895958672
  0.37618733372858332  0.38659031035307706  0.39698030818784297  0.40757247100180444
  0.41816055291214627  0.42870165522199599  0.43927185310852979  0.45000897837831749
  0.46077699193264976  0.47107996665373769  0.48144090951094815  0.49192632532074249
  0.50242728121334734  0.51304140491465910  0.52357932808204732  0.53399072248791013
  0.54428350492813682  0.55441920849415149  0.56471754086876291  0.57492939508657692
  0.58525417715152495  0.59538890830564684  0.60541370118407145  0.61544474653767045
  0.62567834611272866  0.63603223779767226  0.64638235102134811  0.65683355977448354
  0.66756528313437224  0.67841956092780820  0.68935889663907013  0.70017428703599793
  0.71090774555521774  0.72159495631668069  0.73230625224791990  0.74300256412112753
  0.75355664215328488  0.76410293427185894  0.77480491024724985  0.78589557892983053
  0.79699770107328127  0.80791512056892301  0.81848752671974656  0.82887890501341022
  0.83913901463944374  0.84936334839337868  0.85961792314301966  0.87000605389303598
  0.88056470234452355  0.89127960296682773  0.90206721764587738  0.91305380002557401
  0.92404852398264381  0.93508172208437823  0.94601532614024697  0.95685919983848922
  0.96771515937945751  0.97851955570984184  0.98927339369595912  1.00000000000000000
 -0.01757870888957137  0.10407370358775622  0.13813522388546556  0.15953123668173735
  0.17702056277893002  0.19216332486783061  0.20580947749274048  0.21830567138696380
  0.22993040141170612  0.24076885097837247  0.25103396245333714  0.26072268339718579
  0.27003409108137000  0.27894515175964962  0.28759645673789069  0.29594531211292302
  0.30399158116838199  0.31183823622578211  0.31941497271526959  0.32682191139531236
  0.33409560854815595  0.34111990375171941  0.34804959578233857  0.35485305016653107
  0.36153112476168459  0.36811954038343253  0.37460631755221369  0.38097487283894099
  0.38725720781716666  0.39347761355439054  0.39959664474467299  0.40560091874995408
  0.41158031322668448  0.41752083878693985  0.42339840608931217  0.42923028975780253
  0.43503081973083102  0.44076757033817721  0.44646869237840808  0.45216128590197718
  0.45784496023424309  0.46350868993026734  0.46915697440137727  0.47479448584124939
  0.48041266858453396  0.48600665916071745  0.49157788074423231  0.49712984496737556
  0.50268630514863855  0.50826438026590248  0.51385169068378067  0.51943869771123230
  0.52502373044786532  0.53060271676812898  0.53619874639175624  0.54183488895304521
  0.54752022540950274  0.55323706608666068  0.55895685639550685  0.56470685397343379
  0.57048462134521194  0.57630639590348709  0.58217984600313200  0.58815627760753952
  0.59419080936926971  0.60023753378681888  0.60636953606527066  0.61258740767981879
  0.61887628424936891  0.62524972743676754  0.63172124760802717  0.63827453879815776
  0.64490951923309103  0.65169381232715307  0.65864494907457316  0.66568922124806285
  0.67295990928722860  0.68039916389767785  0.68800629375023004  0.69586341126191820
  0.70388543346536170  0.71218163575936932  0.72079370547867239  0.72971364493150059
  0.73903354873784921  0.74874779953888870  0.75898161450788870  0.76981798146751346
  0.78141839698113313  0.79386942120972914  0.80743969479024236  0.82252478503393456
  0.83998017015359372  0.86118465837736280  0.89473112407612365  1.00000000000000000
   3.8176999491331633E-005  -1.0000000000000000     
 F F F F F F F F
  <DiscreteSampler_grid>
  grouped_processes
  1 # 1 for a reference and 2 for a running grid.
  10 # Attribute 'min_bin_probing_points' of the grid.
  1 # Attribute 'grid_mode' of the grid. 1=='default',2=='initialization'
  0.0000000000000000 # Attribute 'small_contrib_threshold' of the grid.
  0.5000000000000000 # Attribute 'damping_power' of the grid.
 # binID   n_entries weight   weight_sqr   abs_weight
    10   10   1.194934448570003E+010   2.006375608420942E+020   1.194934448570003E+010
    11   10   1.194934448570003E+010   2.006375608420942E+020   1.194934448570003E+010
  </DiscreteSampler_grid>
