  0.00278256180994312  0.01302223631165299  0.02427675340070073  0.03482740495027176
  0.04518927270111986  0.05478706622124305  0.06494183594971353  0.07514026758688688
  0.08545028445278766  0.09528345491693539  0.10498060797740365  0.11484150114922695
  0.12497221268348703  0.13496903905168256  0.14489178251576987  0.15500505700635162
  0.16562753358836005  0.17666025076605699  0.18750293868431381  0.19757462986058932
  0.20695679134105530  0.21621233502331924  0.22598656990806223  0.23624369580463295
  0.24710293099899969  0.25802711747872931  0.26873294257478819  0.27902292626796987
  0.28890124683843138  0.29902207541453674  0.30974900612690587  0.32054069474998970
  0.33156851868656578  0.34272188399896414  0.35388954232797043  0.36469375732332004
  0.37495903801362190  0.38511025273623850  0.39534633366455080  0.40515446494173929
  0.41479016845156802  0.42421316542208043  0.43405990515931220  0.44420342247996658
  0.45441699204580255  0.46477910928273081  0.47488498625843123  0.48484527045053083
  0.49526829922965482  0.50617050079363579  0.51804564596664815  0.52977057315646292
  0.54116803788967938  0.55190221465377176  0.56279675203678436  0.57394934669442566
  0.58557470820016888  0.59709505817619157  0.60849055847675637  0.61982535834565322
  0.63131561115396084  0.64305752819991147  0.65455741185724470  0.66566799573822033
  0.67658999011337007  0.68771773397284863  0.69878769042538225  0.70935181597955854
  0.71956831264470433  0.72982194972337888  0.74094075389375680  0.75222292999154783
  0.76317424812598922  0.77363866916173485  0.78449859301996727  0.79520844189215123
  0.80615002650185275  0.81699416876788289  0.82827092045479123  0.83899083090377813
  0.84914180371354930  0.85917392870981668  0.86887553615554092  0.87901371714286736
  0.88911474754285280  0.89968610082903422  0.90980311416454351  0.91948346474987008
  0.92946343312965929  0.93949565348924724  0.95031183955182252  0.96057679634144499
  0.97020335713982653  0.98003157826244758  0.98969953772707653  1.00000000000000000
  0.00900592395106004  0.01784153717031703  0.02853408617002857  0.04018508740153046
  0.05062468002226354  0.06173747148201109  0.07296422664685860  0.08486851877493880
  0.09667753346505821  0.10732058791041982  0.11710670490491266  0.12726127233272730
  0.13786191182562690  0.14854310586435518  0.15908862277898433  0.16984295956669210
  0.18060079127902140  0.19128763994676637  0.20219953648495864  0.21329291236128192
  0.22429996535708122  0.23452547897141326  0.24455217701986801  0.25472412221926954
  0.26541800419570594  0.27595804196109502  0.28660799095447226  0.29681664468138352
  0.30738686356114148  0.31837988970716719  0.32951256381576827  0.34007513937919776
  0.35040406115092215  0.36083023266991332  0.37142039187763798  0.38194222472725931
  0.39273276153117725  0.40376117742788215  0.41479924819759684  0.42563445220266377
  0.43637731696946919  0.44713448143366047  0.45792315227139335  0.46892829836336430
  0.47999493295920259  0.49104266232853527  0.50188403393095316  0.51261032489212566
  0.52337923400199959  0.53391658750562387  0.54416563400217099  0.55419481914946556
  0.56401487932726269  0.57383164199810777  0.58370083135422790  0.59386617929011809
  0.60420194499793245  0.61440601636154279  0.62454597056238614  0.63480885230780193
  0.64550811189836388  0.65612751785640788  0.66624360136037786  0.67594324769171532
  0.68587402609454051  0.69638246899918987  0.70701895782613933  0.71713256386020319
  0.72720646265980271  0.73760781797344532  0.74839271956113063  0.75888844402258637
  0.76891260425630215  0.77878607942467903  0.78885625755543165  0.79927236730495443
  0.80988989097529118  0.82070410409135974  0.83147081612471219  0.84176928896063241
  0.85153617827196559  0.86079372262391740  0.86999319577886158  0.87957178356272059
  0.88913410945721771  0.89864331328509173  0.90815796164241980  0.91811078865068163
  0.92874803870784317  0.93912368463976359  0.94925868747919351  0.95964656420351158
  0.97020536619251907  0.98098463011629866  0.99096548169199916  1.00000000000000000
  0.00000033009602818  0.00000206399451276  0.00000511211997035  0.00000908056802890
  0.00001319703313485  0.00001723802193861  0.00002146608985047  0.00002635026828135
  0.00003214712760616  0.00003881680899222  0.00004671836577922  0.00005600486665613
  0.00006648148148885  0.00007801441742415  0.00009016484037683  0.00010293457298476
  0.00011670013468246  0.00013129843596829  0.00014660132315946  0.00016252824347656
  0.00017946631398798  0.00019732131262266  0.00021601663741223  0.00023542145915970
  0.00025518710129116  0.00027562094258642  0.00029672209728398  0.00031833925197639
  0.00034015150474018  0.00036290840379752  0.00038722552471779  0.00041242055712330
  0.00043946706442011  0.00046676883049137  0.00049681603272517  0.00052648926852811
  0.00055824066988827  0.00059114011644065  0.00062447251610756  0.00065976292532756
  0.00069732557398425  0.00073924840490204  0.00078203625051851  0.00082259677257332
  0.00086406962040219  0.00090466291709078  0.00094588715176531  0.00098771420089780
  0.00102932069551316  0.00107265048761319  0.00111851396006490  0.00116293530250033
  0.00121093184100791  0.00125719091498748  0.00130324683694259  0.00135181366203991
  0.00140278221655155  0.00145490597484175  0.00150837630708291  0.00156471502218559
  0.00162604966740152  0.00169315595561794  0.00176536504877861  0.00184476500542907
  0.00192265772380027  0.00200681115919492  0.00209381478261749  0.00218624133273500
  0.00228359278623758  0.00238356853337086  0.00248281398944107  0.00258528579906001
  0.00270222557804913  0.00283697403256186  0.00298988521969912  0.00314791276836263
  0.00331178560150488  0.00347629955219868  0.00363818040499836  0.00378874974128618
  0.00394656192418938  0.00412722123929704  0.00433191694781680  0.00492792337502440
  0.00552392980223201  0.00580105492207438  0.00601005938216756  0.00621594557151818
  0.00641997890339459  0.00663076933502796  0.00684301821605524  0.00713523311374664
  0.00756140810020096  0.00950691609295736  0.03838177428972232  1.00000000000000000
 -0.00224719066171373  0.00988039799841195  0.02002267949390068  0.03079328185610326
  0.04107891472181460  0.05093338990590623  0.06102708165351791  0.07150280739049732
  0.08171614861678202  0.09159106638015269  0.10141825318018995  0.11123308484058152
  0.12068003190464735  0.13049335833455825  0.14132625854075836  0.15198122177372506
  0.16244298956362033  0.17273275288142023  0.18264475842983965  0.19225340204114572
  0.20148746874001544  0.21144140850031823  0.22189233727615776  0.23279531454505814
  0.24359453697914288  0.25379195874895355  0.26353834695723272  0.27343729051754889
  0.28410365521113617  0.29470929525506401  0.30507066173204889  0.31597561261805784
  0.32766006052573005  0.33991928179127323  0.35183574856237587  0.36331760497550741
  0.37448703029829217  0.38502728228030564  0.39573035130855166  0.40617897486487087
  0.41650995958696735  0.42698716907129886  0.43801020270966823  0.44940349038130262
  0.46062049467554383  0.47177518951565306  0.48286602288860236  0.49362635867047705
  0.50414930365383059  0.51465510355129973  0.52521928950496399  0.53597067162210288
  0.54691097767262020  0.55783934385332734  0.56847512747524453  0.57905873666807328
  0.58991317507140406  0.60114131148159022  0.61309552541227319  0.62490003900520941
  0.63649411921960508  0.64793752490854872  0.65943316848433320  0.67083567076981687
  0.68211187494444903  0.69372297413049167  0.70572891057572695  0.71759291231488354
  0.72894322363644948  0.73954556253572068  0.74997144291805151  0.76028590898554371
  0.77083412317592648  0.78130401709283193  0.79161312777168702  0.80176876815951692
  0.81122606549509257  0.82024266626466424  0.82895492086407629  0.83761382912537019
  0.84684430142439826  0.85641389957258562  0.86616581866387421  0.87564747915902319
  0.88496083956885885  0.89444871990922437  0.90447665906980901  0.91490936425892366
  0.92537583229299469  0.93608737938386666  0.94669387960491547  0.95735747502898361
  0.96798083418080350  0.97857975273517939  0.98941200504096571  1.00000000000000000
 -0.00215222406865699  0.01001837179589794  0.01951673230145056  0.02976567083514692
  0.03992259000315074  0.05073211859197837  0.06120754040343122  0.07209923573359688
  0.08319674059812804  0.09467375440415235  0.10592649698189507  0.11711804882260558
  0.12852274563689925  0.13988091358940963  0.15144111904738430  0.16301428814403560
  0.17438071872336325  0.18606558525778924  0.19812864723516121  0.21064003591310904
  0.22235006892669684  0.23391855539825920  0.24539294182721103  0.25605985353583816
  0.26616647549164724  0.27610628135154769  0.28569105070499146  0.29557585194070429
  0.30498284426802164  0.31506139911658093  0.32523258867234850  0.33624991397344600
  0.34758772698317192  0.35852118511335052  0.36845951962551254  0.37818240798897790
  0.38841314279521744  0.39920890555623789  0.41046545210339108  0.42159485745645370
  0.43289637728567593  0.44424529911218991  0.45553491670580415  0.46646041203109029
  0.47731340875900841  0.48850006230990750  0.49895507420405105  0.50898960820196859
  0.51884362405186168  0.52957909387039837  0.54050773933120955  0.55136735301447537
  0.56188280253321932  0.57294581200981087  0.58428814347962255  0.59551351206139014
  0.60634373493915650  0.61658710299283681  0.62670300608101537  0.63667258477026956
  0.64672738534186636  0.65713369175503145  0.66752122157480420  0.67763320091128543
  0.68769922921949533  0.69776155198550005  0.70789755237184404  0.71855098990299937
  0.72927666343356790  0.73985985751391325  0.75030775679617878  0.76102516798831166
  0.77219784476976416  0.78280597717002831  0.79304191140286484  0.80268595788386721
  0.81250113435253746  0.82237246199268021  0.83241061474088174  0.84280770393391014
  0.85353914038669421  0.86466648122246526  0.87536312438925623  0.88572391743233947
  0.89586105502255498  0.90629084815362260  0.91657318779782093  0.92617749679687478
  0.93568755400844172  0.94491960363445127  0.95427621119405526  0.96253713934610319
  0.97084475528597314  0.97938631397400311  0.98939944356927645  1.00000000000000000
 -0.00202725184924786  0.00982431265378136  0.01978077473938214  0.03021652789197195
  0.04018746698449976  0.05017761813589555  0.06018640483084438  0.07014044656374960
  0.08032759745190086  0.09066740732390970  0.10110543180697798  0.11170447185181361
  0.12203767019421949  0.13265101932150927  0.14352922220342004  0.15428121165422407
  0.16472191162481825  0.17516449850712149  0.18563030707967407  0.19631832890158030
  0.20699161191394180  0.21793966905875989  0.22939738882948879  0.24047872763533917
  0.25151983553740292  0.26250685772075133  0.27321701389252351  0.28364844277076551
  0.29377024382942374  0.30418942118112813  0.31442135054989001  0.32445529715509780
  0.33426914751323056  0.34411738948471998  0.35405904071731920  0.36343921866064671
  0.37298288130530044  0.38274774686074386  0.39314944486311859  0.40364592815271788
  0.41443936404543158  0.42559255612517904  0.43674133801008286  0.44765327297299584
  0.45825195654210099  0.46857260928969802  0.47887673310556650  0.48957761465351096
  0.49976169685151456  0.50951767897379296  0.51947284691544982  0.53018533912634591
  0.54074698767682106  0.55105681406518248  0.56138885838866404  0.57226662843042275
  0.58297992412739907  0.59336118550638539  0.60379007445440047  0.61396043567029779
  0.62390336167827110  0.63374517023475685  0.64342169605771149  0.65338781828528980
  0.66360939758946202  0.67459461883167782  0.68614448687816565  0.69799322501196803
  0.70946757862448617  0.72042243869700173  0.73093776410580502  0.74135693396142288
  0.75210035547979981  0.76331147170671854  0.77481474802780126  0.78627545162380796
  0.79765694078383209  0.80885212908284820  0.81992419561079188  0.83072101843078783
  0.84108512002958224  0.85114983047155957  0.86139504853364857  0.87174272904815819
  0.88233582295870483  0.89314208292337283  0.90402827529741747  0.91517724873814787
  0.92648674601393344  0.93781225156355352  0.94886646777083095  0.96003637591162638
  0.97115394893588558  0.98150534785325161  0.99107838586302388  1.00000000000000000
 -0.00263757243172958  0.01157904223682638  0.02229727643506679  0.03365847124804511
  0.04454602349232263  0.05562332402652195  0.06655119097528459  0.07762900893732867
  0.08873350142266699  0.09997308266302614  0.11092388981074064  0.12109742723872741
  0.13110155442127255  0.14117527812224767  0.15182836153138143  0.16213955155188498
  0.17262661403711005  0.18334871996248853  0.19401415571754069  0.20463679586301814
  0.21471197745293666  0.22485347406049255  0.23501842040977630  0.24513007360888081
  0.25566531372234635  0.26612517760375043  0.27721947097241989  0.28853202567732944
  0.29975421641775973  0.31100114047055699  0.32170622413114769  0.33209467191135744
  0.34206903405875699  0.35213867141996757  0.36209313692106510  0.37192906818051896
  0.38184643408759766  0.39134255120838674  0.40143185351155536  0.41171402413883174
  0.42228326289397233  0.43311870606800840  0.44473934858983877  0.45655591323253586
  0.46806255564423316  0.47881095364003495  0.48975312767447482  0.50034675449672839
  0.51071435737679194  0.52053561333422316  0.53048431666376772  0.54057741193405340
  0.55148406816752560  0.56228473451530325  0.57299992785970832  0.58354302607997621
  0.59401149569271339  0.60431970784385269  0.61440007486421477  0.62466430742789236
  0.63532908092101792  0.64624317877637460  0.65709307592641897  0.66738972354418258
  0.67765319304528437  0.68791197122515935  0.69841229806797267  0.70856465506856481
  0.71820225660294534  0.72800978689044882  0.73728879297865968  0.74667099756113153
  0.75572222118820409  0.76522423286986430  0.77487692194171087  0.78474490540853614
  0.79479913185918027  0.80519839946930361  0.81550329975233626  0.82653434532933612
  0.83809369150319357  0.84996902840558664  0.86052981130324824  0.87097505792811725
  0.88182583806587489  0.89350617347307015  0.90463331998044638  0.91517507635922823
  0.92558079295595863  0.93637256985763540  0.94693702977489513  0.95728848031699609
  0.96709613628703817  0.97758484397486123  0.98872258323803919  1.00000000000000000
 -0.00227315593211460  0.00948070107367903  0.02010287122875944  0.03074717993034614
  0.04144527898926909  0.05139725732460798  0.06053541148377196  0.06980137868147236
  0.07932811169164179  0.08930273793269215  0.09970700633852787  0.11074314361792417
  0.12238826513351903  0.13403837359575962  0.14573473125408667  0.15727740478082436
  0.16855252146716609  0.17921941383752210  0.18975939034226186  0.20041099988647909
  0.21105141896800880  0.22166913076068881  0.23209004445595025  0.24262733327392111
  0.25339186825565979  0.26399395421886690  0.27439379254813373  0.28477862121257969
  0.29494814463914609  0.30457317896290848  0.31400787970469057  0.32371716516061649
  0.33384509211010716  0.34392138434059810  0.35382836613883900  0.36396672825745841
  0.37472692980197525  0.38558068789489819  0.39558402993908565  0.40521519385266097
  0.41484129879856446  0.42475064057872436  0.43477488993494406  0.44474455420923242
  0.45474102138573153  0.46450295162634420  0.47375035575181446  0.48366070425073293
  0.49429682741605208  0.50511595662726783  0.51547552672577179  0.52565879628856804
  0.53622519697189308  0.54684942967557992  0.55717261380882088  0.56726463410042482
  0.57735615410004426  0.58768578524005399  0.59787051825913584  0.60761580416441030
  0.61756337340031553  0.62813752825654978  0.63898582799074288  0.64934370168737443
  0.65964865251051086  0.67042812787774753  0.68188981088367362  0.69297406959834429
  0.70365069769644351  0.71365465179136123  0.72304989734487479  0.73269985239684798
  0.74306913528303264  0.75360343103779925  0.76495311650197306  0.77605383168149056
  0.78738770543392256  0.79864336298996630  0.81014771327040458  0.82171131013441623
  0.83297584958387394  0.84485655639558266  0.85693152948960494  0.86925616321561550
  0.88043513372146165  0.89161689981755166  0.90250615469088347  0.91298232572976612
  0.92291895386318668  0.93274351782626197  0.94379151221376723  0.95554187293803827
  0.96663528037728774  0.97759446543198814  0.98870148341530528  1.00000000000000000
  0.20406571146138086  0.22122873916901228  0.24349171318840290  0.26837148810158301
  0.29467500561983773  0.32202941254093409  0.34755003788074429  0.36802483394165592
  0.38553888043937662  0.40170356012245140  0.41711718455729380  0.43091065736366496
  0.44399178558537289  0.45639198677091103  0.46828385895160868  0.47976572712982357
  0.49125532597360916  0.50269219102366602  0.51385864129510039  0.52477115322535262
  0.53519156563411652  0.54503648871768673  0.55427050554165169  0.56376166882698753
  0.57267439742793125  0.58160289860203696  0.59017871547085898  0.59848723500636003
  0.60660336904624068  0.61466293756138690  0.62268835005704926  0.63084915552162513
  0.63913601521501673  0.64724836425844789  0.65515122750587373  0.66299601281875786
  0.67061977803257833  0.67783652139991457  0.68494657110291757  0.69190701429328272
  0.69881124501658798  0.70567130112542742  0.71234709792851714  0.71865321031795371
  0.72501449057887923  0.73106670310088218  0.73707403806140215  0.74312047412338222
  0.74929088934484245  0.75535420437483691  0.76143648394732943  0.76745763093350794
  0.77340597357846630  0.77934179420147587  0.78515315694719534  0.79108850468303082
  0.79702293098889443  0.80278085912827757  0.80843132555941111  0.81397097408427421
  0.81952367955287386  0.82509795723746815  0.83056225763913694  0.83589728047955258
  0.84125272709874765  0.84648920805291394  0.85176230538343889  0.85697775727462899
  0.86208301948155042  0.86711559934813343  0.87208183692517360  0.87686686205323994
  0.88141448467417916  0.88603651873170375  0.89064689434044364  0.89518282516718006
  0.89977429241955731  0.90433885771135503  0.90904568703764177  0.91378706629127304
  0.91847440975766048  0.92313651729907609  0.92780972942109530  0.93254695981054214
  0.93731926274127564  0.94198035548030157  0.94649795882532795  0.95104882277208402
  0.95563371239673023  0.96048606476732479  0.96547861375685018  0.97066280310973252
  0.97616636944797730  0.98284092461140127  0.99069861128805325  1.00000000000000000
 -0.02037768507461665  0.14023864787330298  0.19001667626836413  0.22426380088635994
  0.25193899556581623  0.27419719877338100  0.29321263003961134  0.31049512691824188
  0.32643367835554959  0.34261857209820173  0.35829619555854708  0.37289255927735798
  0.38634987579065450  0.39906471102132240  0.41128471867833061  0.42281054035402582
  0.43365159196151565  0.44376687229181139  0.45337217839202304  0.46273159815815534
  0.47213898949333633  0.48100634207679527  0.49019860254233272  0.49934150030178109
  0.50919327898212319  0.51891669448021693  0.52795920940398977  0.53636812607932971
  0.54426250112375207  0.55126318306471889  0.55819495795916707  0.56505103553534430
  0.57198187909923304  0.57871002542853489  0.58513691902632403  0.59139948715609980
  0.59766796964620394  0.60409632629854104  0.61059947875773923  0.61688455387935270
  0.62255326507474484  0.62762240848655204  0.63248158212491412  0.63756174598229143
  0.64293498540626570  0.64817513110284775  0.65312448042229221  0.65796042497602247
  0.66287722620208178  0.66794807785409815  0.67319240521375945  0.67839379524315235
  0.68351943133266213  0.68842964675775142  0.69365897154932488  0.69875972969266709
  0.70394589920564610  0.70908339421335198  0.71401155920701376  0.71873417867318512
  0.72340807573889621  0.72804073555085014  0.73253125738187330  0.73696556278508207
  0.74138286315406987  0.74595618162942634  0.75067432981815840  0.75552275758723353
  0.76021940024920864  0.76493698174698632  0.76986982013277516  0.77506124816490185
  0.78045067772368903  0.78587819115134627  0.79107760692158313  0.79635886795429822
  0.80165393021602582  0.80670640746229627  0.81179862417829873  0.81696420034106376
  0.82228058767900591  0.82768983978491728  0.83318874218932826  0.83890700303060850
  0.84486059170287353  0.85102040760726971  0.85775459240704721  0.86492861164981905
  0.87242439859611753  0.88065563081990017  0.88954060596223961  0.89944534932892473
  0.91091130180655511  0.92541082456312207  0.94767676675061263  1.00000000000000000
   3.0788283282551227E-014  -1.0000000000000000     
 F F F F F F F F F F F F F F F F F F F F F F F F F F F F F F F F
  <DiscreteSampler_grid>
  grouped_processes
  1 # 1 for a reference and 2 for a running grid.
  10 # Attribute 'min_bin_probing_points' of the grid.
  1 # Attribute 'grid_mode' of the grid. 1=='default',2=='initialization'
  0.0000000000000000 # Attribute 'small_contrib_threshold' of the grid.
  0.5000000000000000 # Attribute 'damping_power' of the grid.
 # binID   n_entries weight   weight_sqr   abs_weight
    10   10   2.112403466038905E-002   1.174439049734744E-003   2.112403466038905E-002
    11   10   2.112403466038905E-002   1.174439049734745E-003   2.112403466038905E-002
  </DiscreteSampler_grid>
