  0.00957535060358167  0.01586195737890278  0.02521531134201651  0.03618211383918678
  0.04665955272719106  0.05701528170053359  0.06748334016475234  0.07800455678514841
  0.08816173345094155  0.09807343770191632  0.10823764642678868  0.11914225658522175
  0.13003143213326948  0.14066589140977553  0.15127438157625761  0.16148698036543829
  0.17161018019067939  0.18160262005816899  0.19200439716429252  0.20225863222841417
  0.21244714652265376  0.22223560361631980  0.23197170446656296  0.24187491017472482
  0.25192399621775585  0.26208699033728494  0.27209089784401380  0.28259397370454603
  0.29310222098963351  0.30370496132082098  0.31419220767618505  0.32489504764495009
  0.33563693502049713  0.34655887901140309  0.35732637640203352  0.36805692776637622
  0.37880239296686358  0.38980036332956275  0.40058023431400691  0.41111339594802354
  0.42150740278593002  0.43180733798476723  0.44185247434875269  0.45180421838485874
  0.46186792235961244  0.47212290052984568  0.48271690974795084  0.49319009043945428
  0.50361059674089592  0.51406743051346038  0.52470277101322349  0.53544748520785679
  0.54623047214604104  0.55707223384987903  0.56793061495973052  0.57886397160059921
  0.58964463438937764  0.60013386287493464  0.61051882385169942  0.62077784810690007
  0.63118311951445394  0.64149232411995594  0.65162274621239424  0.66194946111489017
  0.67245963636465000  0.68309643126183361  0.69355184510425416  0.70394345044808537
  0.71437731293880335  0.72474828703622263  0.73483754242161226  0.74482663784429537
  0.75477711045555074  0.76483666706592368  0.77467094051298691  0.78451268573455457
  0.79450162584661743  0.80465187903600177  0.81483023144355249  0.82502133311815951
  0.83532327882272361  0.84565981112161703  0.85596736361013759  0.86618092350803289
  0.87631075382886370  0.88613953499237486  0.89602753992354778  0.90619822244575077
  0.91664260103331663  0.92744715993044391  0.93819764139816619  0.94901950559642634
  0.95978281503649698  0.97031078188804687  0.98082930530277501  1.00000000000000000
  0.00000239367819095  0.00000260629878081  0.00000276618640766  0.00000292700993298
  0.00000307836452986  0.00000322853596369  0.00000338139486868  0.00000354015535455
  0.00000370565231683  0.00000388130990339  0.00000406091390287  0.00000424181837200
  0.00000443375628650  0.00000463552297911  0.00000484011464359  0.00000504768384998
  0.00000527703189295  0.00000550889526644  0.00000574470817655  0.00000598987673196
  0.00000624514070895  0.00000650276066789  0.00000677135522195  0.00000705829245520
  0.00000735584885722  0.00000766190106705  0.00000798021112018  0.00000832762935221
  0.00000867552878065  0.00000902412617425  0.00000940140127842  0.00000980943415867
  0.00001022644285768  0.00001066794969415  0.00001113886541299  0.00001162573030491
  0.00001212614179759  0.00001265397256233  0.00001321366893789  0.00001379110384262
  0.00001438460768364  0.00001502887028381  0.00001569717263570  0.00001637913975562
  0.00001708861767784  0.00001785899980879  0.00001863407238312  0.00001945154025583
  0.00002033030191899  0.00002124996081967  0.00002219172624429  0.00002320123830978
  0.00002433953018401  0.00002548374381611  0.00002672415712773  0.00002803328074555
  0.00002941087179633  0.00003080927855359  0.00003241503906233  0.00003404542572975
  0.00003582793362122  0.00003777091396949  0.00003985028644012  0.00004209772625926
  0.00004454846570231  0.00004717923980391  0.00004999848888784  0.00005307575478471
  0.00005638031504568  0.00006003086845494  0.00006398357970373  0.00006832078812259
  0.00007322331556643  0.00007842001547494  0.00008437191650279  0.00009082691000123
  0.00009825453033437  0.00010656197485063  0.00011593024950030  0.00012678206301243
  0.00013937562006442  0.00015426637843478  0.00017150994622835  0.00019257800619294
  0.00021822971238438  0.00024929404343266  0.00028818968564406  0.00033806899369317
  0.00040716507551257  0.00049772311530843  0.00061805904296979  0.00080085004253825
  0.00108970013522851  0.00159433302662635  0.07270874297607173  1.00000000000000000
 -0.00246569818923034  0.00945502884732444  0.01944567498308073  0.02964545905784770
  0.04028588994408896  0.05094386009002359  0.06124798694324372  0.07174562769406080
  0.08212299733517592  0.09263954235245264  0.10276855262674320  0.11314458641054198
  0.12336161567735793  0.13369680447386348  0.14400657358054558  0.15460650662153519
  0.16529884933483679  0.17583306901904069  0.18634762979214090  0.19677135451783434
  0.20708342342683425  0.21735251784734391  0.22761405081461095  0.23816981794264119
  0.24891911300136643  0.25977308030755264  0.27068113226611068  0.28139500578752275
  0.29201041952773155  0.30236713761624362  0.31267061233276916  0.32297028500664460
  0.33343869466050657  0.34422331582097582  0.35510179899007782  0.36611431815372891
  0.37708556497555490  0.38830509981540984  0.39944535704462331  0.41034845266220193
  0.42092158775003347  0.43148906071070847  0.44197609221126688  0.45236115596198490
  0.46266291884020877  0.47293778924340019  0.48316962872351321  0.49351346295891235
  0.50405426256932695  0.51480079986529315  0.52547339893440814  0.53603752838888397
  0.54668360206529676  0.55705239910173898  0.56737730646761042  0.57744922119460584
  0.58779955645891879  0.59804468595557214  0.60849668242981259  0.61923565230126298
  0.62996912593007626  0.64074938550308080  0.65164229894940262  0.66276081037217038
  0.67412889499866169  0.68526244122731483  0.69629751937736994  0.70712001676351033
  0.71782117061988771  0.72845285815960936  0.73882227050802474  0.74926347888340183
  0.75977914315010608  0.77049176651103535  0.78097146663214390  0.79152420171376214
  0.80185113854999945  0.81238872650909533  0.82265110813877718  0.83275857075313919
  0.84300331747899249  0.85344811246949415  0.86433954320734230  0.87491843101998035
  0.88542016833942783  0.89600255983126365  0.90664053003272493  0.91722613584265889
  0.92753573849347037  0.93796216781048258  0.94853289295738719  0.95893921377881264
  0.96915244920475807  0.97942764618231748  0.98968207937768671  1.00000000000000000
 -0.00232201710683433  0.00951071977039145  0.01940347263816605  0.03029824676821531
  0.04129111281642541  0.05251995727739972  0.06349202867727498  0.07400511779509646
  0.08434712522318059  0.09453829358161742  0.10489547867486065  0.11546060584570578
  0.12603855807038858  0.13699192674494354  0.14787935721595807  0.15857233656999004
  0.16909518151627365  0.17939549663474724  0.18980702809292629  0.20022074368660825
  0.21076413143669484  0.22123961804151879  0.23169648444599916  0.24217678421352168
  0.25266826899973138  0.26283671304227191  0.27310066893342955  0.28328229099338004
  0.29354667228282938  0.30383310359198018  0.31407655254954508  0.32443509119565128
  0.33474098329745516  0.34516635997580214  0.35563166307708638  0.36618069491143679
  0.37661308556211098  0.38740489866950734  0.39810609342967274  0.40917598585276743
  0.42045396783111161  0.43146215693663320  0.44239564417297889  0.45296251480216132
  0.46371463896058318  0.47443548013403064  0.48512234075666422  0.49591492561783207
  0.50681714580191428  0.51776601000213207  0.52860592859895439  0.53928859303860055
  0.55022135817674345  0.56117033437487429  0.57158312208753304  0.58153581058733561
  0.59150782870061913  0.60154174713045117  0.61193680252844895  0.62243645600204456
  0.63313757223329525  0.64360734055202640  0.65373807395170935  0.66373899637517286
  0.67386840068056875  0.68414216134356987  0.69462232774558907  0.70513672582907971
  0.71575545750395830  0.72651521341540626  0.73755094158557111  0.74879872239792389
  0.75955930378719760  0.77052653109609692  0.78149824739063545  0.79254694126440905
  0.80312696643964587  0.81366342683970738  0.82443022961431600  0.83493532876084975
  0.84554895698494215  0.85614069788808789  0.86678456736147191  0.87715844712130486
  0.88725271514163717  0.89721650767819960  0.90727270376204727  0.91741985954123240
  0.92804024697739307  0.93877159329387150  0.94920514925220778  0.95962959003815418
  0.96979073770379642  0.97990180301595353  0.98987376151795203  1.00000000000000000
 -0.00212637260186039  0.00994409831557282  0.02047566032993048  0.03113524917085082
  0.04188404652224523  0.05262945868668972  0.06325104654536948  0.07372413671938874
  0.08425867193335000  0.09468160204046676  0.10517339647542083  0.11575232902979132
  0.12643104267421507  0.13707391230426691  0.14759550162204646  0.15800515654627595
  0.16820879401729069  0.17812259183717000  0.18823756358270169  0.19846565343000908
  0.20895211466567812  0.21950137198089251  0.23013148167194064  0.24064883175566401
  0.25145439963180399  0.26211512881017862  0.27246898834687339  0.28269102226135800
  0.29312012316132902  0.30407031070072316  0.31481909640249633  0.32536633128624282
  0.33596656188579399  0.34627090813097094  0.35645253025577711  0.36637035906504700
  0.37617285694929764  0.38593850118892836  0.39564367598042821  0.40567654491438293
  0.41582436424790509  0.42637290703882957  0.43695666852100568  0.44783763337971033
  0.45876739487774332  0.46986801499823982  0.48070049609905352  0.49129725724964313
  0.50177743341557346  0.51214908554170235  0.52255739605582308  0.53303911654546587
  0.54374610939032308  0.55441436513274611  0.56471937126338689  0.57466399289281755
  0.58464952101074297  0.59504586443304486  0.60576386777694102  0.61639243947359679
  0.62684399123945578  0.63749308522464476  0.64831270597951474  0.65887108788749704
  0.66929976319964113  0.67975439651041825  0.69004885329338250  0.70034809446385049
  0.71056396328120386  0.72093430949755943  0.73147042518933481  0.74220736085757011
  0.75291477435553467  0.76369564294452574  0.77445425200616735  0.78541229143157965
  0.79609613522810008  0.80670638104581904  0.81735932607319028  0.82787366141262808
  0.83833550924935218  0.84879144854901611  0.85946276019797363  0.87022894548206309
  0.88132908395806853  0.89250265012778363  0.90354265062191241  0.91430974544026522
  0.92522433374532553  0.93601967166267697  0.94695336996406865  0.95764320073522102
  0.96809834882388623  0.97866164859884008  0.98931156479531757  1.00000000000000000
  0.03339418824555302  0.03837201101437145  0.04342058796471771  0.05048198161656058
  0.05820912553251695  0.06586949121560497  0.07352471096512764  0.08108399651756336
  0.08837733156076648  0.09579121686770134  0.10329710403639257  0.11059223992321700
  0.11780090424357803  0.12501667219218129  0.13231667805153963  0.13963803911920064
  0.14704970563040237  0.15459445515147849  0.16226206440388680  0.17008476695390293
  0.17801387861868503  0.18587292644404749  0.19378725651563336  0.20185091339589900
  0.20996911026528017  0.21843774148592460  0.22713868334399895  0.23619650675854398
  0.24528168210355922  0.25441740575010430  0.26343404176375584  0.27228053406628588
  0.28081020228229153  0.28927909249731493  0.29796029043019523  0.30680303032421480
  0.31569725872197535  0.32453879635783123  0.33350523649615782  0.34264335839554177
  0.35182186287857869  0.36097574728947901  0.37008570299362065  0.37930165986776809
  0.38856809332883907  0.39780236053074725  0.40738942083559099  0.41725152637016966
  0.42750126075562472  0.43784374143660953  0.44790433409558406  0.45784149852276224
  0.46759902620050142  0.47734980007226108  0.48718926494319120  0.49699941159744643
  0.50674107268924540  0.51661307475742868  0.52664132081486359  0.53685106595726295
  0.54713468040014379  0.55751313950825565  0.56804511293623028  0.57879475330102326
  0.58938512278704092  0.59983539614556469  0.60999652113018377  0.62004015803475465
  0.63030583385096806  0.64077407497303174  0.65130210331838334  0.66163676624565460
  0.67193647965089953  0.68222630045759647  0.69283415445795982  0.70366246667080867
  0.71480683352779883  0.72596340794523939  0.73711692953423913  0.74857865563974324
  0.76020497760504058  0.77192267356347499  0.78383682562036971  0.79601244570133112
  0.80839822134155148  0.82103296089057098  0.83373003322807426  0.84675728823771523
  0.86008795636273838  0.87399700680357195  0.88853900956833198  0.90407426445889838
  0.92121240659402481  0.94063674443941336  0.96506674705528972  1.00000000000000000
 -0.01378726792894774  0.08056301498483273  0.11565141510978885  0.13769131105971311
  0.15533497272444907  0.17058094814955610  0.18425008291836881  0.19682224693146977
  0.20859471967507798  0.21955461120632580  0.22991429664297247  0.23956765319401990
  0.24874566264800393  0.25725506834721423  0.26535365463288640  0.27329711047835875
  0.28104800587341233  0.28867194222747405  0.29604752342610791  0.30322539321492153
  0.31027643147230155  0.31713650563074419  0.32390134447161367  0.33063115768092177
  0.33722978244319224  0.34366073590790980  0.34995394917362072  0.35616530957729492
  0.36231841367527690  0.36849402479936760  0.37472146813094076  0.38074795323748467
  0.38671509255399550  0.39264118700696737  0.39858877105398460  0.40462002402578545
  0.41057511993834700  0.41652475695638952  0.42249561011368303  0.42844249787186373
  0.43430627249935261  0.44006122082097354  0.44573047557876022  0.45134692383722425
  0.45699210007512081  0.46270093222805991  0.46842760244016785  0.47417265639173323
  0.47991581268240130  0.48562371984920938  0.49132591458619562  0.49702039528785213
  0.50275768125087650  0.50856920812701956  0.51443777087718168  0.52034845131759544
  0.52626130302877128  0.53218873141526746  0.53813430754706759  0.54403644184236100
  0.54997347580827005  0.55583179695208718  0.56179671195442449  0.56787078614593967
  0.57405897406641870  0.58034169626482057  0.58673812688215954  0.59327199032871181
  0.59992213637442915  0.60664004172847064  0.61335599408246988  0.62005087492451372
  0.62684270405101772  0.63392624379493046  0.64127618110493689  0.64890218890919538
  0.65668962854475776  0.66457147044761211  0.67272561163351718  0.68104424003340613
  0.68963722403095618  0.69828788858378132  0.70728782704322180  0.71669040440542719
  0.72654163702158159  0.73700822473126348  0.74812013529332999  0.75978698716822168
  0.77218516967120399  0.78554330591081600  0.80022209137137490  0.81687984208925046
  0.83615744697119743  0.85965444946323544  0.89635380540985476  1.00000000000000000
   1.1801714644058082E-007  -1.0000000000000000     
 F F F F F F F F F F F F F F F F
  <DiscreteSampler_grid>
  grouped_processes
  1 # 1 for a reference and 2 for a running grid.
  10 # Attribute 'min_bin_probing_points' of the grid.
  1 # Attribute 'grid_mode' of the grid. 1=='default',2=='initialization'
  0.0000000000000000 # Attribute 'small_contrib_threshold' of the grid.
  0.5000000000000000 # Attribute 'damping_power' of the grid.
 # binID   n_entries weight   weight_sqr   abs_weight
    13   10   4.834478446239739E+005   9.462456874850270E+011   4.834478446239739E+005
    14   10   4.834478446239728E+005   9.462456874850222E+011   4.834478446239728E+005
    16   10   4.834478446239741E+005   9.462456874850273E+011   4.834478446239741E+005
    17   10   4.834478446239728E+005   9.462456874850227E+011   4.834478446239728E+005
  </DiscreteSampler_grid>
