 -0.00246765157360606  0.00957010990815931  0.01970706380341599  0.02992826685069890
  0.04009440410495251  0.05027833910734883  0.06057080258704590  0.07108449484603858
  0.08158155674410188  0.09214211623604239  0.10270097396338349  0.11324055270040832
  0.12377600445326789  0.13430085123448737  0.14474443792936659  0.15529325255013085
  0.16581109432811328  0.17638840430871652  0.18688670528126317  0.19744297835613686
  0.20800656646892204  0.21861251910061419  0.22912097757164762  0.23955537866549562
  0.25007928691166492  0.26070170225024691  0.27140202802798785  0.28194700407091633
  0.29255777490617957  0.30314398913874802  0.31373654079659685  0.32426189464731514
  0.33475119194670011  0.34535165529537748  0.35589164268147638  0.36663073164686005
  0.37729955589566128  0.38801905244990370  0.39887027236793388  0.40975440720577327
  0.42062882754058384  0.43134455337816197  0.44200692500739158  0.45260384440519119
  0.46330397889395497  0.47390095851341840  0.48436204702846364  0.49479576228624683
  0.50533899481942623  0.51597062520769654  0.52650210674476050  0.53693760922301015
  0.54743642643685186  0.55785429780652840  0.56820616036708849  0.57852768879120131
  0.58888512707009055  0.59945393563340832  0.60996621418282126  0.62052499992239851
  0.63100591968822672  0.64146245250336542  0.65203256433595969  0.66269425747799759
  0.67342274226572096  0.68409308036184902  0.69460459599723512  0.70510061905530319
  0.71562092778698139  0.72624638245821849  0.73669119917349613  0.74710613806944737
  0.75740739262987034  0.76774015384073535  0.77800684519545527  0.78828883472551681
  0.79872117374141138  0.80924829267215281  0.81982888514310825  0.83039037395748239
  0.84090212963041155  0.85138744269327793  0.86188486640834050  0.87235035893071788
  0.88300787328845665  0.89370118154347067  0.90446597220891800  0.91511590631214212
  0.92571383796979867  0.93617005305977619  0.94673191003249446  0.95737855282997331
  0.96811756889877754  0.97883183278698493  0.98943354130174588  1.00000000000000000
 -0.00259052664298479  0.00959528320106524  0.01991205922231282  0.03047916761613615
  0.04099549718936562  0.05144505259833104  0.06196123261809217  0.07227955748599986
  0.08265123337706216  0.09302500807585798  0.10341282224038822  0.11380995741905536
  0.12414874846505300  0.13462969523106905  0.14502519930773913  0.15545233431384994
  0.16579873655447369  0.17628191533912493  0.18676730042109507  0.19737726509679349
  0.20802208852373702  0.21864706539743461  0.22929778041435370  0.23977648181952688
  0.25025033040886141  0.26075110145572633  0.27127778056891205  0.28165976842726437
  0.29202009026355702  0.30239447844326761  0.31276002928154095  0.32316646392827170
  0.33353518551298572  0.34422260407432637  0.35484649069177282  0.36567469106173134
  0.37665139467028941  0.38778643854588823  0.39877935888803639  0.40965188015998000
  0.42050072684517736  0.43146961321984745  0.44224758179314688  0.45292930165208295
  0.46343875056952111  0.47382867879643381  0.48416571743699116  0.49449016651338829
  0.50487796266545715  0.51516765457899782  0.52556707108135925  0.53616696302190914
  0.54692285879735869  0.55760377388506355  0.56815633202307858  0.57859371728089448
  0.58910892061499831  0.59961306215181753  0.61009514323439529  0.62060600305793900
  0.63123981925868466  0.64202235626892779  0.65258461841959425  0.66318614642278062
  0.67374754368704448  0.68443570457461345  0.69498664334047400  0.70560117242390830
  0.71611057577629478  0.72663242478260159  0.73712809762496234  0.74759921973847021
  0.75816311634512956  0.76871896695782471  0.77933640995686593  0.78992739123222766
  0.80057745738482555  0.81116909938802140  0.82160035299444611  0.83207579063226977
  0.84287911273438376  0.85383693741139710  0.86449823923923197  0.87517134093613358
  0.88573131356553025  0.89649957502909883  0.90696073633107321  0.91748317090535869
  0.92788009547651140  0.93821045115699153  0.94841842684122357  0.95866398051467294
  0.96917111179133952  0.97957543040138129  0.98980128839418557  1.00000000000000000
 -0.00248360194602607  0.00922856268706986  0.01924362213484456  0.02958026385047387
  0.03990619548554894  0.05040835124368743  0.06094791725261841  0.07124150437777375
  0.08147501999624905  0.09197340892581715  0.10253983816135455  0.11289821129162601
  0.12323451471260219  0.13369684057872927  0.14434277877210638  0.15516899285026925
  0.16602843388940169  0.17677678651002790  0.18728341514911706  0.19778024532823502
  0.20831898187331929  0.21882305228000040  0.22932586504750210  0.23976664930807551
  0.25013370299291710  0.26061480229036027  0.27111760236199045  0.28186038375941375
  0.29255653128755416  0.30320735888970290  0.31372450156572756  0.32434514357087968
  0.33507221416427546  0.34572123764997964  0.35640434494172385  0.36705046359388793
  0.37772800708384541  0.38815360151058725  0.39864524041818666  0.40944440468480464
  0.42014732145056405  0.43095337868027339  0.44154366449289495  0.45218127469870223
  0.46255317643248189  0.47276442425723725  0.48297141396798721  0.49334352242087864
  0.50380440869391141  0.51450101060005304  0.52504295620327246  0.53557492556749209
  0.54602320719687503  0.55660184588537431  0.56710381866820014  0.57751034287911884
  0.58799715855679391  0.59858509458500619  0.60910359118433477  0.61952292901963646
  0.63011178220175967  0.64094045925233889  0.65174854676186211  0.66239669116923017
  0.67292616425625007  0.68336107667211443  0.69377130536562115  0.70443446212394822
  0.71521102139844062  0.72609475753742003  0.73676101802869387  0.74730154165355767
  0.75775750663922981  0.76821777548628478  0.77877717138509905  0.78923990875710326
  0.79962759923174997  0.80999834810177518  0.82040180273681873  0.83091814674759890
  0.84156912519848304  0.85226018553457428  0.86285124971057992  0.87329212038131920
  0.88400456512907022  0.89476063024736119  0.90540793225966287  0.91596725348248498
  0.92665331683977703  0.93733712403176317  0.94771578624231978  0.95821623393510147
  0.96884737021529155  0.97947436672727473  0.98978134001006790  1.00000000000000000
 -0.01795179044186878  0.09874988109243847  0.13299267854524602  0.15490184828973544
  0.17284952862594472  0.18839856981495104  0.20234818686733830  0.21509008937797328
  0.22691254144986858  0.23797320636463912  0.24842620126448273  0.25832392999537107
  0.26777757518526840  0.27679066546664322  0.28545144442767473  0.29383078117325084
  0.30188240475261668  0.30975196754265039  0.31738729302966823  0.32481938827021223
  0.33213478438043464  0.33924121787599082  0.34622861047273334  0.35310521591045785
  0.35983790151724199  0.36646217501529182  0.37298788573630592  0.37940080108086316
  0.38573045707955039  0.39201090160457019  0.39822668924596333  0.40434952304152072
  0.41043591115317757  0.41648244802777423  0.42242801766442684  0.42834092653357919
  0.43422665414159617  0.44008030800579645  0.44588261427177239  0.45165734143295871
  0.45739577330468223  0.46309486100711755  0.46877513175631919  0.47445067108914868
  0.48011875373858903  0.48577704368243907  0.49142235375412952  0.49706227034322603
  0.50271324701854114  0.50836272800789672  0.51401759523880430  0.51967251912354007
  0.52533623495423010  0.53101795520819894  0.53670640670698488  0.54240966547475011
  0.54814240423933946  0.55389935486842301  0.55968918385991906  0.56552096050201606
  0.57138400180533266  0.57726802859409110  0.58319118440019679  0.58919703789273470
  0.59526003189195165  0.60135844010002071  0.60756695956898532  0.61385369833796233
  0.62019560678264529  0.62662452501863586  0.63316435616073063  0.63979702905875280
  0.64652783092824295  0.65339987549347389  0.66038513482423622  0.66748614884252511
  0.67484155215412123  0.68231129579479022  0.68997321629833186  0.69787106180744707
  0.70593433197295941  0.71435922694893927  0.72307651967126063  0.73213735554848203
  0.74159758925495256  0.75149779291315300  0.76196149809225433  0.77304132054523611
  0.78487549453540084  0.79760340402984953  0.81153506751445748  0.82705552528771720
  0.84494370898228399  0.86649482895440855  0.90068805590515422  1.00000000000000000
   1.8784484922370520E-005  -1.0000000000000000     
 F F F F F F F F
  <DiscreteSampler_grid>
  grouped_processes
  1 # 1 for a reference and 2 for a running grid.
  10 # Attribute 'min_bin_probing_points' of the grid.
  1 # Attribute 'grid_mode' of the grid. 1=='default',2=='initialization'
  0.0000000000000000 # Attribute 'small_contrib_threshold' of the grid.
  0.5000000000000000 # Attribute 'damping_power' of the grid.
 # binID   n_entries weight   weight_sqr   abs_weight
    10   10   1.543947785921953E+010   3.783428066299112E+020   1.543947785921953E+010
    11   10   1.543947785921953E+010   3.783428066299112E+020   1.543947785921953E+010
  </DiscreteSampler_grid>
