 -0.00241357345169219  0.00926647857167107  0.01936956714722572  0.02968849767360090
  0.04020499868400829  0.05063584617237682  0.06109369905470047  0.07157416956069115
  0.08206919747116309  0.09275262660397049  0.10336852117552779  0.11409582247463690
  0.12491214999067070  0.13574111877779199  0.14640215559356465  0.15679972212615614
  0.16729431655636740  0.17793418249589599  0.18858863179224455  0.19911696304819027
  0.20958199342887462  0.22002773197728595  0.23049332705031483  0.24103965863671781
  0.25149847159035144  0.26200086931342814  0.27250702495638646  0.28309090598139997
  0.29358893510509282  0.30405661570758413  0.31453980372096257  0.32510100860792873
  0.33567695139517223  0.34621146869694247  0.35673436912352269  0.36728269486190712
  0.37777185973428046  0.38813409886438760  0.39846985350989012  0.40897987275951531
  0.41946690827602950  0.43009977550418294  0.44068980091632620  0.45139901807862065
  0.46193553298020562  0.47248421738507623  0.48305539549181359  0.49370316065314968
  0.50427978523145967  0.51492910367046141  0.52546237722415801  0.53618955652621614
  0.54676583663464717  0.55731691837585118  0.56775589900936918  0.57828377399001019
  0.58874093843811559  0.59939775626355707  0.61005869206844454  0.62071707676147458
  0.63100166307864736  0.64117149509266114  0.65150258697338281  0.66193441188900692
  0.67242759840770006  0.68287036131441992  0.69343038343482355  0.70410129882248884
  0.71476539255117011  0.72535989646164656  0.73610602142527648  0.74701212808544282
  0.75774521977669385  0.76831858644586848  0.77880272044904220  0.78944606507543025
  0.80005054991292035  0.81062147504484428  0.82111943364564421  0.83163879040650446
  0.84222690397196021  0.85277388076242711  0.86316936284946300  0.87375288736702217
  0.88435996040804987  0.89508294772192853  0.90549928583825967  0.91596433739124883
  0.92644387591074906  0.93676920885963255  0.94715748914550646  0.95755221546691394
  0.96820532197739773  0.97880863943965757  0.98941569517607686  1.00000000000000000
 -0.00247233482156023  0.00957503231270282  0.02003037429322401  0.03079625053915964
  0.04155154395187463  0.05219843788917924  0.06283822750639678  0.07361507306081089
  0.08434448203616113  0.09509313594543985  0.10581629383351526  0.11645405550394228
  0.12700631098420498  0.13749483152292630  0.14811904945035748  0.15876042176520672
  0.16944867983223719  0.18011706205538328  0.19094068617044829  0.20175497463761533
  0.21256010963383540  0.22320611559819459  0.23374496958993099  0.24404334607687669
  0.25448776556572639  0.26491046083713177  0.27539010099899380  0.28567849614223773
  0.29604523961447143  0.30656209049646999  0.31701794336017297  0.32749204031255519
  0.33786660508192812  0.34831775409705290  0.35880650147392601  0.36934552439287455
  0.38002102139630484  0.39057593231620175  0.40114595657742713  0.41160935669690346
  0.42220217052702180  0.43280065727861811  0.44345825794280980  0.45410350412030992
  0.46475033782335984  0.47524048438683264  0.48563443525363947  0.49602922375685438
  0.50627141830490707  0.51641174247583188  0.52654930792240129  0.53668433624417855
  0.54684052523950633  0.55696979521059975  0.56722396874457603  0.57761992196283851
  0.58798613248698095  0.59837788136869663  0.60877379184424185  0.61922264991518150
  0.62965677227558114  0.64004538743716499  0.65053464894365531  0.66114179292168740
  0.67175067366200936  0.68247997159071438  0.69329163902912483  0.70424963373531169
  0.71501695920376840  0.72566540750642738  0.73626403186379308  0.74680492143858501
  0.75725736388397069  0.76766522040426055  0.77819112861900008  0.78876348336796664
  0.79938237289313507  0.80992101905272973  0.82053226424593884  0.83111110663639254
  0.84185071583270410  0.85247023021902957  0.86315065880666586  0.87375085454930623
  0.88449019785858052  0.89524316445794228  0.90592452859075689  0.91667411076240979
  0.92719445282456869  0.93773692088306082  0.94801688249238769  0.95827356259313368
  0.96865642995692236  0.97906972479794951  0.98957677796539767  1.00000000000000000
 -0.00250913044388318  0.00958401507983118  0.01975829521289000  0.03054427119854581
  0.04112318254651794  0.05168711962182395  0.06234480433977754  0.07298984748931546
  0.08356770019661386  0.09408453325145918  0.10463040022797201  0.11530645857468473
  0.12585964573708980  0.13651933724985321  0.14714486766103241  0.15786500147527957
  0.16852032918611731  0.17917558451611962  0.18965673704098707  0.20004603888813161
  0.21044447335993563  0.22083643965123914  0.23126927125039662  0.24169460655317823
  0.25220467577797812  0.26263860814010365  0.27302474158272938  0.28336410129871797
  0.29384290455459477  0.30429565759125227  0.31471675784691039  0.32507414838672988
  0.33562765627792657  0.34609431392992995  0.35653975682766104  0.36695617944522652
  0.37745728463507561  0.38804462256016203  0.39870790162850778  0.40941490164447719
  0.42014074581205707  0.43072544484060277  0.44132648388098467  0.45195578599384018
  0.46254371711789072  0.47323689697900834  0.48381092367918926  0.49445450846436800
  0.50489452527404377  0.51521945513169909  0.52553070050988637  0.53582526593479551
  0.54623052680409356  0.55657457208819461  0.56703030997488180  0.57754815887511013
  0.58800573393658695  0.59844343309907244  0.60886088787412651  0.61937037297169817
  0.62989852749462594  0.64051680227100205  0.65108147162763996  0.66168627727022322
  0.67221260356872392  0.68281414232718896  0.69344288194911763  0.70414217065381979
  0.71476057695222850  0.72540436936090669  0.73601925659629530  0.74661987060282231
  0.75708180542645642  0.76756987253815367  0.77820290743056975  0.78882686035177774
  0.79942321739681688  0.80999263781017539  0.82056168033904475  0.83111316877621988
  0.84164041181907290  0.85218809499467085  0.86284761462206994  0.87356937158265913
  0.88411126808432383  0.89457579316724423  0.90502971600369864  0.91551731196357389
  0.92600682491590303  0.93649918485952888  0.94719793627689297  0.95788370076637552
  0.96852553668458885  0.97903926958181120  0.98952269290156403  1.00000000000000000
 -0.01765534399133700  0.09962751662190221  0.13370943595605331  0.15540690929036510
  0.17329895202388157  0.18879944031974619  0.20271355473583796  0.21544167193559693
  0.22724869973100098  0.23827338013646135  0.24868801804430163  0.25855686700893216
  0.26799484716839928  0.27702258626733256  0.28572575081501816  0.29414309354892265
  0.30223779489385189  0.31014333762872687  0.31780246318239574  0.32525771430214256
  0.33259776559301707  0.33969882627260567  0.34667862504370411  0.35353433144965535
  0.36024196100202938  0.36685149803522182  0.37337667236960442  0.37979890766736013
  0.38613118809816771  0.39240024788915545  0.39859579043911458  0.40468817347074609
  0.41075234667468385  0.41677058551976892  0.42271295442167162  0.42862213857333781
  0.43450419475289076  0.44033736149410457  0.44611865036200726  0.45187169926666060
  0.45760731744347977  0.46331246377366092  0.46898997892780964  0.47465420028139466
  0.48030865282944385  0.48595987772529847  0.49160773748910824  0.49725193985286176
  0.50288640747415136  0.50852188132974385  0.51415537453986171  0.51979426902857695
  0.52544334029464324  0.53110060275272375  0.53676664760374526  0.54244776326765887
  0.54815532653171328  0.55389453142061085  0.55966694782728443  0.56549477622105693
  0.57136007472918182  0.57725076306086665  0.58318210217777455  0.58918952648738609
  0.59524157142163525  0.60130705310481947  0.60748371800482548  0.61374613864674243
  0.62007444125930311  0.62649586876539676  0.63303418880924922  0.63966849144007842
  0.64640579220903482  0.65329445282884990  0.66029781189805281  0.66741651771827515
  0.67476984299739207  0.68223356197645979  0.68988613048185354  0.69778585927846093
  0.70586804660882119  0.71428454181350498  0.72297646986346054  0.73200203977698930
  0.74143618276423129  0.75130743268702671  0.76173250105378043  0.77276267977733704
  0.78457155443141680  0.79728431718826032  0.81118254565250936  0.82667013890626095
  0.84449856457947481  0.86609263689940563  0.90015836835851926  1.00000000000000000
   1.8059494257951845E-005  -1.0000000000000000     
 F F F F F F F F
  <DiscreteSampler_grid>
  grouped_processes
  1 # 1 for a reference and 2 for a running grid.
  10 # Attribute 'min_bin_probing_points' of the grid.
  1 # Attribute 'grid_mode' of the grid. 1=='default',2=='initialization'
  0.0000000000000000 # Attribute 'small_contrib_threshold' of the grid.
  0.5000000000000000 # Attribute 'damping_power' of the grid.
 # binID   n_entries weight   weight_sqr   abs_weight
    10   10   1.458934424665442E+010   3.348419385359263E+020   1.458934424665442E+010
    11   10   1.458934424665442E+010   3.348419385359263E+020   1.458934424665442E+010
  </DiscreteSampler_grid>
