 -0.00256568401624231  0.00972910182283641  0.02015565119904654  0.03086269055585531
  0.04152698353853358  0.05206968386645822  0.06255143662545780  0.07295291025457556
  0.08338832001985436  0.09388573660222209  0.10435974076535087  0.11480138832548697
  0.12517618547708850  0.13560983205531479  0.14611459390170209  0.15654763301001592
  0.16694931921530698  0.17737880581237619  0.18790737306231131  0.19859485233903995
  0.20925339077064056  0.21984375559594446  0.23040054041014377  0.24092195399924549
  0.25139636396273746  0.26183512148706889  0.27229493311973424  0.28289626329631912
  0.29355953429973558  0.30411925486801727  0.31470325827773182  0.32508057320075778
  0.33541395556767301  0.34576135292083943  0.35618048823229204  0.36678784470867332
  0.37730192741774238  0.38787908053829862  0.39838836367935615  0.40907081081087504
  0.41973146254615895  0.43037493805351218  0.44089669836671436  0.45142829979896570
  0.46199158541043484  0.47256239954386448  0.48312467632961897  0.49368078773409296
  0.50411302631255317  0.51464749015674915  0.52534874550532307  0.53609590719963529
  0.54683081037864500  0.55741571586086203  0.56804346467040245  0.57856044202190338
  0.58903524216347058  0.59947598598531182  0.60992835880898866  0.62044413834096312
  0.63089193498432272  0.64136906607339261  0.65189575837478897  0.66253767350308335
  0.67327771194996178  0.68412070110949974  0.69490762089979663  0.70575288401030023
  0.71617887394466095  0.72673940646640844  0.73720065350157848  0.74775263435161055
  0.75829416080312562  0.76884320032547504  0.77941287845775897  0.78979564923943146
  0.80009596495094237  0.81046411545687347  0.82100069579063872  0.83153799575915510
  0.84214951130347482  0.85269743426396072  0.86330643862587175  0.87385140156828001
  0.88439875034811388  0.89488618629975802  0.90525460734076446  0.91567531587547391
  0.92606276572009072  0.93630474394260110  0.94659473408747019  0.95694886499300025
  0.96751044718677170  0.97826913618446865  0.98910269945280271  1.00000000000000000
 -0.00256157842185669  0.00940033684029527  0.01975708161700961  0.03047484399005879
  0.04121632520178811  0.05196785180621012  0.06261603295422792  0.07319478161797119
  0.08374148812137065  0.09424852193291011  0.10473875230177708  0.11514333045261885
  0.12547810098523118  0.13584379951600334  0.14605130177853187  0.15624245428663108
  0.16644339103262432  0.17686145623004434  0.18738374896606583  0.19790375602253074
  0.20843808304588682  0.21877721871993797  0.22915713657941608  0.23936993733384901
  0.24963106029474680  0.26001776581739572  0.27052481125972699  0.28117793661178808
  0.29180309129807158  0.30257867154113860  0.31343319313098122  0.32429665055072304
  0.33516956906410617  0.34582408435492812  0.35642855064015361  0.36684241339924567
  0.37729821448597622  0.38763881488672086  0.39802787168069337  0.40838424820761232
  0.41880668073925997  0.42909151860730288  0.43932202745245486  0.44951684180645929
  0.45973441824902478  0.47030466780268759  0.48097636205162786  0.49176934942737022
  0.50243433178201991  0.51305153458365416  0.52372795744785328  0.53441509928942088
  0.54519547121699541  0.55590585949816862  0.56664050766840701  0.57723104166699357
  0.58781172679863847  0.59829278443347433  0.60885616313528734  0.61942298510175764
  0.62986004926540429  0.64023945033593743  0.65066161468732220  0.66117038548478602
  0.67151633912752384  0.68171853522353965  0.69207364845535968  0.70266457652350200
  0.71323742764878451  0.72376626403626065  0.73453032301821841  0.74544469003944303
  0.75628724611308029  0.76704619791045137  0.77802739076375094  0.78906999589589477
  0.79988722860573735  0.81062160631614510  0.82114884935954702  0.83170801842018194
  0.84225699677960664  0.85291660250807066  0.86356244005848326  0.87428810523588285
  0.88503160889212484  0.89583090578317637  0.90634928152093486  0.91694992182506985
  0.92726876193590790  0.93756372045721248  0.94775082643814390  0.95806860993333198
  0.96869133592382017  0.97910321913404574  0.98959219654301822  1.00000000000000000
 -0.00229271750664363  0.00931804362532873  0.01924092527321207  0.02957932654552721
  0.04000277704899771  0.05033084840034970  0.06055943466782797  0.07112826969361734
  0.08172959890573317  0.09261420518380789  0.10343720013936655  0.11450058799997054
  0.12559865469219278  0.13656706042021552  0.14745129101840673  0.15813051688023741
  0.16870447066550673  0.17908195196460927  0.18956075446951839  0.19999193932905243
  0.21036345877979767  0.22076743660525183  0.23119725932040686  0.24157059920939544
  0.25189637124805686  0.26213384603993012  0.27248187496235537  0.28282427922016590
  0.29319392466231459  0.30380200088831788  0.31437095946601046  0.32496593891032993
  0.33537325478246877  0.34570211547730095  0.35613846997841114  0.36657772388105386
  0.37690861835025002  0.38726211735869731  0.39763776779663934  0.40802703404241725
  0.41850041258482540  0.42892723678445810  0.43930960494882576  0.44966999195067431
  0.46008604176439188  0.47070584961332779  0.48128952125688973  0.49195804478974525
  0.50253102518106207  0.51323693119312930  0.52386844103549624  0.53463641033563236
  0.54535489572849805  0.55620055472385088  0.56689747950403369  0.57746933312794935
  0.58797280064571755  0.59837873238406381  0.60887074923694451  0.61926624635967331
  0.62988954636096417  0.64055877126811123  0.65121886375219806  0.66177774753455476
  0.67228788517961779  0.68280303884392113  0.69336318785333317  0.70398793945900118
  0.71451713191884059  0.72513218165311788  0.73565903139443345  0.74629478329012910
  0.75680238821520585  0.76739921954685364  0.77797484469243516  0.78856655064666670
  0.79913224836248353  0.80973662289461923  0.82033232848397475  0.83083733746722876
  0.84134917988624069  0.85192911359801782  0.86236944828891038  0.87296541812499839
  0.88349594462775727  0.89407279436279086  0.90445748581891716  0.91472618289543761
  0.92528709441138901  0.93602989031687234  0.94682561572310264  0.95763052868275300
  0.96824858578251405  0.97890337443590991  0.98941184015162453  1.00000000000000000
 -0.01774987552294319  0.10001226501157623  0.13403051780144135  0.15556118851887321
  0.17339805677163408  0.18884433836130360  0.20272111320158312  0.21543393338474887
  0.22726167308026160  0.23831319679432203  0.24875424217990222  0.25863383646648713
  0.26805252539562585  0.27704883865456886  0.28572001665388802  0.29412816531965569
  0.30219634832864622  0.31008435974834636  0.31772773783752140  0.32517839412384753
  0.33253303786306515  0.33963470891196890  0.34662031701881979  0.35348873264611064
  0.36020487929305561  0.36681307157273840  0.37332716325768506  0.37973729042410881
  0.38606698120724298  0.39234137343369935  0.39853338821142620  0.40461731900567449
  0.41067225184045503  0.41667879839959088  0.42260925656527593  0.42850397659796596
  0.43438084630865637  0.44022587558887810  0.44601754549784495  0.45178178580106448
  0.45751580315510409  0.46322065939715495  0.46890978143241147  0.47458899484208678
  0.48025143107996432  0.48589246604412417  0.49151677967522384  0.49713896442852884
  0.50276917051105374  0.50840687602616652  0.51404356787733307  0.51969240948672080
  0.52535591574687979  0.53103653953393826  0.53672999929352871  0.54244525457805870
  0.54818840381151723  0.55394806267166530  0.55972276905385210  0.56553444985760615
  0.57138443260316174  0.57725851699942154  0.58317244960080594  0.58917372764564457
  0.59523203044057726  0.60131872160732835  0.60751082246814725  0.61377953516761785
  0.62010524864570604  0.62651406517405583  0.63302914098960139  0.63963617882137191
  0.64634826616548346  0.65321165252508251  0.66019514941382229  0.66730078956507932
  0.67464338328765894  0.68210488511130596  0.68975383385496880  0.69764397235219511
  0.70572133492768874  0.71413936672096601  0.72285332193287943  0.73189662729128402
  0.74135000191913003  0.75123956735791642  0.76168246813132801  0.77273989552234312
  0.78456141171581451  0.79728567832285147  0.81118043406468832  0.82661703123609875
  0.84447417743119002  0.86605368698970908  0.89985933979631405  1.00000000000000000
   1.7825979149465087E-005  -1.0000000000000000     
 F F F F F F F F
  <DiscreteSampler_grid>
  grouped_processes
  1 # 1 for a reference and 2 for a running grid.
  10 # Attribute 'min_bin_probing_points' of the grid.
  1 # Attribute 'grid_mode' of the grid. 1=='default',2=='initialization'
  0.0000000000000000 # Attribute 'small_contrib_threshold' of the grid.
  0.5000000000000000 # Attribute 'damping_power' of the grid.
 # binID   n_entries weight   weight_sqr   abs_weight
    10   10   2.198032818409642E+010   5.516472079375358E+020   2.198032818409642E+010
    11   10   2.198032818409642E+010   5.516472079375358E+020   2.198032818409642E+010
  </DiscreteSampler_grid>
