 -0.00256345053270800  0.00961149165536354  0.01989611833123659  0.03046821138613117
  0.04097138963708750  0.05147272170492675  0.06199910010244939  0.07257816043079211
  0.08305009173349782  0.09357863060378065  0.10403539186144896  0.11450285175183073
  0.12500635728956877  0.13569021444104035  0.14633528495136552  0.15691945734008184
  0.16751011081260114  0.17799398630865557  0.18853413947324052  0.19905871919759122
  0.20956047000111186  0.21995812869358439  0.23034718787231623  0.24096404645686179
  0.25158025167036580  0.26228153244055913  0.27293994234092461  0.28364013989810472
  0.29431754104689417  0.30497234330261247  0.31563365632667584  0.32616413580617204
  0.33663490215365793  0.34705943639625125  0.35764224183608567  0.36830605261744648
  0.37904340101194739  0.38966337031390758  0.40032275060577477  0.41100269786162569
  0.42166132570901305  0.43218265640997389  0.44267848629774831  0.45318597180020659
  0.46369928618958522  0.47419329676111732  0.48460970355959659  0.49506829938851266
  0.50561419056049750  0.51620764109083872  0.52669232653954057  0.53709132960452666
  0.54736387079394233  0.55770724837265973  0.56804277052867014  0.57839435825854335
  0.58874877258833591  0.59900422527425623  0.60927701683645286  0.61952763035020919
  0.62989266208629413  0.64023311340798483  0.65061761963261200  0.66102898016865008
  0.67162778843928006  0.68240075833196567  0.69294422059528205  0.70334268989487869
  0.71363524688424174  0.72399126420479565  0.73439717349813050  0.74484814242763842
  0.75535325320694868  0.76597645002823744  0.77660968430876787  0.78725879338681848
  0.79792226946429068  0.80856659180430734  0.81915525273236633  0.82975389935157640
  0.84046485104086455  0.85120371550256624  0.86190800435036818  0.87264556789699455
  0.88359419382254056  0.89438143866453124  0.90506670681095547  0.91566403393046691
  0.92637972372713639  0.93705846989718211  0.94753543544474172  0.95816434913923332
  0.96871845540246115  0.97918395677757197  0.98951632470212503  1.00000000000000000
 -0.00246049697210644  0.00949045596973783  0.01950450015662230  0.02994996295965854
  0.04046830156839856  0.05109005469108808  0.06167954937640467  0.07219263626675008
  0.08264274515120985  0.09307521443391813  0.10339017502810126  0.11362254764903279
  0.12393506163589997  0.13443921283967292  0.14507182671496371  0.15557122598427281
  0.16606870241222152  0.17678741310964910  0.18750101186249513  0.19799016308839953
  0.20837092316809760  0.21890924455003069  0.22953463744679564  0.24023013000114976
  0.25085480088666923  0.26151270628879641  0.27206847499526632  0.28249936069921028
  0.29302837854294350  0.30338582702611083  0.31376386634828962  0.32417998709378376
  0.33457573291456127  0.34516002248549599  0.35571970846808637  0.36652813925378824
  0.37729981015598596  0.38800884532774876  0.39879488049338124  0.40949514185950786
  0.42019185683636290  0.43072669313668638  0.44130373852565841  0.45182272860335437
  0.46225293437099818  0.47264114425692189  0.48311562812040876  0.49377534033218712
  0.50438734024127219  0.51500072440573974  0.52564902230450095  0.53640173154899196
  0.54710931515614269  0.55777805060315711  0.56844107795421717  0.57913328302241740
  0.58975492811663477  0.60037302498363843  0.61105308756281740  0.62165611278107369
  0.63222532839193801  0.64265606602368219  0.65306286985294815  0.66347633088459557
  0.67393865695626631  0.68435293591800850  0.69480004614076540  0.70525726306858538
  0.71586168379783888  0.72658802931832045  0.73733542585317624  0.74795552159995504
  0.75836665738404352  0.76885354202222356  0.77944546246302671  0.79018181020866507
  0.80079805014753414  0.81154628804409201  0.82225019535619059  0.83296172368333066
  0.84355500178442522  0.85414833666610213  0.86452051470243352  0.87493092625943159
  0.88530715136601879  0.89575310766572425  0.90602949452885473  0.91630597536543335
  0.92680768756478193  0.93727097554966732  0.94773787448370439  0.95814836550798654
  0.96877832316630197  0.97919810391273698  0.98959547443941409  1.00000000000000000
 -0.00239770532824278  0.00936073180500552  0.01923587182417084  0.02941480984984956
  0.03957438515407541  0.05003056816812201  0.06047002371999271  0.07093768913700822
  0.08126917242788453  0.09172914567589149  0.10230714081893447  0.11269582317621439
  0.12304039176705092  0.13350153872968318  0.14409472573189133  0.15472375568375382
  0.16539555278732104  0.17591638475827934  0.18655436422697663  0.19693536460813471
  0.20732947556278536  0.21759087782769301  0.22797946459356697  0.23872465155865535
  0.24951544777181456  0.26017097059642641  0.27085357853623210  0.28123237070168994
  0.29168222840466373  0.30201003111723335  0.31240465590993954  0.32274853596737391
  0.33305743242883168  0.34362096689083205  0.35408612921242827  0.36461884252676174
  0.37522262771970327  0.38591792769079902  0.39653773523578134  0.40710960399197260
  0.41763152838732859  0.42808118610405810  0.43862903204164705  0.44928864300344862
  0.46003677040270413  0.47069061872178342  0.48142327956691683  0.49221129005421133
  0.50287999660380789  0.51345938220232923  0.52397010087027018  0.53442577598293783
  0.54486771884109486  0.55536236085081825  0.56592959045748958  0.57655258642460883
  0.58721150241891285  0.59790442545795885  0.60845344068781759  0.61907051765600885
  0.62965995373985229  0.64025948618992490  0.65065307444388942  0.66096767592457140
  0.67140065201429100  0.68189072445554244  0.69252374757066093  0.70311158093010617
  0.71369437864263141  0.72425703220511550  0.73477195289913078  0.74522007515054223
  0.75577300276497084  0.76629120815527219  0.77687934837706396  0.78722546456177256
  0.79772846769080630  0.80828304646290516  0.81895304772553801  0.82963955055302752
  0.84041214570102174  0.85117720179873291  0.86187562318983801  0.87261175476134212
  0.88327818885366249  0.89383665267215651  0.90437891150835703  0.91501724523220873
  0.92567748183480258  0.93632727192580278  0.94677234518892406  0.95732871963939670
  0.96789047234259762  0.97865234307935811  0.98928893343787805  1.00000000000000000
 -0.01821943909883750  0.10408804781696469  0.13815077147610128  0.15953334230381985
  0.17683495536423136  0.19180706822383600  0.20539634239102383  0.21790466016124060
  0.22955748882290239  0.24043113118090687  0.25072206686198867  0.26045779780528255
  0.26980173531231871  0.27875289141390669  0.28740775773656257  0.29574959820649233
  0.30378140591114111  0.31162640826431443  0.31921552943186504  0.32664140697003224
  0.33392593094407969  0.34098563878517429  0.34793555540608473  0.35474557087105890
  0.36140562423961259  0.36797056683711077  0.37443851529221484  0.38079216194826138
  0.38706592314458105  0.39329185207238032  0.39944308469778028  0.40549372878824652
  0.41150480631753622  0.41746131690034460  0.42334397579644051  0.42919311493923507
  0.43501646454678100  0.44079240516232604  0.44651408806187348  0.45221347702760334
  0.45788910063683635  0.46353918638253233  0.46917480976867615  0.47479963251304241
  0.48040498931702486  0.48598834012418951  0.49155567613879803  0.49711420694735720
  0.50268170438866777  0.50825089981539529  0.51382570043926690  0.51940975623464680
  0.52501034792447832  0.53062543274571061  0.53625333276773257  0.54189918738786558
  0.54757214682494659  0.55327055449425711  0.55898644153906130  0.56474551277240115
  0.57054325097477376  0.57637677423039568  0.58224811305832769  0.58818909423564270
  0.59419609306374377  0.60022932748501001  0.60636636036148017  0.61258830354807348
  0.61886673418714733  0.62522770365823177  0.63170551339240544  0.63828559770634163
  0.64495629144496203  0.65176844548444912  0.65872261870412974  0.66577730294056103
  0.67306310939750513  0.68047585617460127  0.68804870032762333  0.69589574936578946
  0.70394182053218013  0.71228814697543452  0.72093348818764547  0.72989018807670203
  0.73926283900534961  0.74903333877727285  0.75932759499601898  0.77019016417960295
  0.78180078575013745  0.79426444134768193  0.80788317830863343  0.82305596345577547
  0.84062928722774488  0.86208290596037462  0.89629525769716512  1.00000000000000000
   7.9392999725389601E-006  -1.0000000000000000     
 F F F F F F F F
  <DiscreteSampler_grid>
  grouped_processes
  1 # 1 for a reference and 2 for a running grid.
  10 # Attribute 'min_bin_probing_points' of the grid.
  1 # Attribute 'grid_mode' of the grid. 1=='default',2=='initialization'
  0.0000000000000000 # Attribute 'small_contrib_threshold' of the grid.
  0.5000000000000000 # Attribute 'damping_power' of the grid.
 # binID   n_entries weight   weight_sqr   abs_weight
    10   10   2.382461487205738E+010   6.602823889547147E+020   2.382461487205738E+010
    11   10   2.382461487205738E+010   6.602823889547147E+020   2.382461487205738E+010
  </DiscreteSampler_grid>
