  0.00931935127007446  0.01624383844798850  0.02615742643694376  0.03678102555637047
  0.04733330187715303  0.05793416574412187  0.06850193868473879  0.07885389700085410
  0.08918791868939922  0.09972801449207487  0.11008356695618454  0.12072441552867103
  0.13065630785476173  0.14059203102145273  0.15058545105687873  0.16094607731931487
  0.17110764960282374  0.18113323973072865  0.19147269601365469  0.20235246677540958
  0.21327664984457623  0.22394384252964092  0.23472979538427219  0.24545827118845198
  0.25596558044138085  0.26633729972125647  0.27689149490414389  0.28778249068551554
  0.29842226890057455  0.30887217320235910  0.31928552031113755  0.32965429082324449
  0.33994753176265075  0.35028196503319903  0.36063488379793535  0.37089617454966534
  0.38104929155937778  0.39135832781001945  0.40177290190862824  0.41205921066747120
  0.42223585183914125  0.43251973058532778  0.44288677401099552  0.45311019149588572
  0.46316816043066372  0.47322973286591391  0.48336206824511313  0.49351715886586034
  0.50371000712922220  0.51393053301516511  0.52429276477443232  0.53490439240777765
  0.54558008022033189  0.55608203077633211  0.56629665903398230  0.57647688867027713
  0.58690034944888581  0.59763096046440634  0.60861027117169597  0.61956441089760739
  0.63014765464950639  0.64061342342529581  0.65152124970128888  0.66261623827925964
  0.67321620038595698  0.68340260832665689  0.69366789036441900  0.70414873980013859
  0.71414491164776484  0.72386300964285211  0.73363608728049745  0.74378093484275987
  0.75406797733501174  0.76411097640471226  0.77422023217492109  0.78489744125742966
  0.79531268538338518  0.80579055477184591  0.81599814696357464  0.82617638042303243
  0.83608083498783259  0.84595373728371759  0.85579591172708436  0.86557807892645988
  0.87553366818294587  0.88623270583478764  0.89714786993273465  0.90829245612301046
  0.91909735235998680  0.92969966863802467  0.94001469298333662  0.95001917610591957
  0.96032734770835837  0.97042270652131202  0.98057386198904217  1.00000000000000000
  0.00000257303851665  0.00000284985454004  0.00000310848377861  0.00000336723266332
  0.00000361380333395  0.00000386609095790  0.00000411879077681  0.00000437555844442
  0.00000463916432584  0.00000490768005897  0.00000519314333724  0.00000548756105532
  0.00000578769754940  0.00000609805922696  0.00000641498610694  0.00000673900273184
  0.00000707777539365  0.00000742773737955  0.00000778049158159  0.00000814656102517
  0.00000851886491589  0.00000889325408338  0.00000929133701945  0.00000972058210232
  0.00001016139446046  0.00001061030399252  0.00001108681869105  0.00001157883841362
  0.00001207496106824  0.00001259284793389  0.00001313370231380  0.00001368319571927
  0.00001424607258028  0.00001484290074667  0.00001547175477468  0.00001610243276695
  0.00001676255632366  0.00001746226996781  0.00001818773059660  0.00001891541175225
  0.00001971962836020  0.00002058466351154  0.00002148303470199  0.00002241728596353
  0.00002340814212076  0.00002446216501640  0.00002553907269180  0.00002669063859826
  0.00002792964317286  0.00002924341647073  0.00003061320293215  0.00003222513980123
  0.00003388150073215  0.00003565256883174  0.00003755682959559  0.00003958223612684
  0.00004177814184713  0.00004418918057876  0.00004680835130137  0.00004965255235056
  0.00005273744331110  0.00005605460971120  0.00005962408889761  0.00006342780059114
  0.00006745876274194  0.00007192245396326  0.00007678455132565  0.00008208830718325
  0.00008784391697513  0.00009419871743736  0.00010165752690556  0.00010993578086952
  0.00011945370255864  0.00013011161972028  0.00014230057194470  0.00015593441883180
  0.00017159226895490  0.00018863983354389  0.00020794735246325  0.00023047218774548
  0.00025646487728129  0.00028562782198073  0.00031845543889942  0.00035717264626944
  0.00040597662779296  0.00046442846847325  0.00053015624937782  0.00060129439965736
  0.00068449161288820  0.00080101341990721  0.00099150595395499  0.00125501170254496
  0.00158535910173941  0.00253271514225869  0.05887806674002876  1.00000000000000000
 -0.00247551130810513  0.01015383068764015  0.02068336483106596  0.03129967533317650
  0.04158823192781416  0.05180317308601754  0.06214744426817331  0.07253341898022599
  0.08316644658945875  0.09376628833988089  0.10418907670885778  0.11481197679167866
  0.12548505324772821  0.13678734151343677  0.14767690359597216  0.15831028067112013
  0.16908661055483287  0.18026322994922481  0.19137844554386935  0.20237564180741721
  0.21310727640185420  0.22385492070748167  0.23445422249856429  0.24531404635398382
  0.25631730279136855  0.26739963188678700  0.27821461566469802  0.28873860745966801
  0.29941203845326086  0.31009970097479667  0.32020803377941953  0.32994762082689716
  0.33993341728534904  0.34989091188155513  0.35961348856206704  0.36913374700188589
  0.37900549135361916  0.38909850286575004  0.39913200817765243  0.40947425520621655
  0.42001950047781067  0.43093012640247791  0.44196487281544311  0.45327411903161818
  0.46427464308084815  0.47471242972377031  0.48530563702310803  0.49561263268357358
  0.50584740883218782  0.51595263554711668  0.52652378689180401  0.53761400461513753
  0.54876994363363607  0.55986849613467748  0.57063292744341310  0.58092777307354304
  0.59141623321201464  0.60213820477052260  0.61281789223188421  0.62333733612341224
  0.63388655639420810  0.64461801933988927  0.65494660723865250  0.66506875042914526
  0.67582333032679254  0.68648796407563573  0.69702227441537223  0.70733522712506058
  0.71798559481241719  0.72873696412264988  0.73940210355766345  0.75001402119193195
  0.76053695559848067  0.77091279440597360  0.78104286340195439  0.79132654762828492
  0.80162911039876461  0.81217302088357746  0.82248220666381477  0.83294510240169561
  0.84357491645592608  0.85447509000533783  0.86573912117206464  0.87657964008252920
  0.88746347367267198  0.89808933581957151  0.90883510244539556  0.91961747465137045
  0.93034267471015852  0.94050753227463479  0.95034779994964080  0.96028053249591427
  0.97043536741062719  0.98056675702141349  0.99033063880652672  1.00000000000000000
 -0.00242473860792495  0.00963974733958057  0.01981581761597576  0.03066563961439796
  0.04149383967877748  0.05171472798764973  0.06175757706320579  0.07184089802871652
  0.08229860082506389  0.09252965539800956  0.10295454003041496  0.11340568139196228
  0.12381903262152803  0.13433878443713956  0.14495346507656884  0.15550191604851024
  0.16611061299096305  0.17694857954771043  0.18756500935084677  0.19827641998042081
  0.20886302790161018  0.21965340879568290  0.23022320687882605  0.24039897921444234
  0.25059317402709513  0.26103512413922614  0.27160774962867090  0.28254446721169807
  0.29309965671009675  0.30355833059830578  0.31414221841947437  0.32515355599749785
  0.33591208140504830  0.34628697571489997  0.35648934474015598  0.36713689386374304
  0.37792397034415498  0.38865625580492275  0.39945918131539482  0.40995688716161527
  0.42041301741627291  0.43064310365362668  0.44110075542849181  0.45149780981523835
  0.46202150543033493  0.47244669951018081  0.48275907589470568  0.49302573373143560
  0.50323553953443545  0.51355835938784267  0.52389420361937611  0.53433537802651898
  0.54455288191944529  0.55454259608541689  0.56465661400472156  0.57553961972590828
  0.58669058892445991  0.59757991508131003  0.60847772953738666  0.61949821919056991
  0.63047016029157299  0.64138311359731970  0.65216560093340870  0.66293274020538195
  0.67345226956556103  0.68388343740722768  0.69416428881703807  0.70458180981182317
  0.71529027959838087  0.72621546846909657  0.73700842116994758  0.74747771645020444
  0.75795838999526555  0.76814573344548831  0.77840934397960593  0.78837202961683817
  0.79851081503597776  0.80863255659235778  0.81909805639626532  0.82952128350406817
  0.84010311614550692  0.85076416322010762  0.86159529851470984  0.87236412764066540
  0.88323499669399141  0.89407021917254936  0.90499059664101966  0.91609149619638375
  0.92724277108664921  0.93843797790817585  0.94929456835443082  0.95997787876893670
  0.97004579809223601  0.98006411313465203  0.98988490556744702  1.00000000000000000
 -0.00202760482686941  0.00939326895718218  0.01942865988871792  0.02995314981941534
  0.04063848718909800  0.05133459545195718  0.06172909711583321  0.07224661431258354
  0.08292895206715180  0.09348158553978601  0.10386041386588146  0.11410335180745840
  0.12413528871711212  0.13428610409673372  0.14443261830212994  0.15496018110452120
  0.16563337746126297  0.17599295756109315  0.18647001905368771  0.19686054305148382
  0.20744957922479546  0.21821673686827545  0.22904448886171322  0.23964089216533180
  0.24998368008421901  0.26043616480211612  0.27100568218756149  0.28159659078172827
  0.29225680088046724  0.30321068850407595  0.31406044587631954  0.32442287610379578
  0.33454158070798445  0.34458571540514865  0.35483430450775921  0.36506692565801491
  0.37561257246357377  0.38556995255721033  0.39584940992091699  0.40562140082987341
  0.41554292814642435  0.42525931009577844  0.43484905066756857  0.44463574634925485
  0.45461577818424120  0.46476354307290241  0.47522743847910559  0.48588265432869604
  0.49670443283443838  0.50740613939531998  0.51802083968532309  0.52882185989065866
  0.53978496241604690  0.55056732543554254  0.56110128900982226  0.57179179768605881
  0.58263701393860312  0.59357560529245279  0.60475202522255544  0.61641067373264069
  0.62835884079133542  0.63985893810640670  0.65130338260705867  0.66221820013852339
  0.67282847369615773  0.68282368742163091  0.69301088579620795  0.70308667328904972
  0.71300344512301261  0.72287578043245171  0.73280917950608160  0.74287428292808133
  0.75319219640162838  0.76363397391220555  0.77415958432618359  0.78455010212415821
  0.79489207521951710  0.80524266629946673  0.81558917834070244  0.82608699444511668
  0.83682791971093728  0.84748195607728216  0.85833924032551145  0.86940475117865990
  0.88086587565701058  0.89237411814531142  0.90359541916626451  0.91422583612447172
  0.92460906931996301  0.93475467358649178  0.94525851150109741  0.95580391408151855
  0.96670281581299544  0.97758871649270052  0.98889011117086645  1.00000000000000000
  0.02331663787383787  0.02646297384850598  0.03143489220731054  0.03653359339260347
  0.04167984224215222  0.04676512505920615  0.05179409813962299  0.05685700355887155
  0.06199806083332776  0.06738717872336160  0.07296844316766946  0.07848193304674234
  0.08396507364069108  0.08946862349780951  0.09506362668018740  0.10085229614693839
  0.10699859355995676  0.11337680727173145  0.11966569300530958  0.12594062714625165
  0.13225248363796921  0.13864597906300175  0.14511969127678331  0.15171754620566399
  0.15845464455701586  0.16525088990922465  0.17225472819840101  0.17925735088890452
  0.18637208582857737  0.19340036666002539  0.20055363830538678  0.20773089356807606
  0.21505014142535062  0.22253002371020750  0.23015237412204104  0.23780753747316077
  0.24552810290611859  0.25317275029737979  0.26085616221738278  0.26860356425010207
  0.27634585802601008  0.28409406712796653  0.29189151312064748  0.29986494777395850
  0.30803451214051614  0.31633929190866472  0.32457053121631235  0.33281320775369361
  0.34138322726905534  0.35010988491780781  0.35885489875561433  0.36763658669585825
  0.37660246563567290  0.38597576486622953  0.39543054645082287  0.40490231765263712
  0.41435501827520410  0.42402105165749004  0.43389654461089455  0.44378628993457031
  0.45386894561350311  0.46426632031033632  0.47498881285377642  0.48556782066540344
  0.49608271440506924  0.50660508371351032  0.51748803527156384  0.52847934784029804
  0.53965340379778937  0.55105395868351337  0.56268033719092980  0.57461985173583141
  0.58669464841119767  0.59910401985347206  0.61159171528549650  0.62426967734879435
  0.63703040287153612  0.65004023084195894  0.66345522260206347  0.67724357917371503
  0.69144980792312960  0.70627589039160010  0.72149757535383363  0.73685400200525786
  0.75237676113811380  0.76855396362591233  0.78538683016817545  0.80277515472321681
  0.82044234855197062  0.83889814972780274  0.85838316522363234  0.87921773540153170
  0.90189131489634278  0.92769125897278304  0.95880952638588823  1.00000000000000000
 -0.01851531965429853  0.11461739504801356  0.15821688334422257  0.18490698819103749
  0.20652217799252973  0.22529518979860644  0.24195657326416992  0.25762863037620964
  0.27204789439244648  0.28555291278162642  0.29834844675891292  0.31062886781091115
  0.32217209321580326  0.33310134763244054  0.34350135776476709  0.35358258840836337
  0.36335050526617424  0.37287554545198143  0.38213688512567795  0.39116779778680316
  0.40014414242142116  0.40911129721943734  0.41804112973122665  0.42681595504105263
  0.43537891943734619  0.44369875117323332  0.45191155953049339  0.45997807180062578
  0.46788502871125282  0.47565350351895025  0.48333998495990682  0.49105158269939780
  0.49882159416568045  0.50656515092324617  0.51420736775300968  0.52165263446252041
  0.52884396094325103  0.53597467952902422  0.54304923760756540  0.54996702362342120
  0.55688806330992358  0.56382590278023126  0.57084128132905299  0.57786867976924383
  0.58470186396193236  0.59155261844176033  0.59841359280981754  0.60521454567987487
  0.61201104784636151  0.61869055804888640  0.62515482874465800  0.63138880175534173
  0.63747259423576874  0.64356468446851323  0.64974172684108189  0.65590713393979005
  0.66208975630730371  0.66822910373985211  0.67433531472584252  0.68046333225762168
  0.68651576252746949  0.69276188544318573  0.69893394946154175  0.70507006040865039
  0.71120981534455840  0.71727503785361690  0.72333627105698606  0.72922482864196958
  0.73489086032739559  0.74042239807874966  0.74601731783226899  0.75155854605946260
  0.75707779412973697  0.76260141574706508  0.76817849242412339  0.77377701897693107
  0.77936045318924441  0.78495239105672132  0.79069915739780927  0.79688001421723598
  0.80319447948163880  0.80958002530223949  0.81596316302837446  0.82254374911666739
  0.82935084720598007  0.83652380675546345  0.84394788369031726  0.85162832198039484
  0.85979830283676972  0.86828508106990054  0.87750681133845998  0.88796750050939011
  0.90004828756320099  0.91590604963631750  0.94019062186093738  1.00000000000000000
   5.0595638355983751E-010  -1.0000000000000000     
 F F F F F F F F F F F F F F F F
  <DiscreteSampler_grid>
  grouped_processes
  1 # 1 for a reference and 2 for a running grid.
  10 # Attribute 'min_bin_probing_points' of the grid.
  1 # Attribute 'grid_mode' of the grid. 1=='default',2=='initialization'
  0.0000000000000000 # Attribute 'small_contrib_threshold' of the grid.
  0.5000000000000000 # Attribute 'damping_power' of the grid.
 # binID   n_entries weight   weight_sqr   abs_weight
    10   10   1.679655072082563E+004   2.316847262705582E+009   1.679655072082563E+004
    11   10   1.679655072082563E+004   2.316847262705582E+009   1.679655072082563E+004
  </DiscreteSampler_grid>
