  0.00288874938034404  0.01226896275055041  0.02271619528646118  0.03367370015449441
  0.04425571674223498  0.05480366994303866  0.06521661521699768  0.07555982409897699
  0.08592665437533263  0.09605627143031062  0.10614368665977336  0.11620279328230135
  0.12629724081690380  0.13662371669417048  0.14698945866433252  0.15729551750222429
  0.16747570679307822  0.17775803027517345  0.18818178790608828  0.19886169815765395
  0.20947109113951584  0.22000231078760349  0.23033252999431475  0.24067726296441247
  0.25097929035371069  0.26135957750077943  0.27183346477345149  0.28233873549396310
  0.29286882677376119  0.30346608118899909  0.31411939047955167  0.32471099202431764
  0.33522148066724072  0.34573136389444004  0.35608582778475834  0.36635973626541796
  0.37653493285985212  0.38669018757890411  0.39699421250028188  0.40758663186106364
  0.41846318392481885  0.42929236779601576  0.44016598899299270  0.45116716225225106
  0.46244462295338518  0.47379519581398405  0.48495935855278660  0.49603402267476976
  0.50703341275641933  0.51803503830514552  0.52886140388285874  0.53992410446217742
  0.55077327254821484  0.56165363521231215  0.57216930537290600  0.58290791440224632
  0.59369581537993932  0.60453065681129448  0.61537201069875003  0.62598134558053176
  0.63653954016969350  0.64698193403749404  0.65746671361934084  0.66791111130563829
  0.67834068381112755  0.68897348071966691  0.69999361043555652  0.71105726652323631
  0.72195517856839342  0.73254414764841425  0.74321221514848701  0.75375159348771537
  0.76422539228845676  0.77469595306373595  0.78522324295271584  0.79585572683573791
  0.80648383635301035  0.81706138201690115  0.82752768762473394  0.83801172421589454
  0.84823546206985645  0.85843252633530942  0.86862237035291612  0.87891983104069860
  0.88929314875932097  0.89940109019321324  0.90940608603428630  0.91944073666468784
  0.92933743445796324  0.93959441645380037  0.94993997178206657  0.96035960437817147
  0.97035859931853419  0.98003262244010736  0.98995178170966935  1.00000000000000000
  0.00959797153720629  0.01600916574552223  0.02522675749449062  0.03607134289793612
  0.04638998931824909  0.05688577906700301  0.06724070236742667  0.07745876420802408
  0.08788710021061923  0.09834390273639577  0.10867432799130126  0.11888546639045518
  0.12916973366207549  0.13970921812579251  0.15022046325838473  0.16057842057969168
  0.17084171354241687  0.18106895904878323  0.19139703827396370  0.20178943802526397
  0.21209502416605089  0.22255300316999715  0.23299386802700442  0.24343515757732903
  0.25368004978634284  0.26375300052666056  0.27379913531245559  0.28385818803458374
  0.29414815914419562  0.30463933253202374  0.31499163862825413  0.32529063722609536
  0.33572713756691419  0.34655922252544796  0.35743802834508903  0.36822159710755925
  0.37860346053438720  0.38876659585528095  0.39875480724870072  0.40876718831555592
  0.41866458254769795  0.42856594951567328  0.43847115335182252  0.44859526540996930
  0.45863720012159498  0.46879256408410319  0.47893466865867090  0.48938742301934529
  0.49986281072686417  0.51038284141362411  0.52072011412724140  0.53070334873902880
  0.54046175006123276  0.55020813309291017  0.56009614629819027  0.57020424786099710
  0.58042028792839573  0.59086832049962179  0.60142610826711418  0.61195824550831157
  0.62235553173081992  0.63262585389321968  0.64283564178388752  0.65316543960650841
  0.66385258075576969  0.67518785630190159  0.68680977963694101  0.69813803581465861
  0.70911946054022013  0.71974823569536983  0.73002615730521092  0.74005806035986876
  0.75005197372078181  0.76021596266097669  0.77047055960821642  0.78084271314850195
  0.79117403181586254  0.80151149075626515  0.81200039515364453  0.82251560172319116
  0.83323309143286894  0.84409073314799821  0.85500951634424371  0.86579695853751171
  0.87648943759004061  0.88724082196197052  0.89791327015946609  0.90799096959007730
  0.91799455001976871  0.92804745477501083  0.93831697887842291  0.94870564261619650
  0.95900900545839984  0.96953834051005217  0.98014330429955454  1.00000000000000000
 -0.00201603282180387  0.00766538185658135  0.01615410324166655  0.02497055222655661
  0.03405809118343742  0.04331066025423111  0.05264315026032142  0.06200169955949852
  0.07134809893582911  0.08090790283289025  0.09059892483317095  0.10064189002558206
  0.11093585530338748  0.12106515772808110  0.13117497479838167  0.14124661268530847
  0.15142847297307141  0.16174573903678310  0.17220274809283873  0.18269246158643365
  0.19333140370955548  0.20436262744702391  0.21573251448462372  0.22713567816891772
  0.23830485954854128  0.24939704636203727  0.26065218980922866  0.27230202567782485
  0.28431766258922025  0.29633806318127603  0.30815871135278317  0.32007183597297373
  0.33233790221204429  0.34510364313459013  0.35782249872392291  0.37054522602675427
  0.38303315396466836  0.39556115068779951  0.40782465662709383  0.42004434428454945
  0.43236634427759468  0.44479344238709601  0.45712378380856000  0.46938818383620445
  0.48180400789435174  0.49449737274569527  0.50704492778179211  0.51939070847098956
  0.53170101702287043  0.54392724706649964  0.55614897156782006  0.56848981201017190
  0.58099194618339889  0.59340574729502660  0.60569273852716166  0.61777025543673425
  0.62977997982452005  0.64187639491445592  0.65406426817616437  0.66606806252314565
  0.67769669784439557  0.68890775505489510  0.69978176134893277  0.71046840617163687
  0.72111728123898733  0.73166890524290717  0.74200005194822571  0.75223448140785665
  0.76256213437871667  0.77288047651767544  0.78305536922377506  0.79292431256115692
  0.80276194656243294  0.81257049478741006  0.82206279734502818  0.83157334245475811
  0.84084706910039653  0.85002441244557425  0.85904678232934240  0.86793381675833192
  0.87670117510203605  0.88552165288979789  0.89427506534755086  0.90293354921604696
  0.91136127831554470  0.91960592467959901  0.92782116735731290  0.93605475092493684
  0.94416053268649192  0.95205030543199631  0.96001839320281579  0.96815855522526362
  0.97635523822217263  0.98435828544199688  0.99222557582037307  1.00000000000000000
 -0.00232652710501063  0.00932231978927417  0.01910762046339142  0.02916175527868112
  0.03926554079584051  0.04939034837625231  0.05971482213280548  0.07025462329981504
  0.08071018696189100  0.09117934896268458  0.10164809390446393  0.11191488327430042
  0.12202680170938232  0.13216970271437931  0.14256487623984979  0.15297640657683237
  0.16350577630646213  0.17400252717321629  0.18449634550684790  0.19481553213143324
  0.20525997545125155  0.21599952087795685  0.22681067556243920  0.23736565305965404
  0.24794582698145234  0.25877629646283423  0.26972755680442695  0.28063336454931476
  0.29123187570158227  0.30171555114380566  0.31210324475653572  0.32218353527501375
  0.33221755238928269  0.34220553344610194  0.35221206867861776  0.36223821312049048
  0.37244645575841834  0.38305013352692197  0.39418676393414886  0.40528748088467559
  0.41644971912628859  0.42766584348723302  0.43860176086656427  0.44905226528175590
  0.45942424671048360  0.47006719556371956  0.48057270118009432  0.49101803762515589
  0.50166340422669320  0.51256222360990711  0.52324064126862879  0.53355275199159669
  0.54392155200401171  0.55432696453729224  0.56465620745975020  0.57492027963019965
  0.58532945062617259  0.59584019414203104  0.60634711562951582  0.61688149858191466
  0.62747293983473873  0.63804646466000836  0.64861018062884201  0.65907790132613320
  0.66961321306012034  0.68013625969567637  0.69079877194230344  0.70157952795971823
  0.71237836278810363  0.72295347194379689  0.73333986661876771  0.74357092825254278
  0.75392344941116052  0.76441094363200790  0.77487359522168819  0.78557931358242550
  0.79614847697797064  0.80663284677150160  0.81696370797952877  0.82743119054388592
  0.83798486388898019  0.84852065979545799  0.85903244202257778  0.86964404260235861
  0.88044132604102354  0.89108095891104211  0.90167874605548837  0.91228952196444846
  0.92301329549890276  0.93387452387318370  0.94460311913479555  0.95548341834193362
  0.96644498395798040  0.97755262121080932  0.98879321191964586  1.00000000000000000
 -0.00249051432328688  0.00990286747108937  0.02068244700812685  0.03182761008089597
  0.04281985729905804  0.05343648471117433  0.06395120918381021  0.07430114475956881
  0.08444854349748432  0.09448924269157165  0.10460243115562239  0.11495565962660559
  0.12541544109278441  0.13596766384039430  0.14658198419938873  0.15707998689196651
  0.16756104435232852  0.17793814787606116  0.18834744518383556  0.19881755448807625
  0.20917576407105237  0.21965460623272898  0.23031411568777915  0.24099195624122785
  0.25162699454159249  0.26237599886616819  0.27307344657935650  0.28344960574575284
  0.29363961625415469  0.30401715379499467  0.31447533608269290  0.32451329899330195
  0.33432191239882580  0.34482640838986456  0.35522847347724668  0.36572738562847462
  0.37588991108531028  0.38634116453640072  0.39666119991163185  0.40689928895110117
  0.41725037756798716  0.42782231969548995  0.43821591576088093  0.44874711805121775
  0.45914286994930653  0.46963259575438626  0.48013610690314695  0.49075036418408213
  0.50156215056490205  0.51235452700907447  0.52340191760248911  0.53448060253082241
  0.54549697696494359  0.55630401415888653  0.56699055381093144  0.57764367911154058
  0.58822101363063661  0.59860949429931309  0.60919110084906181  0.61985522654330105
  0.63050664982430060  0.64105786279159704  0.65143448879727872  0.66191909294367479
  0.67241078328819015  0.68300330844412149  0.69340195331145349  0.70381631942221512
  0.71434783017853876  0.72494655962765497  0.73530296055660327  0.74569831065432446
  0.75611042471939083  0.76656273206774594  0.77709266154733314  0.78758552290208161
  0.79803232494142928  0.80849699739565983  0.81925070053567661  0.83013186609430401
  0.84090340846322709  0.85142316181383204  0.86200112971273080  0.87262275129357469
  0.88323291149577776  0.89367533471253546  0.90425448858609203  0.91484086222961791
  0.92518123804561903  0.93549909806932086  0.94616938297542474  0.95712473635331718
  0.96774642251323606  0.97835205469279918  0.98916940803742792  1.00000000000000000
 -0.00248836663735585  0.00982804682391061  0.01998074810941059  0.03038963682567819
  0.04086202145343663  0.05100026437349454  0.06127047515690411  0.07126486070695053
  0.08141350910671769  0.09151352944486218  0.10158704981774375  0.11178953022971047
  0.12193341905798624  0.13247008857852952  0.14312001589986201  0.15318105287603487
  0.16306543667966089  0.17287702383172718  0.18286138046296727  0.19285403771084952
  0.20311036615889916  0.21333001745666369  0.22396956777518193  0.23441592426385849
  0.24483058963903762  0.25522372035708163  0.26553093531496619  0.27589598994250286
  0.28642430534603208  0.29683675542502708  0.30732830755834467  0.31785618989338033
  0.32871696600504430  0.33960167407802894  0.35040257416330073  0.36114406718172043
  0.37186483371407503  0.38252161938830154  0.39330414352460413  0.40428816891625274
  0.41528199227047158  0.42607396159777894  0.43665777554079888  0.44744167975527449
  0.45810929474145873  0.46869151597459902  0.47914635310259301  0.48991795046868436
  0.50066775269159669  0.51129588146564653  0.52173935943367999  0.53222719521860018
  0.54280001653867349  0.55347496589934853  0.56402820673255050  0.57454083220744068
  0.58490396548647372  0.59543622846714717  0.60585790453910193  0.61639050663080663
  0.62677352085130811  0.63713646861673434  0.64721308345918915  0.65718466618076921
  0.66722116283861055  0.67744364390033118  0.68771786385720668  0.69821440960547343
  0.70874862392203042  0.71939359982658835  0.73000438042065718  0.74084377192451578
  0.75163526123617408  0.76219876792839691  0.77280381133377452  0.78330378671912837
  0.79409629891441480  0.80480033141189145  0.81558815970812204  0.82609083356047364
  0.83634961710181521  0.84675591472454703  0.85725292157666755  0.86809613123115315
  0.87891205341415202  0.88989088494007296  0.90087380338909007  0.91161286265821417
  0.92248590912940531  0.93342984826649489  0.94409044263855291  0.95459091902466531
  0.96539440212183136  0.97652706888022545  0.98822912254651041  1.00000000000000000
 -0.00334119830565245  0.01377174242488289  0.02696002386514228  0.03963923470747248
  0.05209437374354325  0.06425676586648965  0.07593744579607893  0.08750859906415373
  0.09910725081738463  0.11058215303892603  0.12166700926749489  0.13261901241352783
  0.14355863304913086  0.15440408035817360  0.16515590518343262  0.17585300803349779
  0.18649310721906104  0.19683288140958841  0.20693125887629379  0.21704094114606598
  0.22730944031950925  0.23761467263438674  0.24784991761959818  0.25802456666773543
  0.26825580722582298  0.27851709265713354  0.28865455425945213  0.29859087390425404
  0.30843100104688742  0.31822887710740916  0.32799142415938720  0.33775391482334122
  0.34760455031804605  0.35765410678470438  0.36776319909837246  0.37773726040298344
  0.38762038349942307  0.39758347798197935  0.40758694049526895  0.41746799170888815
  0.42715917674146286  0.43681146904207624  0.44660209300816284  0.45648306587279330
  0.46628927648767365  0.47590332125724455  0.48525086581025045  0.49443057954965258
  0.50371676827681755  0.51307087811898600  0.52261808961603551  0.53243125396847424
  0.54223977696075898  0.55171326209183347  0.56124927599753993  0.57076085572052693
  0.58026464742732153  0.58940164268453554  0.59859928597411993  0.60785316258241551
  0.61754888575610212  0.62726344361228414  0.63706313164950346  0.64679905870695820
  0.65639131979369414  0.66603541774420871  0.67571405621881586  0.68542852115962172
  0.69525926034912822  0.70510957436684352  0.71498530050539344  0.72479541144799253
  0.73451092926077177  0.74433578494669317  0.75439474073077017  0.76469484547069355
  0.77528020383891472  0.78603025487902356  0.79689099808882402  0.80775291457849197
  0.81854149194617243  0.82944662091926724  0.84049366002903225  0.85159989485660448
  0.86275606640659208  0.87404524890053248  0.88557511007418321  0.89735869051687656
  0.90929337620628992  0.92171084596467545  0.93442317155691046  0.94694592437174252
  0.95978145538203530  0.97327089085474627  0.98660400197287312  1.00000000000000000
 -0.00241653364295065  0.00947279998104632  0.01931799703247697  0.02977210640121883
  0.03999210566305058  0.05012599923197204  0.06036848546671517  0.07073210904278653
  0.08114150840951952  0.09171397667037540  0.10221056537328239  0.11269590506001825
  0.12333168627268601  0.13377562009696983  0.14441214468918345  0.15463774352473159
  0.16488445962937359  0.17562816440330145  0.18651493346990525  0.19764219685556458
  0.20844073798943821  0.21925441984185354  0.22993435916388183  0.24063027007350510
  0.25140216693961942  0.26205593884717127  0.27255508373917281  0.28294891009434509
  0.29353730726145089  0.30438442081613726  0.31505002851283520  0.32586706567193668
  0.33675520974019041  0.34782562785749321  0.35885034445342262  0.36971651386318799
  0.38047403262913948  0.39108043423697897  0.40161178862105745  0.41200852431435947
  0.42227996514062993  0.43244188875325351  0.44275073728488940  0.45335173485201669
  0.46410672324398661  0.47503083542784102  0.48567653028185775  0.49628111111089612
  0.50671935438746218  0.51704565630579391  0.52726349257798244  0.53735602705950214
  0.54792135671092679  0.55877824230134954  0.56996714077774080  0.58122753375920855
  0.59227356356690797  0.60322827231754217  0.61384929923356102  0.62462517908173909
  0.63482908516383263  0.64468544269484485  0.65431854146970314  0.66413575154678073
  0.67425764943782107  0.68440260081771265  0.69499874892368563  0.70600242054107354
  0.71651804659091756  0.72665264504547755  0.73678303611053975  0.74683242823418572
  0.75703019379025993  0.76725313140919782  0.77778793797608403  0.78847226331160403
  0.79904805288885894  0.80966412581127356  0.82035279137038364  0.83101689800012990
  0.84173085286041260  0.85235554795573487  0.86279928151281893  0.87324223621487540
  0.88373821948604581  0.89441443934640741  0.90500522285248264  0.91545857539591224
  0.92598855775591227  0.93657541664138677  0.94739923190052866  0.95796927367308771
  0.96838154773582019  0.97889207469755668  0.98943149245764983  1.00000000000000000
  0.19441453557733540  0.27280814573533613  0.28432371571130138  0.29830434467893757
  0.31050603688697498  0.32169668965108894  0.33200500180422310  0.34106539298297023
  0.34941028384513512  0.35731254395553508  0.36471846348195502  0.37217625508035962
  0.37914215344989860  0.38588119503149032  0.39248270612980951  0.39896188611672356
  0.40530669377741402  0.41155323293400048  0.41765169625199550  0.42359984522641070
  0.42951742607373006  0.43539623141370953  0.44119690807393358  0.44689804739069733
  0.45255468679042193  0.45817268073423656  0.46376563507342788  0.46935684458901533
  0.47489438322486299  0.48046427906207601  0.48604679323165906  0.49162829751095966
  0.49716080395161122  0.50260907768818752  0.50795498827182783  0.51334311312530390
  0.51874214147551523  0.52419687526745518  0.52976856846887188  0.53549582271724783
  0.54127284758383054  0.54697588903240624  0.55256836477748317  0.55808415280555845
  0.56361895326888511  0.56933134589741763  0.57516725097063104  0.58100128241309423
  0.58685231732381615  0.59267351239103272  0.59848887764793857  0.60435156826474590
  0.61025080108108776  0.61614356346272847  0.62204154962079561  0.62790277670657246
  0.63378044809592016  0.63972911795975884  0.64573024064819584  0.65187197867183289
  0.65803782795510046  0.66435499776079687  0.67082419556314332  0.67735018022301152
  0.68387434358131816  0.69032920453444047  0.69685858884653618  0.70345816570965636
  0.71024490272308460  0.71728789569683749  0.72452856179315384  0.73197488125755406
  0.73955707853535524  0.74710086728293335  0.75452138080881037  0.76191808908119507
  0.76949820364068788  0.77736154891438458  0.78545659460315875  0.79371419394413945
  0.80207895665444739  0.81065144430924618  0.81954121207494646  0.82875032909970214
  0.83819879062244229  0.84782475080706365  0.85764764015486705  0.86799250742279599
  0.87900321642356094  0.89097822268194748  0.90343753592391585  0.91652967148025422
  0.93077423512730895  0.94698728265188392  0.96827337371410238  1.00000000000000000
 -0.02105637391403977  0.13366729525528748  0.18416921684126702  0.21836484735078099
  0.24609596217438526  0.26973753307455911  0.29085747189293681  0.31001537582638472
  0.32777249008476494  0.34438562341612999  0.35995997222812198  0.37439617255476876
  0.38778488038471909  0.40050420936983144  0.41272703377466524  0.42450095641082869
  0.43583984603096232  0.44675597205535572  0.45710863671047114  0.46699908684582669
  0.47667980003337129  0.48616106452811803  0.49538174538175861  0.50419771529638324
  0.51265171780606267  0.52076999301313709  0.52859752689083517  0.53633914131740745
  0.54409643626931559  0.55178852850832738  0.55931301897631280  0.56664471603333688
  0.57381636680317538  0.58087890929621655  0.58781045250804664  0.59456342825400565
  0.60117710539889935  0.60761696296519430  0.61391161513383485  0.62012999229833388
  0.62632832464640231  0.63225015693053144  0.63817652329315100  0.64399415806049087
  0.64967031969442413  0.65526734341343906  0.66083217689958151  0.66635614805608423
  0.67173946728582967  0.67705742284729820  0.68236881929214399  0.68764383858180944
  0.69290568716508949  0.69811816627856293  0.70324507786396440  0.70829430478426902
  0.71322518984640326  0.71822048851761222  0.72329094538546179  0.72836474139309515
  0.73340290332989966  0.73838034723076373  0.74330747424048782  0.74822300519460883
  0.75304761867250092  0.75779918341696229  0.76251641023890149  0.76724192304785976
  0.77193489868093579  0.77662669313549659  0.78131075032571207  0.78602266889974126
  0.79077283235535234  0.79554365973179431  0.80034552994960118  0.80514567447265295
  0.80992839127778538  0.81488441950768087  0.81993514046076443  0.82513310251240568
  0.83047036073827529  0.83592885920365534  0.84159324331118390  0.84732894371771139
  0.85321390898755511  0.85941338329895933  0.86585610223253329  0.87263010139324537
  0.87986685815663068  0.88758734900383884  0.89591982310788842  0.90545161319939849
  0.91665314378378004  0.93076654607145060  0.95219665566221323  1.00000000000000000
   1.0097965404279945E-006  -1.0000000000000000     
 F F F F F F F F F F F F F F F F F F F F F F F F F F F F F F F F
  <DiscreteSampler_grid>
  grouped_processes
  1 # 1 for a reference and 2 for a running grid.
  10 # Attribute 'min_bin_probing_points' of the grid.
  1 # Attribute 'grid_mode' of the grid. 1=='default',2=='initialization'
  0.0000000000000000 # Attribute 'small_contrib_threshold' of the grid.
  0.5000000000000000 # Attribute 'damping_power' of the grid.
 # binID   n_entries weight   weight_sqr   abs_weight
    10   10   6.394445548955111E+005   9.622974698886670E+011   6.394445548955111E+005
    11   10   6.394445548955109E+005   9.622974698886666E+011   6.394445548955109E+005
  </DiscreteSampler_grid>
