  0.00960211057734843  0.01592582201495673  0.02515239540832705  0.03609174661312543
  0.04662169073470463  0.05734818948471748  0.06797089914713454  0.07844150748390596
  0.08864115562798623  0.09895538072488534  0.10919037926476741  0.11940068412182009
  0.12978557537102772  0.14012972912366739  0.15021105184561140  0.16018208970217632
  0.17032578355758132  0.18113635573475831  0.19216638043336459  0.20288734502176173
  0.21358046207216130  0.22405457212372762  0.23478789310539366  0.24526459780847137
  0.25560753740584830  0.26580038017384156  0.27611617139733524  0.28646805246187335
  0.29679758147357310  0.30684127085246449  0.31714765643301257  0.32743042441091641
  0.33799595500754120  0.34822522546783613  0.35848776492282131  0.36878908922934700
  0.37924604633662201  0.38978916574945255  0.40015951678825246  0.41035368675387679
  0.42047656285413681  0.43072670357964010  0.44099476820609268  0.45118377050430009
  0.46151775332099398  0.47213863047755550  0.48286311302772933  0.49352357031676564
  0.50434237184054542  0.51529345162280582  0.52632576332692116  0.53708288351144684
  0.54824122614735393  0.55927076589813107  0.57047178855641856  0.58168104846792468
  0.59275900259491310  0.60392395328899651  0.61500011278321765  0.62598664759493572
  0.63672499422094386  0.64729033006630565  0.65773328321671831  0.66802968725966305
  0.67818683630304988  0.68814106150870979  0.69803041914335295  0.70815436908963847
  0.71863464851406345  0.72922699313812678  0.73993271333761734  0.75064230659580700
  0.76139462340927055  0.77202936887557660  0.78256260661440680  0.79305590081791399
  0.80350236861963675  0.81374215626624691  0.82386418342679990  0.83394454640250892
  0.84411729325823637  0.85457790466612737  0.86524258478699523  0.87616341829779865
  0.88701958354858135  0.89788790234295590  0.90859871880543042  0.91892867217051266
  0.92872487656548375  0.93855297426399642  0.94861486649930560  0.95871715912330313
  0.96902879961428956  0.97943995373869031  0.99128909157683764  1.00000000000000000
  0.00000230130137992  0.00000279077452760  0.00000305117185807  0.00000329659080597
  0.00000353264936942  0.00000377022912226  0.00000400996752950  0.00000425758130068
  0.00000451446333204  0.00000478174529357  0.00000506224235879  0.00000536134588113
  0.00000567148082109  0.00000598256462565  0.00000629737593806  0.00000661337564110
  0.00000693393428660  0.00000726548991389  0.00000759420391652  0.00000794026918856
  0.00000830398692681  0.00000867673912546  0.00000904327138277  0.00000944361615497
  0.00000985302829940  0.00001026578346352  0.00001069385814889  0.00001114763696423
  0.00001162012551288  0.00001210177965134  0.00001260506714105  0.00001313231813311
  0.00001367247277893  0.00001421551570957  0.00001480297099248  0.00001543721662643
  0.00001606541232449  0.00001673834097947  0.00001746274939329  0.00001822081514775
  0.00001899300874933  0.00001980000563595  0.00002065857560344  0.00002155380720375
  0.00002248455962802  0.00002349586306171  0.00002459385446993  0.00002568850189829
  0.00002693337718152  0.00002824728744488  0.00002963590799187  0.00003111060987029
  0.00003276123470555  0.00003447579925746  0.00003633007723972  0.00003832627602531
  0.00004042641480442  0.00004269908482354  0.00004515094925111  0.00004774339836801
  0.00005053745523346  0.00005350678645172  0.00005674253424297  0.00006029397718001
  0.00006415669563113  0.00006825723290653  0.00007262759912736  0.00007731598426039
  0.00008255694509869  0.00008817942160776  0.00009465587464748  0.00010196798640232
  0.00011038043588595  0.00011974079795040  0.00012974651158333  0.00014108225198096
  0.00015345643080953  0.00016733826925239  0.00018297168664938  0.00020056787687085
  0.00022057390042989  0.00024286658515208  0.00026771272690400  0.00029817370579417
  0.00033333396964756  0.00037628668509070  0.00042495872580766  0.00048006468391688
  0.00054532301648617  0.00062479495361325  0.00072179397039463  0.00084860401353566
  0.00099631202569611  0.00121822829980060  0.02455192255491172  1.00000000000000000
 -0.00253003060938008  0.00963521814886819  0.01989164027714422  0.03063059604751634
  0.04136381905197755  0.05229502960270251  0.06329606128551213  0.07377765946099071
  0.08443313921329253  0.09500402469645780  0.10553055752719277  0.11574227150761647
  0.12596609383104201  0.13693572520863206  0.14777085892335445  0.15855028206798114
  0.16955604679206396  0.18052368540101504  0.19144872780905245  0.20240423568666582
  0.21338585603332078  0.22446727533598462  0.23535388328723544  0.24607815015606391
  0.25629736991439772  0.26636686446430097  0.27647844619157719  0.28672081111289638
  0.29707272196416812  0.30769638968415858  0.31793661176201959  0.32811166877106202
  0.33810665488628627  0.34812932344741332  0.35798670233088320  0.36797460158513212
  0.37812494054420992  0.38880627668814016  0.39909471965268395  0.40985888949279853
  0.42028410139709871  0.43117671876070635  0.44163455034628929  0.45224350473894120
  0.46267029574000973  0.47286146982420446  0.48292166429627487  0.49323059336724823
  0.50385146121645064  0.51492697403334731  0.52549442194827778  0.53623458826460768
  0.54680579030649501  0.55754556797282773  0.56840955969517881  0.57917482955430943
  0.58990247163905374  0.60050087906863581  0.61076164109327402  0.62090203543781075
  0.63098289542134078  0.64099635154428258  0.65093347042587191  0.66110461400065301
  0.67195081974015780  0.68342359350737147  0.69432805443777657  0.70469908847487184
  0.71537911744494409  0.72567760420430860  0.73617098395963998  0.74643873051975240
  0.75721635073999805  0.76814033603164733  0.77875778801020124  0.78958274744640911
  0.80038106771707240  0.81123471700369731  0.82206257479582323  0.83262706485654758
  0.84286399060977124  0.85346252320464766  0.86368953898186307  0.87411322378451051
  0.88411271198196684  0.89429593310636013  0.90474526422242019  0.91523943449969647
  0.92606421125076166  0.93683315994650163  0.94729542731723460  0.95796149960606380
  0.96841151096365574  0.97897659865079290  0.98946432613287139  1.00000000000000000
 -0.00241697743300930  0.00969227320251068  0.01981822460159412  0.03042260210795290
  0.04087569025028991  0.05136639290580284  0.06197632940575733  0.07272366409097374
  0.08345079862978040  0.09395359013594956  0.10434445378627540  0.11454677133947383
  0.12481259100373650  0.13496309656661029  0.14535668296178889  0.15625304851635588
  0.16741267299000340  0.17779774335279722  0.18793139749135376  0.19842086144319909
  0.20885965343511043  0.21905604268019230  0.22944797876462156  0.24047091002774615
  0.25114315579322705  0.26151154817762068  0.27165921363465279  0.28213319355586453
  0.29214497767794301  0.30211226764582855  0.31195584158593731  0.32212369323321077
  0.33284187713014446  0.34370403034844021  0.35449621606335457  0.36491599821029463
  0.37541531923189192  0.38570173515852579  0.39583610235301459  0.40608389964110903
  0.41652928189352190  0.42698804398075291  0.43734151983315100  0.44775588145687084
  0.45832528091914948  0.46896054816846977  0.48001876101484064  0.49123729616783668
  0.50261163336140680  0.51352808111670889  0.52411720814127005  0.53453456562935431
  0.54525103943005637  0.55624847687277645  0.56734232312644373  0.57769192072291298
  0.58803836483964333  0.59808967031988713  0.60839422437925006  0.61874193348308049
  0.62916299505668882  0.63970538221089357  0.65033617322725912  0.66092265713060372
  0.67184925561388764  0.68250227864471424  0.69297259130360134  0.70304922311568641
  0.71330494578778447  0.72342028752473730  0.73363677576330089  0.74374156092638277
  0.75393873654906673  0.76413614032599086  0.77482246010925571  0.78598935112980528
  0.79708624580509779  0.80773989030661286  0.81829988513300878  0.82886099630724697
  0.83935416670518748  0.84963411416678358  0.85978192082658467  0.87000849883220888
  0.88075915041406283  0.89151665669618763  0.90233400896628435  0.91299017377331371
  0.92366199606391786  0.93436306134202340  0.94529930144821694  0.95644431329136115
  0.96761982569675464  0.97846706410145712  0.98937714365384444  1.00000000000000000
 -0.00249694811493299  0.00974846401647233  0.02022755693925243  0.03120641704525094
  0.04206591589931025  0.05263953198923525  0.06302650912030085  0.07329221674433110
  0.08357329038356814  0.09360685174539433  0.10340616769699970  0.11295130485507378
  0.12255938427504379  0.13262636665476590  0.14260394547898173  0.15294026919203121
  0.16362098866996597  0.17443473843331148  0.18515568969003435  0.19563165846197353
  0.20630146141391056  0.21687879169897792  0.22710463274456663  0.23727778936918267
  0.24712068616232524  0.25741806520818061  0.26750304208288800  0.27855189961989818
  0.28972701208220841  0.30083655548126897  0.31142972800870267  0.32150001447963145
  0.33145982034742399  0.34129511825100373  0.35110154885470563  0.36114643762436355
  0.37117599001271417  0.38175095957661992  0.39201384981771636  0.40280651346631402
  0.41377057895505448  0.42454590747741150  0.43529716804064150  0.44545077491501062
  0.45579253615002940  0.46578082022665224  0.47589048377746074  0.48592124838829209
  0.49627249016200803  0.50680621458185693  0.51759732583377827  0.52886903660874196
  0.54021683767585438  0.55179319392566417  0.56326741642858436  0.57480638373444148
  0.58605396918245334  0.59725044840358921  0.60835734958999943  0.61931836327867029
  0.63063902423527496  0.64208703254286759  0.65311414822889224  0.66381729654625798
  0.67425655473891655  0.68467138698090690  0.69504517364106566  0.70517151504304265
  0.71529989633359858  0.72513343216631787  0.73535005596574166  0.74596391038438592
  0.75680947800874743  0.76777485394826939  0.77862793269511021  0.78952317361944380
  0.80022160799232445  0.81073743287839972  0.82117407368769302  0.83162781397567553
  0.84216581956192083  0.85261280524541461  0.86296442679432517  0.87338694308458154
  0.88398947192875865  0.89470533787112638  0.90502397095809028  0.91497546329629598
  0.92496221865790373  0.93482949352264599  0.94532638444652051  0.95605349240561632
  0.96730396213551584  0.97842557937703178  0.98920914931557513  1.00000000000000000
  0.02351311322947136  0.02842796538326053  0.03416165839357737  0.03957621004387108
  0.04509125080712132  0.05078170327920911  0.05658802736493667  0.06243671486336583
  0.06815165666607359  0.07373506597891231  0.07929072620642069  0.08490087774171080
  0.09079089538754413  0.09673267115118304  0.10259621804078724  0.10863540527832451
  0.11479163462831357  0.12115955318135473  0.12760445762195982  0.13398455204088497
  0.14016146329552631  0.14643781598186784  0.15297186390044229  0.15964012637119093
  0.16636135870052216  0.17313215640742749  0.17991253347329964  0.18675254021551391
  0.19357971694504969  0.20058683249983689  0.20760769049967870  0.21485187597569819
  0.22210873433189243  0.22957622379787684  0.23711769137903169  0.24458132244982761
  0.25212535965134852  0.25994263868348261  0.26766836047359677  0.27573184932304523
  0.28396360923931963  0.29239457253413426  0.30066472550530526  0.30881196458040006
  0.31689633141078910  0.32492308594531738  0.33301345676754168  0.34121570905346643
  0.34956709931623986  0.35818669968148126  0.36693754142359064  0.37564501325663746
  0.38442868342479486  0.39343650421148302  0.40288980551169812  0.41246312519572714
  0.42214100792521941  0.43201656640328495  0.44214519004037517  0.45246758007903221
  0.46272663095822908  0.47313803163239876  0.48373209481155316  0.49493734919698107
  0.50605030797939876  0.51717149302447085  0.52823178872681198  0.53938107156977633
  0.55077433033168499  0.56221817025645393  0.57355463377012528  0.58483398503711770
  0.59630698568494178  0.60801175041136868  0.62002975788444437  0.63268221552370718
  0.64593898431439245  0.65941206591782953  0.67327075609623244  0.68715641972610042
  0.70083254612403834  0.71497597536941060  0.72984258944515257  0.74473892864070301
  0.76024276835300442  0.77626343126904718  0.79297205830717854  0.81027190649598413
  0.82752375240250653  0.84463536540249440  0.86274286398573219  0.88249667868885051
  0.90498420835601789  0.93073325963315312  0.96081092293812620  1.00000000000000000
 -0.02034990457783586  0.12950814550423356  0.17635910333409091  0.20806241925626909
  0.23506305935401431  0.25844140910740115  0.27937715820991305  0.29830742377204650
  0.31558052431407246  0.33174642649140201  0.34720443907000209  0.36141378993780499
  0.37473696992387184  0.38789762453173543  0.40063129160969052  0.41286319881612688
  0.42454845915713424  0.43584548612919716  0.44672373690271633  0.45717272713623297
  0.46718402621573346  0.47688140316054911  0.48648415012892554  0.49590442197408507
  0.50502879747752494  0.51392033240048840  0.52263377320972793  0.53120718501353570
  0.53953346347717768  0.54765916270495207  0.55569384473220196  0.56363925597839293
  0.57145539811346557  0.57915194194958319  0.58665007891736154  0.59389722833650682
  0.60103327078025326  0.60801916306730597  0.61478484847336745  0.62150018107410965
  0.62803643549664656  0.63450153438915535  0.64092413688432914  0.64730080258468514
  0.65345929328948449  0.65953290834672640  0.66547068025486344  0.67124957670774954
  0.67690006792206825  0.68248203076836744  0.68800344326197116  0.69341402519252693
  0.69879499087034669  0.70421136410410412  0.70955113962238514  0.71479530619187748
  0.71994081976183832  0.72503992608680212  0.73009172215682427  0.73524125071554602
  0.74033136843908076  0.74539144543746538  0.75036693774214069  0.75526708856105451
  0.76006323014502075  0.76477129718792825  0.76950494926668600  0.77439249598626203
  0.77937973953092488  0.78445466125406349  0.78949087164419995  0.79438924111604259
  0.79915484274534776  0.80381600392127817  0.80844863476424833  0.81311684086017788
  0.81782809088085850  0.82266003293125523  0.82757037270755052  0.83268689962932696
  0.83787742150327238  0.84317449953181578  0.84855203464552476  0.85408708822879020
  0.85994006625935970  0.86611311022380322  0.87247311694335761  0.87909886329819353
  0.88608943139484719  0.89350409018868848  0.90172509451556282  0.91102969976972104
  0.92194050741001521  0.93556855683583562  0.95565700136996456  1.00000000000000000
   1.8612842324679663E-010  -1.0000000000000000     
 F F F F F F F F F F F F F F F F
  <DiscreteSampler_grid>
  grouped_processes
  1 # 1 for a reference and 2 for a running grid.
  10 # Attribute 'min_bin_probing_points' of the grid.
  1 # Attribute 'grid_mode' of the grid. 1=='default',2=='initialization'
  0.0000000000000000 # Attribute 'small_contrib_threshold' of the grid.
  0.5000000000000000 # Attribute 'damping_power' of the grid.
 # binID   n_entries weight   weight_sqr   abs_weight
    10   10   6.684682237278794E+002   8.769899779744282E+005   6.684682237278794E+002
    11   10   6.684682237278794E+002   8.769899779744282E+005   6.684682237278794E+002
  </DiscreteSampler_grid>
