  0.00258990656864185  0.01288489140090054  0.02178215729618932  0.03215784705440413
  0.04268229256241871  0.05295950622048369  0.06315564252403406  0.07321261434849134
  0.08345927814459034  0.09355014382326386  0.10351450189830870  0.11331099880427867
  0.12326623730449726  0.13347429473441905  0.14393543282006235  0.15454047764366569
  0.16520402830567951  0.17564634149099867  0.18631856383633716  0.19705453914494026
  0.20787534893809190  0.21871058823026165  0.22958301173424905  0.24075752345381476
  0.25177178820735063  0.26222096690945162  0.27238312319739588  0.28235087433327549
  0.29228101833745185  0.30210202896739635  0.31203563460439010  0.32217327119573663
  0.33249790079455238  0.34283621252684093  0.35321274068527131  0.36352079007192217
  0.37421437218399412  0.38493765840913835  0.39559128280252526  0.40591359029966256
  0.41635446403432558  0.42710203480605652  0.43805560881518840  0.44909376463085410
  0.46004195236127010  0.47072191072883524  0.48131112926649128  0.49158927668007613
  0.50181972711186651  0.51201648130331368  0.52226288573273227  0.53250269512716919
  0.54297695862031681  0.55393993059625912  0.56500539321941634  0.57559906510408010
  0.58604488015374667  0.59661399754899325  0.60724648549253601  0.61756237134982817
  0.62787696069462806  0.63835291968752850  0.64885977429244057  0.65926864011450825
  0.66957772579867214  0.68005110448459682  0.69060520732256869  0.70106393230587005
  0.71130315893395002  0.72162497618475951  0.73210929566704552  0.74284205181772278
  0.75368297675426232  0.76460975700265332  0.77551233986465595  0.78627366841628543
  0.79701678056586467  0.80783212177991515  0.81858905736404086  0.82934127870303131
  0.84016889474446466  0.85102727347635188  0.86208887109678078  0.87301021388166244
  0.88404042276130979  0.89508461391637528  0.90630991167736763  0.91699901066788292
  0.92731834838897642  0.93761547091924169  0.94830817318700411  0.95879923573255899
  0.96915237384507791  0.97954917100761230  0.98979280270459480  1.00000000000000000
  0.00967388543504784  0.01609570450501118  0.02502392089918169  0.03569065690813758
  0.04563301771435056  0.05574120613883692  0.06593399081480715  0.07663022220707584
  0.08704437269948304  0.09727130484086412  0.10767460184003763  0.11792402494736347
  0.12829687358330585  0.13858735693276650  0.14899968687422641  0.15931638581414836
  0.16971377483481870  0.18018625089108414  0.19047938030548900  0.20073347426186625
  0.21091894218426033  0.22129136145401265  0.23152708179049711  0.24165092838013619
  0.25183089576515427  0.26218492223530909  0.27232124643694738  0.28243060826103655
  0.29260824268830837  0.30301073497004805  0.31348804769446376  0.32373311852179709
  0.33392923898611204  0.34404893713895579  0.35420825937962008  0.36472172644110989
  0.37508350645008753  0.38522103230790405  0.39529237734802353  0.40554857036807251
  0.41591488438533758  0.42599755715715787  0.43575858273271517  0.44542799269185473
  0.45534012472674307  0.46566278451320947  0.47620291777264712  0.48670405121308680
  0.49742951476827230  0.50836626684419950  0.51939941592380956  0.53020760461586947
  0.54082635639042209  0.55123638686200360  0.56157098499611457  0.57186064791127855
  0.58211521542417677  0.59232456869487249  0.60266094166999495  0.61319298157771851
  0.62367542855944569  0.63389310137597987  0.64408517006982668  0.65450367369290485
  0.66509178969134430  0.67556323780095551  0.68590960831008130  0.69622253121912037
  0.70657989152080747  0.71688531665457256  0.72721511507317194  0.73773909013667049
  0.74826904395030314  0.75879053167842370  0.76933929239344223  0.77986843483288026
  0.79044106945966475  0.80118105889860491  0.81215191052717484  0.82315460667842488
  0.83394552248206710  0.84459959531302531  0.85516777989895976  0.86538667383446133
  0.87570917467113785  0.88594009644400917  0.89618516702336293  0.90617867317925360
  0.91611896532271664  0.92623946932857093  0.93656631790177403  0.94698541033670081
  0.95770268731155961  0.96870158668699369  0.97991409066397095  1.00000000000000000
 -0.00235650826173465  0.00846297889501864  0.01767589963695735  0.02706843153843921
  0.03646261431628973  0.04576481439878601  0.05511611112649884  0.06464784239460915
  0.07437709507934276  0.08414011667336134  0.09395867646070978  0.10390806032301025
  0.11407440675597028  0.12438221111448089  0.13475936914714773  0.14524370412666435
  0.15583071452671970  0.16654355412625729  0.17730793913095569  0.18814433673858719
  0.19916492035475253  0.21047608989631814  0.22193308375960036  0.23330215221062983
  0.24462060612566519  0.25599615704891365  0.26742976565559340  0.27900557378003499
  0.29065933481854789  0.30233635589176766  0.31406368625006398  0.32594720044772851
  0.33789880179715626  0.34991731578279051  0.36226633998655827  0.37485847786684695
  0.38758318029556932  0.40028310537672418  0.41300592602429614  0.42582088440796778
  0.43831017714534587  0.45053094197476473  0.46279213845592720  0.47540060955130631
  0.48834703599005475  0.50135369559151177  0.51429441613017868  0.52730498010237137
  0.54024911968952771  0.55282875744012561  0.56527185773610011  0.57794689054481085
  0.59054018120016050  0.60281161464579125  0.61495205258470864  0.62674297129082357
  0.63822961327470595  0.64970341739521398  0.66119820560938247  0.67246661155930498
  0.68335261868259789  0.69429730212759955  0.70555724533233144  0.71667530552709313
  0.72725729301251574  0.73738432615328220  0.74728157925694905  0.75745305930802387
  0.76767243513298034  0.77813161240850903  0.78855674208197069  0.79849724349623663
  0.80799954146191244  0.81696168293946225  0.82581728522514641  0.83453837346172177
  0.84347353841443640  0.85242447827406964  0.86145740357337042  0.87026314230411128
  0.87900247679599419  0.88780119965091164  0.89660638061378495  0.90542805614924848
  0.91410948074105514  0.92246897548379303  0.93063536075791753  0.93867998552323728
  0.94656286300966097  0.95432364608122489  0.96196727933955928  0.96959891196950532
  0.97720840083990890  0.98487503168588153  0.99245158901061215  1.00000000000000000
 -0.00235217422554719  0.00940632019276873  0.01882812584650753  0.02894811937041744
  0.03889878189844062  0.04872095741133399  0.05861131202121477  0.06876156786505307
  0.07936506847167397  0.08976926909609134  0.10014922961691035  0.11047505021714851
  0.12065898189503027  0.13067203242755876  0.14094904231430486  0.15153900550492416
  0.16202751425872117  0.17214441673684264  0.18224202353250413  0.19302464565178545
  0.20420156241205781  0.21549520406871522  0.22650165060908248  0.23781824200202040
  0.24934631564989418  0.26114363342552049  0.27284087771045673  0.28424862239288312
  0.29537347971429240  0.30630727222949772  0.31707611416164305  0.32772587378898721
  0.33833715859779806  0.34894850127276428  0.35942918151969672  0.36974224053185095
  0.38001478302253489  0.39032832178393245  0.40094247830603319  0.41150948410145449
  0.42207253896136554  0.43262651376814409  0.44328523818142163  0.45396822984617557
  0.46468320469321972  0.47536063895490538  0.48574533331586861  0.49575732687070473
  0.50574595509628539  0.51604993994124981  0.52679936266638172  0.53754487171937648
  0.54817348360156082  0.55893981835214657  0.56983343560145416  0.58092218984857102
  0.59179281802345485  0.60220823602863727  0.61239937623524576  0.62268439188194324
  0.63305321270827319  0.64345152338880396  0.65381369275480372  0.66417949071326232
  0.67431578988239516  0.68456814667996635  0.69510828462344165  0.70585121032432463
  0.71618375254089206  0.72655180363240601  0.73704338232704558  0.74781841642447955
  0.75852710843185156  0.76907130171810312  0.77966293079416160  0.79035022774486841
  0.80088015539270563  0.81125284232925532  0.82155675315230070  0.83183785196783355
  0.84182320841303815  0.85185921235835338  0.86245095254091486  0.87335274823048281
  0.88412567106444651  0.89484390897494970  0.90553701083924976  0.91616098418902414
  0.92673232568650765  0.93754868286073090  0.94840297776714944  0.95885165913840698
  0.96917593050096529  0.97942487296699565  0.98973366396217377  1.00000000000000000
 -0.00229409254337177  0.00916941919601603  0.01920045973473061  0.03006485744146913
  0.04052655334965406  0.05132926008899698  0.06188945025011384  0.07231041559323063
  0.08254318027750389  0.09328885469912057  0.10405251487468344  0.11479731594770952
  0.12547472617007074  0.13638684627534381  0.14730509827061167  0.15828251893795806
  0.16897999132602620  0.17939069464409546  0.18955316888743315  0.19969641399398824
  0.21007597124313970  0.22061608907905095  0.23134198377414922  0.24190045742671043
  0.25226593197062652  0.26256043329513062  0.27282180770764164  0.28301017213574148
  0.29326613720015443  0.30347169461575019  0.31365585299486487  0.32372209747729508
  0.33392878882730553  0.34484892602462053  0.35562469756993820  0.36655162110966566
  0.37740412222524089  0.38872278744951966  0.39965744375092588  0.41025791797487610
  0.42127919160099253  0.43246905911569772  0.44377847315848429  0.45512183020598579
  0.46585912143676245  0.47664598558671717  0.48742067364748592  0.49803654717348012
  0.50854565445531619  0.51878771722637707  0.52984198560861939  0.54089654784081531
  0.55096573556954775  0.56078452869728723  0.57040053810056046  0.58060169433884379
  0.59122344220242262  0.60176956641229540  0.61224056824664130  0.62262459704488526
  0.63317708639078463  0.64384056616221397  0.65450809255168230  0.66522288221294479
  0.67614011961798470  0.68710025180165257  0.69782741992425990  0.70815026577566909
  0.71821787584085217  0.72828394861452372  0.73865105468793912  0.74926474796681120
  0.76008158618813348  0.77081922275457715  0.78149473335336728  0.79206278361676163
  0.80241123557377969  0.81252233963038578  0.82259801016717460  0.83292784200709846
  0.84340114010065703  0.85386060738848102  0.86409950791270496  0.87429728254856820
  0.88437871935415913  0.89436130270584824  0.90453646428990253  0.91476087845505494
  0.92571654977742146  0.93673561333439936  0.94767866713413873  0.95798910333114973
  0.96843498381646753  0.97879608628917369  0.98928769825832530  1.00000000000000000
 -0.00201388735014671  0.00972643879226772  0.02000770869273570  0.03072574150948206
  0.04167365119255282  0.05246463953942271  0.06313004416080130  0.07379795302444687
  0.08434056212005643  0.09465881085146671  0.10503645955402831  0.11519298770522057
  0.12568865511542912  0.13621643999752783  0.14693646500101185  0.15760292511359250
  0.16826515327644320  0.17845725110517369  0.18855339027569848  0.19847774711400304
  0.20874586707442094  0.21928361057362225  0.22997599676175207  0.24044179019012307
  0.25074367938389691  0.26089375517580232  0.27128914793205972  0.28182853655936529
  0.29254487728135936  0.30336398045285312  0.31427143149804826  0.32504356337760365
  0.33571949282960967  0.34585816749093273  0.35600908832402789  0.36612646326981524
  0.37625663657136010  0.38639695472911950  0.39663436032228594  0.40701177559562762
  0.41724354546421499  0.42732923855575022  0.43758047597184396  0.44843851808831559
  0.45934381114177381  0.47042390337039958  0.48128442851141373  0.49212971963255758
  0.50273293920300022  0.51318902554487633  0.52356182400564066  0.53392766849439377
  0.54451449729910939  0.55510128781741241  0.56573167974111871  0.57619755734646794
  0.58675434808578852  0.59738811418302318  0.60801353012086667  0.61869559446060063
  0.62928213006876077  0.64000472393606644  0.65064301340894803  0.66140920270577674
  0.67221050622013057  0.68303020469788145  0.69373497503440140  0.70403614657049129
  0.71430678502227563  0.72458909696225671  0.73527697072115827  0.74618445938755507
  0.75707718322565998  0.76804744146808546  0.77875263796564320  0.78951688531442377
  0.79999414644251277  0.81012822500381632  0.82025704350092743  0.83066731191049670
  0.84184057536668588  0.85309440053624686  0.86419861697499178  0.87523954529861292
  0.88624814952623654  0.89692122631767746  0.90742619025563542  0.91781778439656259
  0.92809999059714199  0.93832900207790737  0.94904981519499854  0.95996298188173501
  0.97021955131841409  0.98021537789314772  0.98997704719367785  1.00000000000000000
 -0.00253358466282520  0.01179418495405937  0.02381809387822519  0.03607883814928665
  0.04796382462818115  0.05962302743995306  0.07113926907799009  0.08243072531389951
  0.09382973552412933  0.10520677207887419  0.11632690130112761  0.12709133238691961
  0.13767362223160606  0.14824238766722966  0.15897804274843375  0.16989821807774799
  0.18087917808050344  0.19199027135967681  0.20327566843637926  0.21447147707881295
  0.22519094323217531  0.23549298057151705  0.24564236952526053  0.25579850214258182
  0.26605978660829471  0.27641941997846720  0.28679095540903471  0.29701877894254092
  0.30709393415213415  0.31680795105761778  0.32611187053546048  0.33541175475679363
  0.34488567101062345  0.35483417845007353  0.36485268038438584  0.37482289526220597
  0.38470011253871572  0.39434375419221473  0.40392646165736212  0.41343380638059163
  0.42296956829395871  0.43286535435501933  0.44295204136733302  0.45342537656129972
  0.46326478780109770  0.47306579829902884  0.48251004316126339  0.49223586474879383
  0.50195571544698903  0.51198275920390779  0.52190191122078666  0.53193107757296787
  0.54148220204139264  0.55116687068731773  0.56083667766740986  0.57060098129810066
  0.58035493457611076  0.59021745268492820  0.60003349007007989  0.60958326411540209
  0.61884820680885777  0.62815725897392538  0.63766912320865810  0.64729460012040285
  0.65702629321415407  0.66701650636094234  0.67725301715615505  0.68752797280617861
  0.69775411785003605  0.70788851715771495  0.71793534943068760  0.72796285921288717
  0.73810526258824516  0.74842560446681650  0.75877183662498671  0.76916970361809012
  0.77965205497552570  0.79025919278503309  0.80094597897026731  0.81173136213638963
  0.82258983154716281  0.83370400148795887  0.84502659964531812  0.85636378092041099
  0.86744186066150597  0.87864635665473390  0.89016591521143162  0.90169578919405269
  0.91301441764970448  0.92437802489863796  0.93593363008371055  0.94768736893788452
  0.96019807750588171  0.97335749357981838  0.98683496683040639  1.00000000000000000
 -0.00216023549475340  0.00887794796166399  0.01866854942819488  0.02888073010267577
  0.03926151967912104  0.04938886079199764  0.05966059884057440  0.07024726627831301
  0.08129637206983895  0.09236453469111362  0.10327237233983645  0.11376332926732914
  0.12420215762523164  0.13497446232944899  0.14580810914565454  0.15640388712093153
  0.16707054400268340  0.17753800470526654  0.18810162762391031  0.19831097766617692
  0.20873419399649557  0.21953709645181280  0.23037231149940643  0.24149546623412543
  0.25248117546327431  0.26345642581732948  0.27417246619154229  0.28488460742719074
  0.29571698722976775  0.30643935918359766  0.31710608721869737  0.32787938699369773
  0.33889096964268334  0.34990111002366048  0.36075871461236753  0.37141940526112738
  0.38187581828209882  0.39220255919318953  0.40257230315198234  0.41329076788309999
  0.42435245087541773  0.43540578680213626  0.44617405651940401  0.45674048665057282
  0.46752120442606293  0.47860407766810686  0.48969793138903572  0.50077237723492130
  0.51143487245013874  0.52198359671879102  0.53244422019855397  0.54302193979596314
  0.55366049760616198  0.56414739103430833  0.57453448052614708  0.58500636689221019
  0.59561667553887498  0.60624889026433171  0.61669048453738462  0.62709278082739317
  0.63742984050406737  0.64786110797754337  0.65828170288593091  0.66867979585308113
  0.67892813138936847  0.68909650929491972  0.69920690856738266  0.70928955516713244
  0.71953134110689776  0.72991269924368951  0.74042911910906517  0.75105361848110708
  0.76178932473441219  0.77250718068557589  0.78310838939599403  0.79347413308162440
  0.80360195860415773  0.81377875543445599  0.82403143396212974  0.83430250661140826
  0.84443312969819428  0.85456314476318773  0.86477709996591046  0.87513085586946249
  0.88548831807118633  0.89580687365506129  0.90613083696092500  0.91648389671964103
  0.92686260238626483  0.93737371766287003  0.94788830609449115  0.95800655896856102
  0.96808123480119845  0.97805687980818767  0.98908280266941806  1.00000000000000000
  0.12408591493049249  0.19222614999529747  0.24119441612269998  0.26230765887569046
  0.27101670599502403  0.28158281666701340  0.29366431926643860  0.30698023634497862
  0.32038280263903490  0.33172695191467672  0.34118149372499362  0.34963256491343569
  0.35748205617019074  0.36489255010663618  0.37206225009129174  0.37906158018507768
  0.38587733028332449  0.39266360205377038  0.39924346158712909  0.40570174235388839
  0.41204423095070697  0.41830141788054620  0.42451131759353194  0.43070317974022992
  0.43686858630586695  0.44295112489724825  0.44902555980356951  0.45514522089675180
  0.46109805972022083  0.46701580048937813  0.47292596345317189  0.47881937575505518
  0.48463682196531477  0.49040520475693317  0.49626210501870893  0.50215708250736346
  0.50804595727385959  0.51389637361406348  0.51973037381922971  0.52560801377570998
  0.53144522923927229  0.53721901775571002  0.54290178694217572  0.54848875599641145
  0.55408721734297106  0.55976394410225661  0.56554740329559450  0.57138217740298236
  0.57723421507125261  0.58312169581301987  0.58907085512680735  0.59505720814320850
  0.60108681366884431  0.60726840287981398  0.61370220086768845  0.62035166375675710
  0.62706119503453772  0.63361496231290881  0.64005912641667495  0.64648647005636151
  0.65297921313348573  0.65947160205696009  0.66593032392548535  0.67236931084669516
  0.67888062840509511  0.68547138824660481  0.69222234469600463  0.69914829506925169
  0.70614215732122965  0.71321397674168552  0.72035538191670190  0.72749157304076506
  0.73467503286005353  0.74195069116838819  0.74946384420692214  0.75724258629860375
  0.76516944629382622  0.77326720627925949  0.78150467305051752  0.78968762514373192
  0.79795157584579868  0.80628648096551092  0.81491144369420654  0.82376224734011227
  0.83288449477097537  0.84270539605134276  0.85285596641005701  0.86344390270875637
  0.87470200709894397  0.88689005476170446  0.89963299464191071  0.91265994932719030
  0.92703147614653358  0.94366412415687462  0.96626143387145680  1.00000000000000000
 -0.01924173650704267  0.12290736479133618  0.16724138629449284  0.19493211396917753
  0.21735244136463217  0.23665857699988890  0.25349799228063780  0.26888958273162195
  0.28328172434501830  0.29658629646279244  0.30894753420634691  0.32071774357620692
  0.33220545239026911  0.34326577160199884  0.35395067926712970  0.36425917928952717
  0.37437431682072697  0.38412889718848126  0.39361278766962654  0.40280373360861077
  0.41176158738524110  0.42049055179606337  0.42893470208939183  0.43728484878266938
  0.44570241221145929  0.45404719462220333  0.46224910397126751  0.47014298990294062
  0.47780427927782670  0.48528098892373839  0.49266450817796464  0.49999043536353660
  0.50728835927054050  0.51458785309643373  0.52180071996325605  0.52881954205854509
  0.53567761284095661  0.54252071374501976  0.54938168049322456  0.55617815303745977
  0.56291864429580840  0.56947501395353783  0.57590776412909006  0.58232228427427701
  0.58867346779147445  0.59501439670179912  0.60134922133480051  0.60754983534076890
  0.61372703570063436  0.61981034505819521  0.62575775997804495  0.63161604905687985
  0.63741682812296829  0.64326075504256996  0.64904399811586233  0.65460963442565590
  0.66023634405604981  0.66594213224293941  0.67166091405950978  0.67733627363431181
  0.68295201424440255  0.68854224376342910  0.69415257466243008  0.69980845479148623
  0.70546394774896548  0.71105664875073882  0.71663470109930616  0.72217845165650341
  0.72760076506639293  0.73304922887613866  0.73860879548173275  0.74429572404028976
  0.74996772509521703  0.75553277551517406  0.76103516426651363  0.76657597070360173
  0.77219350192011926  0.77787106715225052  0.78355843420856519  0.78921030963763605
  0.79508977594840347  0.80122072980270509  0.80750713318976342  0.81398595195057055
  0.82074395405478062  0.82772473826210202  0.83497821538054096  0.84296521049628681
  0.85113333537387559  0.86022501224367753  0.86994222716104608  0.88081815753327541
  0.89386808641946602  0.91172956992960330  0.93885862375221674  1.00000000000000000
   2.1657987803736642E-006  -1.0000000000000000     
 F F F F F F F F F F F F F F F F F F F F F F F F F F F F F F F F
  <DiscreteSampler_grid>
  grouped_processes
  1 # 1 for a reference and 2 for a running grid.
  10 # Attribute 'min_bin_probing_points' of the grid.
  1 # Attribute 'grid_mode' of the grid. 1=='default',2=='initialization'
  0.0000000000000000 # Attribute 'small_contrib_threshold' of the grid.
  0.5000000000000000 # Attribute 'damping_power' of the grid.
 # binID   n_entries weight   weight_sqr   abs_weight
    10   10   1.200403386506831E+006   3.005313758570507E+012   1.200403386506831E+006
    11   10   1.200403386506830E+006   3.005313758570505E+012   1.200403386506830E+006
  </DiscreteSampler_grid>
