  0.00274643694405909  0.01217385020657703  0.02300912217907046  0.03323982595167954
  0.04350251482552263  0.05365157637292180  0.06410807050446515  0.07487634107984907
  0.08593541038764006  0.09714132756306568  0.10784766684335489  0.11800402486197416
  0.12804063066617244  0.13811184194587489  0.14843267886705527  0.15909356819453377
  0.16998348108270214  0.18090046010052113  0.19133345030668841  0.20183181515074675
  0.21222058975245892  0.22257735673439227  0.23286266554155746  0.24386622770093963
  0.25463907753404735  0.26546723440952058  0.27638398160501093  0.28739422202189152
  0.29813210977026516  0.30822351044723550  0.31843242430403129  0.32874377852245851
  0.33902874270006744  0.34892706420222497  0.35866672216363038  0.36867301767166483
  0.37921162719841117  0.39068908020037474  0.40233869493109442  0.41345503961821789
  0.42436415073913619  0.43521734829550140  0.44579313410880489  0.45614917618100848
  0.46602208124656425  0.47586301278972237  0.48563241859157663  0.49531277420098790
  0.50494938544226164  0.51473855930377310  0.52480745388946670  0.53534085198895620
  0.54574683751206443  0.55590797262151803  0.56596193007294926  0.57601601839692418
  0.58601893062927601  0.59612190698873313  0.60661511842562410  0.61745431580176124
  0.62883887048359466  0.64023764647922443  0.65101637705726245  0.66139878980294953
  0.67208565613595006  0.68356702788110824  0.69453913265444756  0.70455969503955684
  0.71449029015631804  0.72463848418078480  0.73424407269246161  0.74259827332702855
  0.75077191529183640  0.75930027117573173  0.76902903262228628  0.77945765088593688
  0.78956507262859310  0.80004451434858370  0.81039050203538643  0.82115606551932518
  0.83257660400292655  0.84465595130575444  0.85627661903322982  0.86732780113604779
  0.87869585420611196  0.89091783008505565  0.90252844062070281  0.91349921230891939
  0.92426808652405223  0.93499986072406316  0.94573006096458112  0.95671694310957933
  0.96774114080416540  0.97790165860884015  0.98888299891866849  1.00000000000000000
  0.00988396064644000  0.01527381790206845  0.02377554049568528  0.03436710072209955
  0.04482313994263465  0.05479872865285063  0.06458291377100127  0.07447867790268659
  0.08449217965452549  0.09423179916121124  0.10388341641400314  0.11414063515742173
  0.12510747726637333  0.13639579960355708  0.14773146797241521  0.15846072819827794
  0.16891384700106418  0.17951502043833456  0.19027118316704664  0.20095720571995970
  0.21122587332195741  0.22143977610259960  0.23186698487042898  0.24262508301674862
  0.25353573251874706  0.26435341563694342  0.27459816799833853  0.28454743203457444
  0.29453359397066925  0.30453256702096998  0.31434110917913927  0.32394872416983095
  0.33327666233318076  0.34279040774221825  0.35289001293958538  0.36336589125273100
  0.37385954867872878  0.38412602751679070  0.39421344197974129  0.40493092162367855
  0.41540623942416566  0.42626283604349052  0.43683729063467214  0.44731697926832065
  0.45728199868947972  0.46715628086224759  0.47680419983695221  0.48695432729014171
  0.49706253507461506  0.50841088347239349  0.51938705503092986  0.53066784597233507
  0.54177899703212440  0.55312873410168018  0.56450577918486911  0.57482671475167924
  0.58476647891797406  0.59459745709629708  0.60451450307608345  0.61534022117560705
  0.62596088942567929  0.63594337572384596  0.64621237849057478  0.65636417599123775
  0.66666905152259504  0.67693146543269089  0.68716331623970561  0.69695764028067386
  0.70659479865288677  0.71628666965080390  0.72655009771609635  0.73724577210407372
  0.74873362485829476  0.76034426933013455  0.77149484950051239  0.78174136888543488
  0.79161351970359428  0.80150025318784468  0.81144927978379011  0.82150966454006635
  0.83202920268038127  0.84259055524741022  0.85340128730591858  0.86384710752282989
  0.87433880179867829  0.88518029271611098  0.89617048176336589  0.90720185454180868
  0.91826937982315693  0.92892364781646930  0.94001217835004258  0.95080917283955313
  0.96221120892129108  0.97419448414325982  0.98694747842852637  1.00000000000000000
  0.00000069053566915  0.00000254832802285  0.00000675279702401  0.00001118257588533
  0.00001548977006771  0.00001967455755951  0.00002438741104477  0.00003004626206113
  0.00003673741369956  0.00004451248987616  0.00005353940132174  0.00006407840487440
  0.00007573076282568  0.00008828019091315  0.00010189245027214  0.00011610423862869
  0.00013091778654888  0.00014681103546748  0.00016374367479108  0.00018157441728375
  0.00020015562818388  0.00021918295322560  0.00023932098693250  0.00026025252054602
  0.00028155158436860  0.00030367335065129  0.00032713454953241  0.00035256621974447
  0.00037846479907949  0.00040466377091963  0.00043262145842369  0.00046263505509133
  0.00049427304778487  0.00052754028697174  0.00056271463950949  0.00059948369441849
  0.00063706438376030  0.00067529277085977  0.00071457924380944  0.00075479207369818
  0.00079501036421670  0.00083631365935841  0.00087766693759076  0.00092367452335851
  0.00096848558750922  0.00101125610855997  0.00105300013665573  0.00109402604854637
  0.00113696130722336  0.00118926812584142  0.00125216394091588  0.00132123024025670
  0.00139004811655427  0.00145544190581320  0.00152005539643842  0.00158619675818402
  0.00165564517117988  0.00172447259508072  0.00179445515990145  0.00187055638890691
  0.00195415011516304  0.00203728751556548  0.00211350409114955  0.00218818645616097
  0.00226552786192213  0.00234344112867676  0.00242580532103133  0.00252408563250121
  0.00262986025521155  0.00275397834814159  0.00289776372718618  0.00304938965332856
  0.00316697597350854  0.00327186755676507  0.00336972894233047  0.00347601237149436
  0.00358592502519202  0.00372281047200225  0.00386739479049623  0.00399461894998053
  0.00413007028081011  0.00429073310048445  0.00449589863012298  0.00474929431673282
  0.00505758608464214  0.00533960840353645  0.00564997312939080  0.00597700645341684
  0.00626443474260684  0.00641122088924170  0.00655800703587657  0.00838070583827668
  0.01221676781627276  0.01605282979426883  0.02227436968713712  1.00000000000000000
 -0.00209351480583427  0.00915795852023079  0.01866627370609570  0.02889114836520314
  0.03948919364437444  0.05000763260557441  0.05909910135024947  0.06842996351463453
  0.07770661965400641  0.08767691764361607  0.09807957484971930  0.10888638218502245
  0.11962662144311555  0.13051826458985868  0.14177716594708686  0.15303021681780726
  0.16405689806101720  0.17412473950603188  0.18382445699556796  0.19351428678184826
  0.20270601551979292  0.21224263510213828  0.22213961179796315  0.23272803638710127
  0.24393327619373248  0.25504305659880144  0.26606501265411314  0.27679572304280747
  0.28788742428040920  0.29972823994035691  0.31171336337386735  0.32416238091643118
  0.33670275743559952  0.34941243783854620  0.36145504568202758  0.37287451645611758
  0.38405705290113296  0.39512245915165584  0.40613453460240934  0.41653759722357664
  0.42652768586598183  0.43637693875848471  0.44657438795928006  0.45751138534439467
  0.46924865508387714  0.48125840641219525  0.49302865391301587  0.50481975675587265
  0.51683491498306766  0.52842297549562922  0.53970405472171024  0.55065149295969440
  0.56137037404067880  0.57178948577112143  0.58200229475757204  0.59229548593574277
  0.60285605072769266  0.61385603009706735  0.62478710575876262  0.63474580556855287
  0.64412490265984190  0.65324400525509352  0.66264483531500973  0.67273510667892022
  0.68317008333144447  0.69358253050322161  0.70371530969181662  0.71437858087822570
  0.72547498799360277  0.73602219460938167  0.74617976391825080  0.75697843465495185
  0.76866230070835517  0.77949584779227288  0.78961774697646692  0.79958428629138256
  0.80925255268877816  0.81870670736924434  0.82808530412095283  0.83776143372677192
  0.84788245180025856  0.85816840521104387  0.86867006795859336  0.87950079344204624
  0.89049913929102109  0.90122383808991802  0.91141431126093497  0.92149776349915513
  0.93179424572720304  0.94198656594928354  0.95169439754991780  0.96114836208566690
  0.97094249991377057  0.98035036219418459  0.99033969961762813  1.00000000000000000
 -0.00221502462988389  0.00731905454245705  0.01650683791159268  0.02561962777366704
  0.03531362411064493  0.04601411656889565  0.05667120699597251  0.06746286853358198
  0.07827737242875710  0.08902061035014661  0.09985819219642060  0.11053920414528720
  0.12106218463896921  0.13178411682467342  0.14292137602677255  0.15410449466333487
  0.16499217694241455  0.17619193701685101  0.18746939527468820  0.19830857318289860
  0.20846848558020278  0.21850635288053463  0.22844963719981645  0.23915561698895638
  0.25021503437226295  0.26157149518305661  0.27256951469063373  0.28286831726286810
  0.29287245173445781  0.30309069085796320  0.31367113241589450  0.32427419809255215
  0.33447932631781213  0.34401363335718516  0.35397114147718239  0.36370817569993641
  0.37370852355300876  0.38382319283836613  0.39429742360637987  0.40532786323021164
  0.41644810128705489  0.42730169259260170  0.43826505783675707  0.44893780812388734
  0.46005311082642597  0.47133864072854736  0.48254533138325389  0.49375675640693112
  0.50482694442442488  0.51597969914519859  0.52676957478050646  0.53715048936691956
  0.54756373417431181  0.55797441761250799  0.56872521655047403  0.57983783328740579
  0.59115997200779791  0.60253758285433290  0.61319935342292153  0.62347872959344308
  0.63363453759149990  0.64385712501334647  0.65404238432232409  0.66417886208933985
  0.67451766381929212  0.68514626590020211  0.69588745726989198  0.70660047399862846
  0.71773277859721196  0.72889751145498238  0.73947273465156926  0.74975301725010557
  0.76004458957681709  0.77080647803893387  0.78164788526934625  0.79261329542098014
  0.80385694463388735  0.81504127777849145  0.82589310841832353  0.83701842563821549
  0.84827110038455489  0.85931725821524907  0.86987887580776269  0.88003084817588217
  0.88998730261469416  0.89994364171120489  0.90991687913237895  0.91965404755719093
  0.92904220985618913  0.93849815330110020  0.94834702456181919  0.95818102262330296
  0.96803655047415471  0.97851123998137823  0.98942395706100805  1.00000000000000000
 -0.00230885863518286  0.00905581243881426  0.01897619673089113  0.02864580785933950
  0.03903289324095097  0.04937221792482908  0.05919777134187919  0.06887035686229541
  0.07893499566214419  0.08999936913396468  0.10095639822393525  0.11165385192111714
  0.12233778915752079  0.13284745884585594  0.14359941746496821  0.15447578389274647
  0.16508516743308205  0.17502724726780325  0.18453716795453590  0.19404132244655958
  0.20384343214061079  0.21385273596212678  0.22396606810434685  0.23376339963373738
  0.24377781505320351  0.25393495371821656  0.26474620664643467  0.27586185766841098
  0.28733203954675623  0.29853533507917551  0.30976088332943247  0.32143784413361653
  0.33283739446066890  0.34361198636313101  0.35454503849142066  0.36599683825111601
  0.37756509444187314  0.38888757605840446  0.40026494907331467  0.41164050099448635
  0.42273394304388667  0.43352266309470167  0.44434581878138335  0.45513715946557254
  0.46526549082330609  0.47533928659977992  0.48523778511266885  0.49562306699527325
  0.50624038997069765  0.51705858702835916  0.52817861251120024  0.53974421503491199
  0.55144660191707295  0.56288024955327398  0.57310117020762652  0.58315639290744292
  0.59312131019889880  0.60369780813527929  0.61432622573070539  0.62495097991169468
  0.63568712104450398  0.64621798617586002  0.65676146854525752  0.66746252731102274
  0.67872158367366808  0.68947705200215170  0.69963493681940159  0.70948605534429543
  0.71813875756152801  0.72671085108721578  0.73553306921357753  0.74538374686422793
  0.75674029571578405  0.76853173734311819  0.78001297730624897  0.79127918287950694
  0.80245127576927811  0.81353131084759756  0.82421141748567572  0.83482901973849410
  0.84576410563931503  0.85668488663977582  0.86759227372561598  0.87869575418941914
  0.88991403464728336  0.90071529412831086  0.91087055404827855  0.92073292869024415
  0.93054913637849512  0.94021688711708129  0.94975631428382545  0.95928901248128617
  0.96891424366379608  0.97879674788041948  0.98921744333271855  1.00000000000000000
 -0.00233695662117044  0.00955294194175368  0.01905370104226388  0.02822190918822360
  0.03727210776440139  0.04573723916296787  0.05490904214161635  0.06503467330612091
  0.07564365844979899  0.08605528210231569  0.09661582078370612  0.10727751511920658
  0.11762385837815588  0.12792084667851103  0.13832856668829879  0.14851641944452704
  0.15872496303065883  0.16902063005055312  0.17994219604077802  0.19050288423454212
  0.20132668619515179  0.21265607335578801  0.22391031037537926  0.23501271121451192
  0.24622996760769894  0.25699123752746228  0.26740081700768886  0.27785035551257881
  0.28814821558354448  0.29844752523209966  0.30872261166107334  0.31950553755280631
  0.33009926651627447  0.33997317860735021  0.34960426998959909  0.35950890545809877
  0.37011106298512342  0.38125967310047559  0.39284231267349867  0.40450314188971387
  0.41611408057811999  0.42780782875256423  0.43975830527823445  0.45181489515940976
  0.46384557770215901  0.47573128481785698  0.48725576671967946  0.49829697070064205
  0.50850742938241256  0.51769753878562819  0.52684270050813520  0.53586004460568482
  0.54625138074817914  0.55660202303897111  0.56687547190958687  0.57720273004362010
  0.58768640150420082  0.59862653144084688  0.60984303821332664  0.62029215507306301
  0.63090525927668828  0.64167026404931127  0.65248352511263807  0.66264618328140557
  0.67313439932458519  0.68389715918934102  0.69447118307929168  0.70519677138322745
  0.71590856478072429  0.72685473488875529  0.73694568068793753  0.74697809916952029
  0.75737530956661703  0.76788696954917046  0.77830539865083181  0.78858325386560257
  0.79916261234709185  0.80976232185066133  0.81952005714463350  0.82881867821859800
  0.83858392447128549  0.84876400910917416  0.85947979026516652  0.86967209886166319
  0.88001323374990048  0.89065676816723227  0.90152294848799419  0.91232330344420198
  0.92340357269049889  0.93468976371301915  0.94567571399741612  0.95643851559074600
  0.96750443099045669  0.97849384027220254  0.98944583338910674  1.00000000000000000
 -0.00224524737418645  0.00968554156651722  0.01940054081805370  0.03032803654233199
  0.04095104923417911  0.05140739611406501  0.06139734245213013  0.07190312511376036
  0.08288459075914549  0.09449562875467277  0.10593443872968229  0.11642088776116277
  0.12682288319172091  0.13719299257758719  0.14694657038780970  0.15650922897152084
  0.16563255912975075  0.17625210525825605  0.18591786795032222  0.19621365418776329
  0.20613351373012587  0.21667474354160315  0.22732363555990565  0.23749872642720324
  0.24762401460993727  0.25772770092524638  0.26860827446896535  0.27971236480077433
  0.29113109751392963  0.30237452503362883  0.31379015920261671  0.32388715732754009
  0.33413751688160997  0.34447317900135194  0.35517873089246776  0.36579486650180110
  0.37602492721963898  0.38661170919914811  0.39714477943892035  0.40750847336561224
  0.41792523987468083  0.42825884017326754  0.43887590027811418  0.44994151540570909
  0.46182391775570564  0.47423581768653195  0.48673661487046321  0.49897895805522569
  0.51036853767063628  0.52221931498002883  0.53367955965131342  0.54534567813628598
  0.55670647788033889  0.56808633064237446  0.57921323572150352  0.58996609895581142
  0.60070420933141366  0.61128731728928154  0.62187535259785032  0.63251693396361652
  0.64326843170549886  0.65346496891906658  0.66356704590695781  0.67395765878608260
  0.68469866128039070  0.69512079569774177  0.70524850905353254  0.71546194287705855
  0.72565295947419506  0.73534226200558817  0.74464191810517466  0.75364710987140071
  0.76253909640850470  0.77180618504476706  0.78169355629853399  0.79208276301015668
  0.80264029901518552  0.81336347326997649  0.82437586349598246  0.83534047973673298
  0.84566515364448669  0.85490623006510347  0.86353438238858538  0.87230284156311411
  0.88140177467228820  0.89183267022246959  0.90262632544753441  0.91377544962558122
  0.92499560627127453  0.93584235511038039  0.94685782389399364  0.95795732881311568
  0.96861120194237083  0.97886330020553292  0.98953709445446669  1.00000000000000000
  0.24116675113490418  0.25934379523584128  0.28555763684699920  0.30973733398258574
  0.33529652919269176  0.35906742798312546  0.37811969727108252  0.39497576299790277
  0.41071741149448421  0.42503248699301738  0.43804171317222090  0.45026826535547410
  0.46241522524810175  0.47438762843793225  0.48629055270869870  0.49779250648330065
  0.50866413266247568  0.51904863690227188  0.52902623508091984  0.53883678926758816
  0.54836716632709015  0.55780312084599193  0.56689341697843632  0.57563318154021426
  0.58397247406382968  0.59198003486846673  0.60011153320790378  0.60835199278476171
  0.61656278693718536  0.62453155460165066  0.63225459295422048  0.63988010328651501
  0.64772330271463352  0.65571792635781256  0.66374723607399322  0.67148684410342963
  0.67907217806109144  0.68640315382636374  0.69383467316307712  0.70123056175412080
  0.70856131042088344  0.71554960528420131  0.72239221203018300  0.72900507385048741
  0.73564623872376100  0.74229004499886109  0.74911519863060283  0.75538828809401803
  0.76156098849540244  0.76756268820914197  0.77343111451205560  0.77915168929882728
  0.78487395497145651  0.79073791264349347  0.79660060646238706  0.80235147679006380
  0.80790130655546133  0.81332799226807539  0.81881169242584162  0.82444917604554258
  0.83012400736628467  0.83573624578429151  0.84107695021887030  0.84639313792379411
  0.85173340821934929  0.85669706401211321  0.86153350488284974  0.86636311900009810
  0.87095561284047296  0.87568131249522652  0.88008926666318432  0.88486262680482286
  0.88960856548719247  0.89425924789612166  0.89873508290316717  0.90313352185447038
  0.90760759248940304  0.91224670428811516  0.91700776795450700  0.92167612297265389
  0.92604680885654089  0.93013124019261917  0.93400903800997204  0.93785511488097550
  0.94185554798108284  0.94604652647434939  0.95029534649257286  0.95476954981205309
  0.95932214118188552  0.96430181966073980  0.96947707422209306  0.97431805290474927
  0.97936142331660836  0.98500709683579979  0.99165431105433910  1.00000000000000000
 -0.02191863519436813  0.13925023110679394  0.18973169786501901  0.22394158997919963
  0.25275129693633741  0.27624526040233960  0.29400919944766696  0.31035449503684515
  0.32647863055564497  0.34360345842890022  0.35948555779891217  0.37405155637328530
  0.38784444037741500  0.40105321343954681  0.41334450470808987  0.42495025707485962
  0.43680897757040249  0.44825797470378831  0.45884375041132752  0.46840639997243660
  0.47743674080826032  0.48587108733294143  0.49408263521798046  0.50225722401450601
  0.51023192715040910  0.51822637748075662  0.52619061024847469  0.53405478157588393
  0.54175554629473965  0.54922892698885339  0.55650892038408606  0.56391143122380427
  0.57156419354124366  0.57923954318842230  0.58638558216854852  0.59311461196248638
  0.59962333199450313  0.60587945522782061  0.61188369480700211  0.61775309542230217
  0.62348623385212620  0.62921454742316540  0.63502404170321380  0.64094594017986806
  0.64692864281049012  0.65281580705705899  0.65850624841881922  0.66409907396007017
  0.66935692347029108  0.67478766419397940  0.68000675139054967  0.68511479687064736
  0.69014591557747307  0.69499144325563367  0.69984784987801485  0.70485494723079312
  0.70979706884622829  0.71466824100652737  0.71945849844887610  0.72411578175451730
  0.72884920401175535  0.73376982518906886  0.73900236284809373  0.74430869025189450
  0.74937282064467281  0.75414313622524909  0.75880547137573129  0.76347212593268909
  0.76822212448588290  0.77315494562898379  0.77812745243827541  0.78313864549880130
  0.78820402797884792  0.79335576580902201  0.79832363397272865  0.80263784133225713
  0.80685177871817726  0.81107112878994347  0.81553612388839369  0.82060530715954949
  0.82579236898436570  0.83128551015189867  0.83682174090612171  0.84263292040393112
  0.84858952954478317  0.85483511667907386  0.86139869676320169  0.86810586491106956
  0.87528341363673867  0.88307739396757667  0.89131720059565200  0.90051763400243490
  0.91114107416393209  0.92505619699486108  0.94661969975631344  1.00000000000000000
   3.0621099490205567E-014  -1.0000000000000000     
 F F F F F F F F F F F F F F F F F F F F F F F F F F F F F F F F
  <DiscreteSampler_grid>
  grouped_processes
  1 # 1 for a reference and 2 for a running grid.
  10 # Attribute 'min_bin_probing_points' of the grid.
  1 # Attribute 'grid_mode' of the grid. 1=='default',2=='initialization'
  0.0000000000000000 # Attribute 'small_contrib_threshold' of the grid.
  0.5000000000000000 # Attribute 'damping_power' of the grid.
 # binID   n_entries weight   weight_sqr   abs_weight
    10   10   3.239049064300718E-002   3.686527393146238E-003   3.239049064300718E-002
    11   10   3.239049064300709E-002   3.686527393146203E-003   3.239049064300709E-002
  </DiscreteSampler_grid>
