 -0.00246296264995284  0.00946216649937005  0.01954447096654630  0.03014834052455585
  0.04067944107186086  0.05121781248854657  0.06189146809151150  0.07270733566041121
  0.08337360603040490  0.09370416308583912  0.10401954050862235  0.11445247410116588
  0.12500403385980774  0.13579776171477387  0.14663451443633835  0.15753526855493014
  0.16821266107344471  0.17870246185100136  0.18916451288052669  0.19942817956485040
  0.20965583409530580  0.21991314877110826  0.23013454318936413  0.24051331492963707
  0.25100831526466222  0.26158922052881373  0.27214379193875748  0.28245806069382462
  0.29281049195061137  0.30299716581495550  0.31327151797582609  0.32383014177338654
  0.33422633462339540  0.34450366463597271  0.35472608305804498  0.36518804902261137
  0.37569174165460206  0.38611545494403648  0.39654779102823734  0.40698942525288395
  0.41750853812345129  0.42811187425725006  0.43863838587726200  0.44918435528866030
  0.45962644387276613  0.47010682782904833  0.48060297465150048  0.49115860038619930
  0.50159831267542965  0.51207912032906200  0.52253037124836232  0.53324007027063824
  0.54399808102710934  0.55487689016707564  0.56579336055396090  0.57656087912198339
  0.58733644017674769  0.59807285401144694  0.60889975896826554  0.61954554226714775
  0.63011347858343025  0.64052184503886567  0.65100518096317395  0.66144079889769625
  0.67183914814069690  0.68217166157309406  0.69259030656433762  0.70313789214358935
  0.71377790901837812  0.72443703451491770  0.73522737020797191  0.74617941953572264
  0.75691177718187341  0.76750034945686185  0.77794417997928833  0.78840535377705556
  0.79893217838678288  0.80950130996607994  0.82005175175193978  0.83064572436117989
  0.84129772580741247  0.85196492898372789  0.86246150976858993  0.87285615947338802
  0.88355040064569745  0.89416977938167208  0.90481511245562207  0.91534825936405373
  0.92607199140219931  0.93683480790846485  0.94731575734764539  0.95787143787389828
  0.96850988474726540  0.97915329479032098  0.98958256387163979  1.00000000000000000
 -0.00240039374847683  0.00919138953167029  0.01902858522223561  0.02948077427179586
  0.03999533815086297  0.05046826538521779  0.06083363713780426  0.07147877429011110
  0.08214781608523836  0.09285199927535606  0.10352622661530626  0.11394938534004118
  0.12447973007559232  0.13492096392120997  0.14551346846565522  0.15575693384906530
  0.16589012336066228  0.17623172850297386  0.18664059025612093  0.19704016337497327
  0.20745370556747342  0.21786150657435852  0.22824904100811905  0.23881297086490208
  0.24932896940975835  0.26030666490065563  0.27089632535242425  0.28183491389497706
  0.29265734024424700  0.30341672650830848  0.31409449389434452  0.32449257969366885
  0.33496819102024100  0.34530785406619130  0.35559476293515652  0.36583683616288015
  0.37617757583810374  0.38665542213097615  0.39719307696903350  0.40789160423678644
  0.41855860211607143  0.42918282978029815  0.43985752352404694  0.45057916703631018
  0.46132749678665219  0.47186910078356126  0.48247214673807293  0.49316071668056405
  0.50378871773327227  0.51425000725404357  0.52471421811308216  0.53509819237727452
  0.54552996988952773  0.55595575351667315  0.56645167450504175  0.57703626052872936
  0.58750958384741570  0.59803239786806883  0.60835828647206314  0.61860975567134169
  0.62896040206937343  0.63934591443527078  0.64980881891219855  0.66018909090438560
  0.67073814589830905  0.68127951945166521  0.69170426891046521  0.70207157585384439
  0.71244953309040893  0.72295518632251865  0.73357568851465649  0.74426474767836115
  0.75501069200726656  0.76561448840957702  0.77628049470197469  0.78698823534515594
  0.79771424844121896  0.80828071686140457  0.81874791506058886  0.82929182949646141
  0.83988231902252808  0.85045079055779127  0.86109762073699625  0.87183231448139920
  0.88258996862651806  0.89328214546288609  0.90396117326478354  0.91464877784494547
  0.92535555377997158  0.93613299271641381  0.94696502782492964  0.95785218456211974
  0.96845911989568989  0.97904642537552400  0.98953265104113530  1.00000000000000000
 -0.00258612426481322  0.00990697340810068  0.02037233439662484  0.03129774992906280
  0.04216737533094621  0.05291673237906117  0.06359590278433656  0.07407724775875318
  0.08447698473956523  0.09495259850693936  0.10542183222788731  0.11606677463919408
  0.12653834512490564  0.13723788352510685  0.14791748880403094  0.15867642636578835
  0.16930173954845346  0.17973295445100279  0.19013422310704037  0.20046219050171965
  0.21087559165276523  0.22130356749171562  0.23172180350249139  0.24232359342878043
  0.25292719905894062  0.26375599425406476  0.27447516176963987  0.28515059893955763
  0.29566806610333340  0.30614810392930314  0.31666487940777210  0.32729018963448403
  0.33796998579969140  0.34864822007930224  0.35919174115418712  0.36967962578932895
  0.38003885233024587  0.39042849862916879  0.40086160912988095  0.41136742769975648
  0.42196407251487283  0.43253354606137584  0.44318723048125808  0.45374130448086747
  0.46445611499307687  0.47507096145634081  0.48552322463740433  0.49581064490417509
  0.50618446734018074  0.51662538113962631  0.52704316456218814  0.53749370552420439
  0.54799421928031689  0.55861970136935524  0.56916971713642417  0.57967843204299685
  0.59012280885229096  0.60042844137452300  0.61079772923373843  0.62115989395672822
  0.63161610468727236  0.64214347044431874  0.65269765516637657  0.66342744103843199
  0.67392656163165798  0.68445847462849285  0.69492126266390053  0.70554937531775086
  0.71603802852751808  0.72644012744042463  0.73694210745100031  0.74739710960501793
  0.75778435304861425  0.76825977991401351  0.77883956636236873  0.78952109340174959
  0.79998534633306295  0.81039387943190511  0.82082754634704935  0.83127992964726904
  0.84189465205025216  0.85249842944575105  0.86307637178126217  0.87364237373818310
  0.88414424724118146  0.89456376351249678  0.90511816800003864  0.91561106718155860
  0.92622333349848196  0.93697130183652722  0.94757098681277696  0.95829062006926535
  0.96869442562402652  0.97925880500740803  0.98961085292702899  1.00000000000000000
 -0.01788437760640960  0.09957974976949745  0.13368453890369231  0.15542824905974412
  0.17332805467292489  0.18877996074846784  0.20267012523938116  0.21538972671685455
  0.22720658011928327  0.23825591812527294  0.24868779176426500  0.25857353026048641
  0.26802961306171463  0.27706766877034578  0.28577766528570225  0.29419786999441983
  0.30230036542764627  0.31021867533542963  0.31787112143835533  0.32531520042344553
  0.33262625246066324  0.33970077163057938  0.34666226585595966  0.35350671212624230
  0.36020553037665620  0.36680583524459220  0.37332291594901756  0.37974176416262484
  0.38607670584784887  0.39234832850346929  0.39853878579388891  0.40461982322023154
  0.41066605132920664  0.41666841766969498  0.42259366480243765  0.42847898056364170
  0.43433785254203716  0.44015721381509210  0.44593163089725113  0.45168132864706373
  0.45741394614879011  0.46312076960167081  0.46880718965348339  0.47448578545693226
  0.48015324053223252  0.48580490181966074  0.49144623593846959  0.49708542150592033
  0.50272466233246138  0.50836278187931738  0.51400433282478908  0.51965765117030760
  0.52532188164108118  0.53099876402876012  0.53668486891288358  0.54238845544604475
  0.54812411256006766  0.55388946022825469  0.55967804823601308  0.56550890606921189
  0.57137482159980768  0.57726742337350145  0.58320171780934704  0.58922069419304512
  0.59528989271556010  0.60138991124776819  0.60759021312051242  0.61385747291208470
  0.62018276594673460  0.62660050490161023  0.63312670446335118  0.63974096675592285
  0.64645189226871302  0.65331227643425749  0.66029703363739434  0.66739021972795720
  0.67473292781535532  0.68219062987249646  0.68984512384392971  0.69775650704006809
  0.70583352194312909  0.71425721615909765  0.72296229596751460  0.73200297488646815
  0.74144825151854499  0.75132893650306798  0.76176633846723529  0.77281521239463080
  0.78461442558920402  0.79731707086093084  0.81121278691819076  0.82665892181785738
  0.84444022982489508  0.86583897852353042  0.89964611102247116  1.00000000000000000
   1.7984693402392314E-005  -1.0000000000000000     
 F F F F F F F F
  <DiscreteSampler_grid>
  grouped_processes
  1 # 1 for a reference and 2 for a running grid.
  10 # Attribute 'min_bin_probing_points' of the grid.
  1 # Attribute 'grid_mode' of the grid. 1=='default',2=='initialization'
  0.0000000000000000 # Attribute 'small_contrib_threshold' of the grid.
  0.5000000000000000 # Attribute 'damping_power' of the grid.
 # binID   n_entries weight   weight_sqr   abs_weight
    10   10   1.243416100272040E+010   2.796508898321747E+020   1.243416100272040E+010
    11   10   1.243416100272040E+010   2.796508898321747E+020   1.243416100272040E+010
  </DiscreteSampler_grid>
