  0.00954147641174845  0.01576697140144501  0.02510341604114430  0.03618125049839568
  0.04676474838684345  0.05739415073263258  0.06795690698352150  0.07851446781424427
  0.08889695436386889  0.09912296261751224  0.10947462219717848  0.11995598100425124
  0.13041879335107703  0.14067212660540035  0.15107512557448999  0.16170732257071208
  0.17233381279418719  0.18280750473713411  0.19340148315957417  0.20408472067261746
  0.21470115780699625  0.22521091946761165  0.23594036546457636  0.24676267515809350
  0.25731242642616370  0.26777417002349352  0.27828657241533966  0.28893121499577440
  0.29956964592067681  0.31010508807473475  0.32077890581194213  0.33134025700373304
  0.34177432845502093  0.35210710517506733  0.36222284692668055  0.37237440023790480
  0.38236914235993158  0.39248437756520060  0.40284789615563849  0.41332627764811519
  0.42390194743421378  0.43445176337485020  0.44497642727675274  0.45551819351573353
  0.46611947475219068  0.47675625849610886  0.48714937228421201  0.49739701506185552
  0.50775151595951529  0.51819982132181353  0.52864600543680063  0.53905311251046029
  0.54953333884035749  0.56006990865477468  0.57057074217641601  0.58121470635822114
  0.59207972531546360  0.60297464111489085  0.61365588431475615  0.62422028229176463
  0.63456399313427991  0.64493881529304742  0.65530668935905756  0.66588201667529090
  0.67664448595003168  0.68729363351510042  0.69783856811311062  0.70835587833563129
  0.71884214368716015  0.72937741940980727  0.73966707433745649  0.75002741156435027
  0.76054051663241817  0.77110848767045059  0.78140985023417187  0.79171979359007871
  0.80219206419293954  0.81282558650771586  0.82326352524560376  0.83365070454827506
  0.84426867204886435  0.85490007533659218  0.86550790599334337  0.87600667078757088
  0.88663457455023642  0.89737008033829313  0.90799149050136485  0.91874142320193242
  0.92929708423836688  0.93971490769350885  0.95036290912819887  0.96104360360876062
  0.97141218293574716  0.98153633770785587  0.99120681877654315  1.00000000000000000
  0.00000251663803891  0.00000267479217220  0.00000282654764707  0.00000297539321738
  0.00000313034275891  0.00000329076510128  0.00000345417397950  0.00000361709714331
  0.00000379041046617  0.00000396880403897  0.00000414951215631  0.00000433460214837
  0.00000453006607112  0.00000473315213947  0.00000493901257948  0.00000515795605290
  0.00000538625654242  0.00000562178656679  0.00000585820955014  0.00000612054275989
  0.00000638233146256  0.00000665059080400  0.00000692973766596  0.00000722501594270
  0.00000752645078851  0.00000784019576881  0.00000817408666732  0.00000851981852090
  0.00000887321449145  0.00000924383364799  0.00000965723764057  0.00001008552408784
  0.00001051776908965  0.00001098845017006  0.00001148545761700  0.00001199651829918
  0.00001252661426334  0.00001308723392377  0.00001366494933108  0.00001426237521453
  0.00001490750528478  0.00001558870660696  0.00001628220915002  0.00001700052336167
  0.00001778695866549  0.00001859048215462  0.00001943405566227  0.00002034032047565
  0.00002129415483077  0.00002227487804489  0.00002333418382318  0.00002445624554360
  0.00002561289162879  0.00002683678582960  0.00002814723865218  0.00002952094229601
  0.00003097923344248  0.00003260838732370  0.00003428863356731  0.00003609102664702
  0.00003805736169289  0.00004010049123521  0.00004230331626982  0.00004473170745733
  0.00004728899705530  0.00005011352275411  0.00005318726212517  0.00005654269597631
  0.00006026739182420  0.00006419444201465  0.00006857578101775  0.00007321490162147
  0.00007856129701895  0.00008442087656238  0.00009118400309297  0.00009872443068202
  0.00010754099432407  0.00011743005738633  0.00012877542942640  0.00014209257795062
  0.00015748149492604  0.00017671507137361  0.00019911617478888  0.00022625096861355
  0.00026181336873587  0.00030764597031871  0.00036767744583237  0.00044436620167282
  0.00055187997470642  0.00069302599547599  0.00089860090052896  0.00120655361632164
  0.00182243538008321  0.00328747240716286  0.04291220958027927  1.00000000000000000
 -0.00238281819582178  0.00931521179982869  0.01942106932084904  0.02989755516892049
  0.04057167053318955  0.05089170534463448  0.06116672394064015  0.07161548030498828
  0.08234572525633585  0.09283868112937457  0.10324804479390741  0.11352879953009651
  0.12372593368551001  0.13408037315841498  0.14434414894907768  0.15473739062965181
  0.16508967697448351  0.17557502437687239  0.18610351173628434  0.19666169804232256
  0.20719457162715654  0.21790258487049499  0.22862946929415939  0.23910075159562161
  0.24953909863314211  0.25986053197111086  0.27041503438770409  0.28101874312175951
  0.29148532967850732  0.30190054321450821  0.31230132173812275  0.32279885581232748
  0.33329055540133484  0.34408467821948174  0.35484724632245079  0.36563617615493776
  0.37637465103580453  0.38737982040824515  0.39826587691780058  0.40894224536322543
  0.41974006588138402  0.43048993101970257  0.44109972158649002  0.45128472470741976
  0.46167608393834192  0.47223007563283370  0.48275169191581724  0.49330882131836545
  0.50372679090899963  0.51445251522918445  0.52510863511556316  0.53586068561477740
  0.54662609212158031  0.55729281241451278  0.56802660018418905  0.57847316222158729
  0.58902872011031715  0.59953298717123416  0.61011335374441811  0.62095074693289687
  0.63186973465274421  0.64289153183757375  0.65352555824569059  0.66408943694686984
  0.67474189302012655  0.68543576223926095  0.69604283857591276  0.70647378720825382
  0.71700595039392578  0.72754178117949408  0.73818245295205287  0.74869852943469262
  0.75931615719281453  0.76994253212681674  0.78060611635627641  0.79114448309272278
  0.80165052819492033  0.81208348830091315  0.82246985145131590  0.83278657376174903
  0.84328049366851709  0.85388516282538196  0.86437431882798166  0.87480529565555221
  0.88506106023712783  0.89532053173544679  0.90554426595781312  0.91582988781288743
  0.92643330526656642  0.93715959609697819  0.94765110509388117  0.95831633155889528
  0.96906548074605459  0.97967735674352585  0.98990743001264170  1.00000000000000000
 -0.00225496309232862  0.00931457757668168  0.01923489029044564  0.02978364803068228
  0.04055484074155231  0.05159495998782182  0.06211981538298617  0.07262255591721758
  0.08314162045067044  0.09398124280359468  0.10503344162919151  0.11618696514961403
  0.12712132155651273  0.13765578852753405  0.14809831326648804  0.15844437619700844
  0.16872648232823928  0.17900968623641850  0.18930643673774253  0.19955330586244177
  0.20986646567746392  0.22029865318534644  0.23095822176818234  0.24142660210378078
  0.25202854539185515  0.26262935037248225  0.27315359016799895  0.28342568562323145
  0.29396547850415489  0.30452097561164004  0.31512589701325672  0.32537982677869270
  0.33584335273777194  0.34635904149765018  0.35685252717686933  0.36733374415549552
  0.37800029288953108  0.38882977277716929  0.39959864232793207  0.41008604095619872
  0.42050603424288335  0.43086528761856968  0.44136652334757270  0.45176460634907234
  0.46239291960200213  0.47318667708465256  0.48401009416030083  0.49477214579919354
  0.50550698218383661  0.51636909110272955  0.52720242083847468  0.53806920636152256
  0.54893723944254058  0.55978408595136631  0.57061593464901683  0.58132617600604664
  0.59220615130045329  0.60295634580709978  0.61372091544483209  0.62444908280831868
  0.63510675444451092  0.64566170811151780  0.65620958517514860  0.66693164285647843
  0.67763279751762939  0.68811827556520722  0.69855709064340132  0.70893646581300307
  0.71940843187949077  0.72980266281742467  0.74015434633813904  0.75056143591768609
  0.76100388465247137  0.77147313639155390  0.78197752284941968  0.79260585167749475
  0.80342749975937433  0.81409922289703329  0.82465088130557140  0.83505228878871984
  0.84543420701454997  0.85580717691664099  0.86617271391480266  0.87651614745134543
  0.88672367203064806  0.89690796895302904  0.90698780047772432  0.91710352724621291
  0.92713790787310002  0.93735501590797421  0.94789917341714269  0.95855156218296667
  0.96902237603858665  0.97935809695762999  0.98962287048118402  1.00000000000000000
 -0.00225720268426613  0.00913690337889012  0.01909450071935263  0.02961453410027930
  0.04031147850014849  0.05062388821442715  0.06060366939009713  0.07070785853981985
  0.08097231899898401  0.09142909682500377  0.10192608703064929  0.11228127355298421
  0.12253418619383347  0.13279320342769610  0.14309335682657864  0.15334185919611251
  0.16355234942138205  0.17394925944135786  0.18448147595295666  0.19503427778812452
  0.20568384797406419  0.21646489447705605  0.22735735927745082  0.23808271774148776
  0.24886981662881114  0.25963558335987247  0.27039950934289242  0.28104892638538648
  0.29170810075502712  0.30238557491164320  0.31305098439566148  0.32356543941796340
  0.33383884158198801  0.34393115083620768  0.35401957650598975  0.36428058220696324
  0.37456596371548012  0.38491902342951939  0.39537410213756841  0.40593423388159000
  0.41661392381760443  0.42728330501266543  0.43796768527739904  0.44858148344014509
  0.45910760118101113  0.46963960516008108  0.48019734451126772  0.49061525354591523
  0.50105670324658935  0.51146303669055893  0.52188898396859384  0.53231403732183713
  0.54287396842704361  0.55355182817749948  0.56416398529638778  0.57471656554058925
  0.58550199321842733  0.59654666879165119  0.60756655586533503  0.61834251352499880
  0.62906955910327989  0.63995002845594695  0.65087939387786353  0.66169035490943207
  0.67245405737436770  0.68312142066611781  0.69369247250190380  0.70411756347666310
  0.71462428172117642  0.72515011051820688  0.73577782096864408  0.74645997492436367
  0.75701592296174736  0.76743493779452476  0.77785368658367959  0.78862209493522617
  0.79946687265435423  0.81039784250722502  0.82102252013000843  0.83164562451012447
  0.84242675490147645  0.85317712780224098  0.86357948694779985  0.87389794082012295
  0.88442730561613603  0.89518609409663841  0.90608794893048461  0.91695802765962309
  0.92765424296137122  0.93800096226708962  0.94811821799037699  0.95854452596514528
  0.96887810158904875  0.97939855021967126  0.98968076392438875  1.00000000000000000
  0.02389637030378717  0.02850389368296292  0.03562351269340097  0.04281038685008828
  0.05002409418655968  0.05713560071251592  0.06437391035719496  0.07187582334319494
  0.07958235723304408  0.08737252475835375  0.09520173730326444  0.10293762685281117
  0.11051480933439010  0.11796839673136411  0.12541733540989899  0.13296570493020815
  0.14057195126957345  0.14828517681901954  0.15624728106831465  0.16428135242368705
  0.17254218617275077  0.18089262943716405  0.18922387507133254  0.19759055026388037
  0.20596785660449041  0.21425950714307698  0.22267192098198671  0.23113192751050529
  0.23975871844945520  0.24839883899036114  0.25698052394184712  0.26566510536874355
  0.27444370768903131  0.28335772609083637  0.29223767998810346  0.30102888765116148
  0.30982081810691442  0.31863535401581911  0.32754413580590735  0.33657533686362079
  0.34570666527359073  0.35491932786276115  0.36431848246694731  0.37392129720537565
  0.38367105414225955  0.39348956855283523  0.40337183161774520  0.41330177500453119
  0.42309096352782605  0.43276314807631322  0.44240448365951374  0.45217961340293250
  0.46206333821595424  0.47192518178412635  0.48180524062554730  0.49182117803849051
  0.50190329204537387  0.51200221701995463  0.52215764279602073  0.53241689876053933
  0.54274298238736884  0.55299159518027696  0.56328159910035291  0.57362791534082647
  0.58391768541821709  0.59413974125733771  0.60441324744611569  0.61485433736700112
  0.62534077965202706  0.63582074583093862  0.64637575507906064  0.65703610206356700
  0.66782100678958278  0.67870075567081700  0.68966431009684215  0.70077631882509661
  0.71198993315828096  0.72330056667277698  0.73482441100776452  0.74658307523384093
  0.75837577485044949  0.77018346820224270  0.78211630164748547  0.79420218479876004
  0.80648752306984461  0.81905790141875656  0.83200934803878590  0.84538314006085535
  0.85890528989012904  0.87274168803509644  0.88741247909560195  0.90295696136007120
  0.91972315272645777  0.93890240642647183  0.96364001540413857  1.00000000000000000
 -0.01789546517041210  0.10020568540151155  0.13358837789724892  0.15410896297366602
  0.17092839528150650  0.18539619567337987  0.19849733608304287  0.21050568868088138
  0.22155688194389050  0.23195394747247777  0.24183237396687213  0.25137293216087442
  0.26033302191988217  0.26893997189904806  0.27710654951663499  0.28514600945786939
  0.29298424849614196  0.30059985085358221  0.30803020582284252  0.31523482044324208
  0.32227215480324145  0.32920875791915605  0.33602443296747603  0.34271493814831500
  0.34929283145086221  0.35575812367774401  0.36211539002045479  0.36839961858704673
  0.37465533965080638  0.38083098866720455  0.38692252873500022  0.39298304110829912
  0.39892698567766971  0.40480783506731066  0.41066188916380475  0.41648478109570719
  0.42228918878711397  0.42806676462283783  0.43380707112179190  0.43948927958186190
  0.44511716127807549  0.45072552182947817  0.45634395490675245  0.46198874040815868
  0.46765225439116076  0.47334856257891467  0.47898685799184337  0.48456283926851779
  0.49014889283498558  0.49576636909417504  0.50142934043146148  0.50711053688646623
  0.51278415481395134  0.51845386617756739  0.52417470554516010  0.53001037621195468
  0.53587346677607495  0.54175962906827890  0.54766280719177485  0.55354207976408765
  0.55947197496378431  0.56543977239415177  0.57149309175155161  0.57758829795795730
  0.58371389611464142  0.58989114146020050  0.59614469708821138  0.60249174739718558
  0.60895942008100756  0.61552958099111288  0.62210192787973184  0.62878237039379381
  0.63560925114464895  0.64247938302107710  0.64954193207599398  0.65675309459825448
  0.66414946091210991  0.67178377037019166  0.67965534369738156  0.68766295756693052
  0.69593545132121959  0.70444705588415657  0.71327357673988478  0.72240564302527954
  0.73190204396112657  0.74215167191091114  0.75285536600188085  0.76422367518074841
  0.77628070255946335  0.78931013004651529  0.80353601459278623  0.81948067794101598
  0.83801475575308337  0.86053408132826259  0.89602744721972849  1.00000000000000000
   4.5760184356112554E-006  -1.0000000000000000     
 F F F F F F F F F F F F F F F F
  <DiscreteSampler_grid>
  grouped_processes
  1 # 1 for a reference and 2 for a running grid.
  10 # Attribute 'min_bin_probing_points' of the grid.
  1 # Attribute 'grid_mode' of the grid. 1=='default',2=='initialization'
  0.0000000000000000 # Attribute 'small_contrib_threshold' of the grid.
  0.5000000000000000 # Attribute 'damping_power' of the grid.
 # binID   n_entries weight   weight_sqr   abs_weight
    13   10   1.569902834683321E+007   7.929221558792858E+014   1.569902834683321E+007
    14   10   1.569902834683320E+007   7.929221558792838E+014   1.569902834683320E+007
    16   10   1.569902834683321E+007   7.929221558792858E+014   1.569902834683321E+007
    17   10   1.569902834683321E+007   7.929221558792838E+014   1.569902834683321E+007
  </DiscreteSampler_grid>
