  0.00296134596282205  0.01182256356997105  0.02247272001446529  0.03290418894264033
  0.04353021462345327  0.05395396231572925  0.06466220596651412  0.07516303521189545
  0.08574492067624695  0.09598212326744350  0.10624947473530630  0.11659115161457793
  0.12691040649877783  0.13689887685838345  0.14715610660167425  0.15808666483383624
  0.16906719608038467  0.17964089385473928  0.19003531658413980  0.20103170675744442
  0.21182514868380650  0.22224629314168831  0.23252254580403212  0.24277911873526356
  0.25324218163288104  0.26405829785761059  0.27488019700520439  0.28572250941347377
  0.29636324844846867  0.30704659249973310  0.31757180365692589  0.32805201312731525
  0.33854640396049834  0.34911568410300664  0.35967335610594880  0.37059563633223169
  0.38117725077624237  0.39170234945416876  0.40191358766284152  0.41235130324010827
  0.42286487509888393  0.43346464060233109  0.44418991092459126  0.45505149480843837
  0.46567971601177965  0.47644461976578706  0.48714671629486272  0.49777033216376970
  0.50816937369842341  0.51876791446797133  0.52949957329081432  0.54046552186615437
  0.55118912988696978  0.56199607059239143  0.57246405904024877  0.58283906041156219
  0.59312301961349545  0.60323309387493951  0.61358742740299654  0.62421692436498899
  0.63504695170110148  0.64582440385423312  0.65666445941334362  0.66764208440579620
  0.67841506383635242  0.68890191618545105  0.69932166036698318  0.70968137691263311
  0.72011345795858839  0.73055079686995961  0.74113790723925621  0.75168988482052557
  0.76192285549661598  0.77227783115582838  0.78281119863983950  0.79327623868576003
  0.80380423117172073  0.81422563529564473  0.82417106310094590  0.83420491115337092
  0.84423981038103613  0.85406530629444244  0.86381530063851897  0.87365062492736023
  0.88423316102657035  0.89514469645397532  0.90582336913389738  0.91679319610449717
  0.92730259998217934  0.93776096663078934  0.94800834731772676  0.95829672917017605
  0.96894002750444141  0.97933577313544373  0.98975434446347998  1.00000000000000000
  0.00969840380292756  0.01559860305290163  0.02474147822629390  0.03500986051510569
  0.04527497480088998  0.05545371214905778  0.06568937272698258  0.07611897270789683
  0.08659064280552448  0.09681593645933281  0.10687973587093796  0.11690264351971953
  0.12702435334547513  0.13727254701041203  0.14766230394520419  0.15818469407918787
  0.16881003526976102  0.17949370141117044  0.19029990615337788  0.20127406090022096
  0.21212781139676615  0.22273993039324180  0.23329811531843531  0.24389337557167506
  0.25445645661808430  0.26462566492798778  0.27483677646079102  0.28524420241020421
  0.29584986075818753  0.30646396685701832  0.31709582171967160  0.32760631700520504
  0.33816709184558497  0.34864701329138248  0.35912249906949367  0.36949560557940669
  0.37985013726837991  0.39020272197603612  0.40056993199759555  0.41101637526096541
  0.42135030718299277  0.43162215822786715  0.44211018834225280  0.45278304592237439
  0.46351875468401793  0.47415256170367664  0.48458343221775291  0.49486661045160368
  0.50530507001411018  0.51581606228800014  0.52629044876647169  0.53633432553005456
  0.54652390425083763  0.55696721769182445  0.56773368534965907  0.57883685323337319
  0.58973628668218803  0.60063406656584095  0.61135335208580477  0.62209024896622800
  0.63273084852919881  0.64322523720783131  0.65359893367233890  0.66394692394760613
  0.67429023717622827  0.68469633759502635  0.69517152511025837  0.70576539595850363
  0.71640219425973628  0.72717509476563158  0.73790219824383996  0.74885595640185554
  0.75991618048817233  0.77097842699248464  0.78146044719269936  0.79168455459792886
  0.80216449721711591  0.81252348814221254  0.82339972777779002  0.83418696078292909
  0.84528729051603069  0.85636262154884857  0.86691586760398875  0.87756356396002377
  0.88806939591370559  0.89843277467470972  0.90880656561119133  0.91908806670632848
  0.92972670366786581  0.94019553966023794  0.95054734993328927  0.96074739940442200
  0.97092724319834478  0.98118993079347216  0.99128925115549560  1.00000000000000000
 -0.00200594258541106  0.00770139230527519  0.01599705410410675  0.02461396647337389
  0.03347429469849742  0.04246815479592033  0.05165177105529914  0.06083561620011121
  0.07000905935983834  0.07919182793282675  0.08855795354819809  0.09810057694246667
  0.10773959408854793  0.11731902461331326  0.12703520946051045  0.13704260058882881
  0.14721258753874250  0.15730906718880105  0.16752882745298381  0.17813452120678983
  0.18896614100782402  0.19988456498177845  0.21087560317546875  0.22203607013011342
  0.23320371793626235  0.24449852091250715  0.25605689792168956  0.26782751747964667
  0.27975903345399672  0.29163937082570374  0.30345742788560010  0.31502501995723503
  0.32658611060177178  0.33833700976613762  0.35026375350724337  0.36251064564788249
  0.37504290622537267  0.38770997145729852  0.40066440160689104  0.41336920747645023
  0.42633939082665712  0.43916198426557351  0.45234209664661246  0.46544317117391126
  0.47858800941138813  0.49174194331419202  0.50468234370970655  0.51727408873751535
  0.53001693152204776  0.54281702454178149  0.55531267544174268  0.56746961370802729
  0.57942682173432891  0.59129880087005982  0.60323154198691320  0.61528196509014055
  0.62743426419741855  0.63955125414799652  0.65139897647761680  0.66293316749664732
  0.67442370294135445  0.68607505187104534  0.69749469170863110  0.70856499223458724
  0.71923128459871410  0.72973850958329001  0.74030103719352502  0.75067348744210871
  0.76091058373715015  0.77087156160185821  0.78063278392519042  0.79029155792476846
  0.80029331235512646  0.81024226327842985  0.82017709016970453  0.82983527667010926
  0.83918181922833635  0.84848075431181147  0.85760372634152293  0.86655706253937348
  0.87539728196760236  0.88412534495649020  0.89284628260070587  0.90143986059114978
  0.90999769439516942  0.91857322180770873  0.92716972981640378  0.93566634962640927
  0.94403611604994242  0.95232812494988606  0.96057325622170975  0.96874924612371427
  0.97673524967911296  0.98452883811737713  0.99231539848288675  1.00000000000000000
 -0.00235583846127946  0.01034241446491661  0.02094288802424216  0.03112377430381321
  0.04150615096610729  0.05185960947946490  0.06227219825483463  0.07299960474998959
  0.08341420262084880  0.09454267149297421  0.10542405308693709  0.11591934159930166
  0.12641899434161666  0.13689305223331166  0.14767562853973928  0.15824545903476533
  0.16890362601037784  0.17916670424511971  0.18949264985026820  0.19978838718258782
  0.21041181323449662  0.22067817311936014  0.23092304202084249  0.24099746640969857
  0.25129327491978171  0.26139072707844269  0.27132515141430857  0.28167497113940898
  0.29195149452381775  0.30266219760130642  0.31304283190094723  0.32366059730256330
  0.33450886440237049  0.34494070143931066  0.35585160688613171  0.36673316445957815
  0.37769645294703424  0.38826556974269388  0.39906212276211533  0.40969534381117728
  0.42052786931013120  0.43104897979478146  0.44154540311466656  0.45187803038632457
  0.46202874761135815  0.47244118186479583  0.48305951989895457  0.49377667944159481
  0.50442216114785754  0.51486546970636771  0.52534693065612836  0.53617219731968713
  0.54673876362986085  0.55726946554512458  0.56764074792560260  0.57801993015364650
  0.58828296625227172  0.59843178426620081  0.60880767294161786  0.61952168395682206
  0.63038175581746791  0.64116664793484734  0.65178753637957187  0.66240934187751799
  0.67290545108835809  0.68329231794773515  0.69370369046893265  0.70430379371327434
  0.71459942847181546  0.72470454330875134  0.73488108668112562  0.74529974133373056
  0.75582199966551100  0.76623697861286744  0.77660190297833243  0.78676415357235696
  0.79722337818910727  0.80777788416803908  0.81840101832460954  0.82893154094587385
  0.83999899873038431  0.85115187743064258  0.86186790924629741  0.87229848626362372
  0.88279776271442156  0.89355402548872676  0.90425202058521248  0.91492436493454810
  0.92562768106784832  0.93630647082015084  0.94697011691522437  0.95763013032841882
  0.96831232487440932  0.97903484548447095  0.98936656898176745  1.00000000000000000
 -0.00243958320724343  0.00899569639070783  0.01897473961815867  0.02893133326174963
  0.03932479388616966  0.04974648976432867  0.06049580604639324  0.07092497851634373
  0.08120755022328537  0.09177621797884666  0.10250880345808283  0.11295407530308849
  0.12337119017468250  0.13393072613552387  0.14494606528019943  0.15545447494603479
  0.16588093777271726  0.17610380437265072  0.18643227122083134  0.19689768872725100
  0.20752731047082631  0.21833181476654595  0.22917003300328906  0.23994553420155229
  0.25058715527454761  0.26091303168978092  0.27129132377059345  0.28148077467968863
  0.29176625511711790  0.30216834272191506  0.31253386447322018  0.32290311448024051
  0.33322259471197119  0.34387797690712124  0.35496359358051016  0.36608878378306775
  0.37715179432876439  0.38794169598190448  0.39885960146775440  0.40925412370444519
  0.42016138788553908  0.43084383913375890  0.44143142008334585  0.45150032992672329
  0.46150183937708039  0.47211749982522422  0.48279711595776770  0.49382175040671317
  0.50440742830346608  0.51514334857519828  0.52576191326665944  0.53668096708288893
  0.54752621511240807  0.55834798444278122  0.56930875016194171  0.58049408381810352
  0.59169331645669265  0.60323064738381882  0.61388377391480431  0.62504105354213613
  0.63549350274945871  0.64594622458760265  0.65615647418821099  0.66660617607305817
  0.67699810820139117  0.68727587981685345  0.69734333721345920  0.70762484930507574
  0.71825945084862897  0.72899044102318822  0.73949234796698760  0.74975686438162814
  0.76006031549947239  0.77025347888219009  0.78032012987501609  0.79048277826703506
  0.80052505007029795  0.81063697578558913  0.82059938679997602  0.83058431513569342
  0.84077233133615925  0.85108419746903030  0.86155761945886966  0.87193624960530447
  0.88245585780526126  0.89306917325371415  0.90372850426145768  0.91454306088874004
  0.92571208242551839  0.93712567403267255  0.94801046366620911  0.95865952578632430
  0.96900012743347819  0.97954158720145679  0.98975146802970582  1.00000000000000000
 -0.00195601444970172  0.00992758856825958  0.01996054417447865  0.03021245156834497
  0.04042763234040508  0.05054917168241695  0.06060547706229124  0.07079846131746059
  0.08118997113765361  0.09163467835921925  0.10185674699595554  0.11208344448606172
  0.12222898236338359  0.13268031337324546  0.14325616236052002  0.15397926339840989
  0.16469114661030171  0.17547098847362966  0.18585855423278896  0.19613310275635634
  0.20639728154649190  0.21725013183100886  0.22845352369837088  0.23944025041606509
  0.25044922050717178  0.26117308393430255  0.27177733386955277  0.28235398246819160
  0.29280856651412684  0.30322843880284289  0.31344734192604889  0.32372970212290475
  0.33409752456601266  0.34457445761379557  0.35508858171154761  0.36546534048645241
  0.37571362271031516  0.38613367920135605  0.39650498438459081  0.40686570718685672
  0.41721145692167177  0.42775353925656556  0.43812592005412648  0.44852728574540429
  0.45890360564152138  0.46935074269771987  0.47967078208502067  0.49007719687445833
  0.50043067588784174  0.51101325188963742  0.52142883527562756  0.53219483983749849
  0.54266632338814236  0.55343981906688178  0.56444962121441189  0.57553077637274608
  0.58643726655772888  0.59734033780632445  0.60801629804408575  0.61848247691106040
  0.62894198699445703  0.63934753738498795  0.65004023092743490  0.66077436751466712
  0.67174824752006734  0.68254985794098422  0.69326170793762032  0.70409149750538080
  0.71481255061288462  0.72535023013310385  0.73574305185429767  0.74613424641708526
  0.75654058849684069  0.76711278432795826  0.77753805373547835  0.78800341652035655
  0.79864574107039321  0.80949192253658464  0.82003009644724922  0.83055487890054625
  0.84146512786396832  0.85227253896195632  0.86268894681905717  0.87291461865412534
  0.88358475927455982  0.89438127311228466  0.90516377447031426  0.91569220337833068
  0.92677865992022390  0.93768274565625276  0.94831414033612471  0.95884517363202859
  0.96920485409383184  0.97964179296646048  0.98973693457280720  1.00000000000000000
 -0.00301002054406532  0.01311376164328690  0.02623744284431851  0.03964912855856394
  0.05244446151794807  0.06496873161058231  0.07672290673196863  0.08854479556556036
  0.10004413034244711  0.11137981649038239  0.12235417384112282  0.13329977924821096
  0.14419410941264427  0.15502810500131606  0.16588201282142040  0.17666619036710191
  0.18725672985241659  0.19747708125217073  0.20757060962911991  0.21773886288637961
  0.22799519466283105  0.23832390946618967  0.24870295282183630  0.25919286631521243
  0.26961666526678951  0.27962883371856734  0.28927939250447277  0.29898743507545689
  0.30904658795039225  0.31919624408471153  0.32926572145945099  0.33911258864620708
  0.34906525496271423  0.35907028378651334  0.36889173757602012  0.37880783978962079
  0.38849590689967350  0.39821938128424067  0.40784187802886540  0.41728854194226778
  0.42691050207560233  0.43669108102853260  0.44626903650183442  0.45608749232265150
  0.46600159307286343  0.47581928067254886  0.48526799414762795  0.49468006007298237
  0.50448391702170681  0.51427972028519997  0.52403429635127696  0.53367886662609632
  0.54331119635915548  0.55296420978936556  0.56280437647056558  0.57292610642412634
  0.58284381497742210  0.59238933303408647  0.60184316500615043  0.61140030677593316
  0.62112539961778979  0.63090004516281106  0.64076471204164065  0.65072544753471273
  0.66069769867298234  0.67069296134000356  0.68069086214609031  0.69057349955905656
  0.70026240708694076  0.70992742371078688  0.71984886231007017  0.73004122378395020
  0.74023317595803806  0.75036064995045459  0.76052025220791653  0.77081306317198184
  0.78122843490563754  0.79186692043123486  0.80262392296567842  0.81324199614808923
  0.82365284385029669  0.83406590812432368  0.84474643535458560  0.85591700822940464
  0.86751573613838517  0.87923849795101683  0.89117612539961388  0.90299361165746717
  0.91458035188172238  0.92586828943907606  0.93756729617884371  0.94958586281813306
  0.96213292881702173  0.97496707989968290  0.98756158248289494  1.00000000000000000
 -0.00244278633223648  0.00926391343680806  0.01955570558734541  0.02996821990861454
  0.04068168325960366  0.05115319263203327  0.06153620791941135  0.07168120334481344
  0.08170919137646118  0.09192053492911247  0.10224530884608617  0.11281392996242946
  0.12349599953643384  0.13409237251232359  0.14460611356597985  0.15511046479252863
  0.16573076675610571  0.17637804906546956  0.18710793685928084  0.19747761595231741
  0.20814237503443050  0.21860224003892173  0.22926738703258612  0.23969356109261081
  0.25004769200454202  0.26055963732236254  0.27092256870016557  0.28159712680717791
  0.29224239760608728  0.30300758914136616  0.31354153218433234  0.32409512688605313
  0.33468369354652433  0.34537521138245558  0.35569564816785948  0.36599164744395563
  0.37630328692208759  0.38667818506323487  0.39727605715975300  0.40823876877371434
  0.41916984419311526  0.42963216245487584  0.43999452793546628  0.45094372014910067
  0.46199495605714236  0.47291403723806091  0.48373802136398597  0.49451971561135355
  0.50530536839133833  0.51575354733566170  0.52631956652882705  0.53690291184331496
  0.54785718928362048  0.55889814958066553  0.56978630974321054  0.58056021146954317
  0.59175962837827900  0.60302190723384586  0.61352791502272397  0.62383415049893443
  0.63400300972372803  0.64407423478047610  0.65386679821662030  0.66387287308680509
  0.67414236212646417  0.68441130049071575  0.69450977062126351  0.70483354321332947
  0.71541964120719548  0.72601172971306283  0.73660050340814320  0.74714238678960310
  0.75734719906403070  0.76756184845025976  0.77797438844966382  0.78844453081889698
  0.79877261315951809  0.80898124664950188  0.81935168615336906  0.83016064951909463
  0.84091780602691679  0.85182374793363802  0.86225321887313933  0.87289464009746176
  0.88336356883222045  0.89412282378574770  0.90447030083590074  0.91488693356744022
  0.92529050982355632  0.93577555806277857  0.94645199887187603  0.95705421392351298
  0.96763721897403043  0.97804372718373667  0.98892122718330822  1.00000000000000000
  0.08616355098103184  0.12198407676450587  0.15530039630483586  0.18515692269074477
  0.21266245116164600  0.23082398628970699  0.24686482453448672  0.25921909514934421
  0.27140261441251207  0.28337327152215563  0.29504500519712940  0.30672605713673529
  0.31796827438763664  0.32900869605976685  0.33918645871619757  0.34874044444010155
  0.35746697208619282  0.36557224704024155  0.37345416329702918  0.38083552229168327
  0.38804780416646362  0.39504909451294307  0.40190284439405904  0.40869387352007863
  0.41544117238748324  0.42211925195025551  0.42871972462593128  0.43526473984735792
  0.44167484290411924  0.44803391723273939  0.45443616778610330  0.46076311201198095
  0.46697798983174388  0.47317830326303967  0.47932564836971508  0.48537286166816335
  0.49133558125767929  0.49725236697062081  0.50318563174482511  0.50916661342882708
  0.51522652623311571  0.52119662594356275  0.52716707642059990  0.53323888181729884
  0.53929650194552314  0.54544878309985512  0.55145274199226091  0.55747000511512634
  0.56352767220749278  0.56966535911735383  0.57584340975009274  0.58210609285338932
  0.58863909654570723  0.59536018019977444  0.60213870118718460  0.60897182249543691
  0.61584373830644201  0.62272281640957516  0.62964636286536135  0.63662221652171092
  0.64355877913244453  0.65044980242671835  0.65714114453002059  0.66398384960733481
  0.67073745631582493  0.67747775379502584  0.68430293707511669  0.69129064415472097
  0.69840048245329045  0.70553999525230771  0.71288883780840251  0.72044489092735009
  0.72799948879227339  0.73560408108569353  0.74313242299294746  0.75080517202711106
  0.75864927466525423  0.76669486980535384  0.77501652431914436  0.78350503628762114
  0.79207884501524606  0.80080983554533114  0.80976017023658764  0.81912661680211607
  0.82884278740412776  0.83916122131040727  0.85021333960623824  0.86165929290939425
  0.87305677942801263  0.88494791176340126  0.89757162284014147  0.91122462693058170
  0.92621854848360752  0.94367919718395810  0.96668596697248188  1.00000000000000000
 -0.02118701083386643  0.13641245934780413  0.18549110575474029  0.21940938062093279
  0.24732822037784793  0.27130194476760244  0.29237550607134838  0.31130840524963238
  0.32856334529523396  0.34436919209329914  0.35938962877798319  0.37349457170272410
  0.38694239884996062  0.39968299847665367  0.41188225129851380  0.42357776595989188
  0.43485907812392538  0.44578913216745547  0.45624367974456664  0.46615183303409813
  0.47579579526981125  0.48532338811417480  0.49476317913213130  0.50387320989213369
  0.51265883881540042  0.52117358192234597  0.52941483403452982  0.53734318445770923
  0.54504448604735711  0.55257758213348751  0.56005033083262623  0.56732814648154595
  0.57434189405819214  0.58119165197080547  0.58782022835365899  0.59425819467665275
  0.60061212345410087  0.60685228150098447  0.61303526574742073  0.61917169508139036
  0.62524166889483779  0.63117837916807595  0.63707817245782228  0.64293819453568846
  0.64863006917694588  0.65422908589430717  0.65980106752378997  0.66529207600628859
  0.67066531409091756  0.67595613939929822  0.68122973819494914  0.68647263607363751
  0.69166500966603117  0.69681235772322603  0.70190665836559085  0.70702068533494300
  0.71209458046011831  0.71714540861572451  0.72209674941205471  0.72702708444486419
  0.73196938936348444  0.73693610035755353  0.74193565868551681  0.74692091571848018
  0.75186400028213773  0.75682301100109473  0.76174220592464481  0.76666622668715090
  0.77157228794092958  0.77645584959657910  0.78133782412269925  0.78626057160396545
  0.79117066688011362  0.79602191724425897  0.80086223366019726  0.80569707867890950
  0.81055743656212420  0.81567679627890788  0.82083216583969398  0.82605637717080527
  0.83135342804161738  0.83679105381509122  0.84234321852251581  0.84801399264461408
  0.85390416811795811  0.86011154340092599  0.86658551364816072  0.87324542995928967
  0.88033882812980901  0.88780478560219023  0.89591253237991875  0.90510677719522969
  0.91584615827001103  0.92950395269986674  0.95063515437246615  1.00000000000000000
   1.0183447845141053E-006  -1.0000000000000000     
 F F F F F F F F F F F F F F F F F F F F F F F F F F F F F F F F
  <DiscreteSampler_grid>
  grouped_processes
  1 # 1 for a reference and 2 for a running grid.
  10 # Attribute 'min_bin_probing_points' of the grid.
  1 # Attribute 'grid_mode' of the grid. 1=='default',2=='initialization'
  0.0000000000000000 # Attribute 'small_contrib_threshold' of the grid.
  0.5000000000000000 # Attribute 'damping_power' of the grid.
 # binID   n_entries weight   weight_sqr   abs_weight
    10   10   7.639111951429326E+005   1.055944886390159E+012   7.639111951429326E+005
    11   10   7.639111951429320E+005   1.055944886390157E+012   7.639111951429320E+005
  </DiscreteSampler_grid>
