  0.00925037857063681  0.01702065912668120  0.02742137828006088  0.03830028614764353
  0.04856813847224215  0.05886992958866313  0.06930030519286358  0.07982415661667440
  0.09024984782675488  0.10043535296580609  0.11066784697659490  0.12088349013817347
  0.13111868756711512  0.14152255555204488  0.15206824552599904  0.16284442195260193
  0.17344265896958727  0.18399831849776019  0.19444669290878913  0.20484455011771902
  0.21497654851734369  0.22505620951971120  0.23521057330605141  0.24532537587058578
  0.25540622522398732  0.26553023354786132  0.27569791522503506  0.28599729523532569
  0.29639985171937044  0.30690837962116924  0.31747174006274448  0.32809344460686340
  0.33881243082394441  0.34947903617159398  0.36006564500149124  0.37052900534254152
  0.38091232520503104  0.39138907511070503  0.40200290178395892  0.41257275025758444
  0.42297538049247302  0.43331440155837170  0.44375305773872398  0.45403736006883222
  0.46437918507776771  0.47465012257880435  0.48543454115208129  0.49632318642400725
  0.50727434496753876  0.51802854830616618  0.52863015102450006  0.53916354055739402
  0.54972060112963628  0.56056175891141014  0.57139887466746908  0.58224609806803784
  0.59306752976929122  0.60391206820741239  0.61472848980213568  0.62553900890127034
  0.63648410877806672  0.64738100102835494  0.65817025599479895  0.66880298739629196
  0.67944959283878681  0.69020312468548173  0.70105062418840347  0.71189001980992439
  0.72257469386381501  0.73302723400939729  0.74356680031237588  0.75405772592012832
  0.76433286225308494  0.77449046232009566  0.78455300774629888  0.79474804912841890
  0.80507042576444598  0.81550560457792021  0.82594359793968775  0.83641721257750568
  0.84702110824359877  0.85762980116362353  0.86836122137257554  0.87908919473765723
  0.88970317585354253  0.90013046667320429  0.91055847377789911  0.92098864538355407
  0.93129339231378072  0.94163641070254178  0.95214317822592842  0.96254325716187494
  0.97262389309124919  0.98193815270381868  0.99120665853211720  1.00000000000000000
  0.00000243079198865  0.00000296023489759  0.00000324907866472  0.00000350804570290
  0.00000376918278695  0.00000402709706995  0.00000428339666474  0.00000455000288589
  0.00000481417624938  0.00000508584171166  0.00000536903568997  0.00000565900742799
  0.00000595748030753  0.00000626042919888  0.00000656425319336  0.00000687208034066
  0.00000718625765717  0.00000750426822350  0.00000782508294656  0.00000815339562813
  0.00000849255253416  0.00000884003790445  0.00000919884902994  0.00000957778026876
  0.00000996941172966  0.00001035473272537  0.00001075201799925  0.00001116145050422
  0.00001158488178988  0.00001201803376510  0.00001247269264147  0.00001294941611227
  0.00001343896975499  0.00001393926676815  0.00001445482543822  0.00001498806473030
  0.00001554849693631  0.00001610395842866  0.00001670053029610  0.00001732864821592
  0.00001798694038106  0.00001865831420094  0.00001936022856695  0.00002011211951489
  0.00002090346462705  0.00002171882684563  0.00002256526466497  0.00002347206412700
  0.00002444599880597  0.00002543851953190  0.00002651520756390  0.00002766500920713
  0.00002886822779311  0.00003009756853103  0.00003147084855437  0.00003292976575421
  0.00003445255434106  0.00003608528172815  0.00003785819828976  0.00003972817782210
  0.00004173190584922  0.00004393000760911  0.00004624872462033  0.00004875842551068
  0.00005154086906070  0.00005456779066382  0.00005788205576105  0.00006149417035356
  0.00006545912805758  0.00006982717509270  0.00007454900209914  0.00007971985751338
  0.00008546812300531  0.00009185227016484  0.00009900657107002  0.00010707458497218
  0.00011625535269069  0.00012668369918537  0.00013863372901580  0.00015251453875440
  0.00016804590103081  0.00018593020759523  0.00020619149297178  0.00022916350168871
  0.00025601991002716  0.00028988304821204  0.00033644703217031  0.00039258684184422
  0.00045995439853725  0.00054132646324691  0.00066278598512280  0.00083248911621221
  0.00116162205910384  0.00184238183763350  0.00726584754119859  1.00000000000000000
 -0.00239544855317965  0.00938931690510070  0.01961662847802386  0.03052672135505977
  0.04166401582471987  0.05253305695309263  0.06343517822104934  0.07430970790633656
  0.08515198067623876  0.09560907845790846  0.10599732963728664  0.11629652639106597
  0.12665017133358908  0.13687231112684345  0.14682999442121861  0.15689284548600374
  0.16692165632007688  0.17749981488803768  0.18812102789421878  0.19861223572991096
  0.20923474174773743  0.22000758579886032  0.23090166147431618  0.24146958632806023
  0.25211118603503890  0.26269839966975611  0.27323053266451003  0.28357068950048026
  0.29384769394209426  0.30400562015828769  0.31413552924980370  0.32436230590528214
  0.33491905330729538  0.34554531230369023  0.35610855788513257  0.36656749329031230
  0.37708091628653956  0.38761434127038780  0.39809007037827959  0.40842195105753176
  0.41864205973490315  0.42866441381934711  0.43870478325627910  0.44900824014268814
  0.45951881597305311  0.47018227605785928  0.48078319304225031  0.49164552392499983
  0.50260757702102576  0.51356400231474220  0.52460539158536912  0.53508995144534566
  0.54560460383577825  0.55589077597205816  0.56640605864402982  0.57714217660800515
  0.58799613381603011  0.59908791308015807  0.60981795582264575  0.62048059148998436
  0.63115306348836508  0.64188651464218849  0.65247782076721828  0.66293533346438105
  0.67391910261423671  0.68477141986742052  0.69548259669663093  0.70614283011486145
  0.71625696972587272  0.72663812120673110  0.73732100309797044  0.74796150101181791
  0.75816317347863671  0.76826574035549833  0.77893240714522149  0.78961066686727155
  0.80047712499373036  0.81123609336430857  0.82220451125293603  0.83296882025802932
  0.84359235344885974  0.85409701569116125  0.86445236548787929  0.87464740382250095
  0.88468735951350097  0.89469964434798177  0.90523281255844423  0.91574929481488909
  0.92621955418373203  0.93672165930086349  0.94726801343912526  0.95787861842594435
  0.96822192424866715  0.97866810932708392  0.98929280154309640  1.00000000000000000
 -0.00256318742730537  0.00983209534460644  0.02071497197337813  0.03160377386866247
  0.04259205580141436  0.05350028097055380  0.06426378708244622  0.07490138259698655
  0.08540849270937655  0.09590689528206117  0.10629635599573449  0.11679647011284891
  0.12734006754496699  0.13810675789840260  0.14890720253345827  0.15996762742000969
  0.17047772817245954  0.18049990916728734  0.19047956355878659  0.20043464492778054
  0.21065067427223461  0.22084325353535911  0.23138009729496059  0.24248328476707626
  0.25334206134165160  0.26398650547996366  0.27473795177256788  0.28545447201970564
  0.29584567235566334  0.30594281196915496  0.31626229428352165  0.32675511082383940
  0.33712982396883262  0.34755888857246414  0.35804632432264116  0.36869289298131680
  0.37923437767735169  0.38975530934032965  0.40012376610969813  0.41066374114916721
  0.42091084141701168  0.43131432401662756  0.44191517361943228  0.45283434213672924
  0.46359265429172419  0.47421242037680217  0.48456296970604412  0.49470005358288693
  0.50486022272502251  0.51520731427557098  0.52593777791261231  0.53683173206876955
  0.54765840565775459  0.55867397556905229  0.56921032177022657  0.57970998144628672
  0.58999068569473645  0.60018929693266232  0.61042107847353100  0.62063545497399764
  0.63084852553887016  0.64131293786825982  0.65165318574701392  0.66218656988061042
  0.67278818837869869  0.68360682435896736  0.69424273511168111  0.70476005979656364
  0.71518246449650469  0.72568441002612538  0.73648789405825499  0.74723485735141726
  0.75777053984513720  0.76809156239839604  0.77885987731777961  0.78969961248379650
  0.80034748705387793  0.81091609609271209  0.82154463972169411  0.83209283001367351
  0.84226478725033582  0.85225530853351550  0.86235587624218679  0.87256304128475437
  0.88297277656534845  0.89358623134196302  0.90427550981004090  0.91514938614928232
  0.92600486220329870  0.93693065324181013  0.94772214782623787  0.95847198877571937
  0.96873248286038782  0.97926333582477232  0.98952359041650195  1.00000000000000000
 -0.00238637499567200  0.00903907091200601  0.01937387006514979  0.02982946484039638
  0.04040220894828749  0.05108943282937623  0.06180680954116935  0.07200981909346156
  0.08204568914273577  0.09219911106850509  0.10245216894371116  0.11250969607573132
  0.12233718371321368  0.13265146308244138  0.14326865896404173  0.15403466226955678
  0.16469494844489538  0.17513872312628462  0.18542280540918371  0.19588859299452221
  0.20657143259036487  0.21748083732146387  0.22829731717619819  0.23928708925416484
  0.25026594446739481  0.26102117234664174  0.27165818577302830  0.28225475672275774
  0.29289721169729765  0.30345509674730853  0.31403988609621408  0.32462026200207261
  0.33527940121077654  0.34617165919607540  0.35707885453318677  0.36793117214555626
  0.37865084686168698  0.38939873915150458  0.39979818092133074  0.40999444215469577
  0.42054097108614191  0.43123475456039745  0.44192965226551889  0.45244814164288610
  0.46289701261545679  0.47327302007240785  0.48357155006733676  0.49377775222125397
  0.50382313047721627  0.51405305241806043  0.52442246232326850  0.53500421041515833
  0.54540802170812619  0.55594853116384546  0.56645891170336682  0.57691993390726615
  0.58732440075776315  0.59782862571035533  0.60843373294294467  0.61899898812581589
  0.62965601708703822  0.64045413651649830  0.65144152402638911  0.66271242355190330
  0.67335623189619598  0.68402856072706342  0.69438245754546346  0.70488786678448756
  0.71531995473946797  0.72567225014770664  0.73625825633724706  0.74668868132558630
  0.75758501654447119  0.76835029755864692  0.77925693033840338  0.79012347420024387
  0.80102282805766523  0.81188456251418106  0.82253519234071759  0.83308636895727739
  0.84379762415119697  0.85447200491847630  0.86508729714372568  0.87549339271343485
  0.88590398540533954  0.89646289880945118  0.90667181908295391  0.91697304953818815
  0.92726507187009588  0.93743758795369214  0.94754469207943037  0.95749771909233006
  0.96838344156747269  0.97914475094486308  0.98958517666682022  1.00000000000000000
  0.02599242364923995  0.03162826303789660  0.03571959645944441  0.03963036388500335
  0.04435989028344216  0.04924818201309075  0.05405296382616687  0.05878961048754619
  0.06353128251949053  0.06834207610395346  0.07322787784340036  0.07813714467474839
  0.08301891429930727  0.08790357180439060  0.09290052005431483  0.09802646638945298
  0.10321495788356350  0.10832538481913676  0.11348335264152143  0.11872330856150030
  0.12408185451094864  0.12961475541754555  0.13523565977187010  0.14084576285396411
  0.14644519306530282  0.15204990372298963  0.15770287699267205  0.16344530635554291
  0.16929346739938647  0.17524925231027519  0.18126534918527087  0.18730507372597721
  0.19333696678047244  0.19942284780946062  0.20565920398769347  0.21205675656852901
  0.21853871585147319  0.22501414973450548  0.23159545441611781  0.23831765541861433
  0.24508456536213685  0.25202132803687005  0.25914755692419700  0.26641037915858140
  0.27372852486232063  0.28106420901477774  0.28845917505130025  0.29590097683315897
  0.30364007563288464  0.31145591424542257  0.31957288205869189  0.32757504626521661
  0.33579481339273265  0.34415690445182451  0.35269613686675849  0.36137515062198167
  0.37001999100249988  0.37859434060891151  0.38715449476786007  0.39576793289599427
  0.40449146371302830  0.41331092172889639  0.42233735249932447  0.43154546245128672
  0.44096580880520353  0.45074003528583695  0.46074771594009112  0.47088318730516326
  0.48107261991364003  0.49143401350771149  0.50211196369271693  0.51319485352005623
  0.52458359834832879  0.53626543697581475  0.54837648776489634  0.56089132336601721
  0.57363609533528825  0.58660151000368621  0.60001911136284702  0.61386038686705280
  0.62798912376260374  0.64268730003064301  0.65761805518729100  0.67315937831042738
  0.68935133789496061  0.70623429050044184  0.72383674522750985  0.74239882773224941
  0.76226402617569344  0.78332553550498418  0.80545138787061754  0.82943910695674927
  0.85636042517871536  0.88800596010799215  0.93011648653884360  1.00000000000000000
 -0.02432402633725820  0.11599616780827920  0.15035578434495733  0.17177301363220268
  0.18916593471992388  0.20430025515014896  0.21772887319089484  0.22979370973853613
  0.24113679518676398  0.25190525973624656  0.26206233472728652  0.27170468262863190
  0.28075634810480393  0.28942081942954373  0.29758481693322686  0.30540100614672433
  0.31308046363634878  0.32053206385328242  0.32794792805104361  0.33518323051458154
  0.34218174021793385  0.34890958809512085  0.35551766888627040  0.36215076777944871
  0.36874383337409367  0.37516094202092565  0.38138658964841510  0.38750608863175995
  0.39357717173520956  0.39949875310405636  0.40532094118298323  0.41114241336212365
  0.41688429248899656  0.42249638322569061  0.42801186869870456  0.43345082519756839
  0.43893101129032142  0.44452581176721168  0.45011977019704946  0.45565910854187924
  0.46117679677495677  0.46667335893347611  0.47210730241984450  0.47756559772284307
  0.48299210371810858  0.48837527349085164  0.49395337892792318  0.49950457573547952
  0.50499592202228738  0.51042918908309920  0.51582170200053823  0.52117857020048419
  0.52648224515150466  0.53174434751060995  0.53699338118375783  0.54227270515147552
  0.54760559008637644  0.55298143012797074  0.55839454936811750  0.56383673932282852
  0.56928631536386309  0.57476294354180213  0.58027540029623215  0.58577637346637335
  0.59138501858197978  0.59704702932760467  0.60278803570444472  0.60865149052021661
  0.61459454152559079  0.62062146811391905  0.62675233216686188  0.63301153934661114
  0.63939604807673223  0.64595149045345324  0.65275631122657007  0.65968253463853510
  0.66667411826086553  0.67386861242589424  0.68125159180269890  0.68883947557240399
  0.69666772536617572  0.70468203292529852  0.71303761393258225  0.72168113318506755
  0.73056576550675434  0.73989559376179170  0.74973392446817988  0.76046153496264202
  0.77197687456867348  0.78427684597254810  0.79759957476028986  0.81231225925102701
  0.82917598224873190  0.85066003410814017  0.88596583672310170  1.00000000000000000
   8.4690123101739743E-007  -1.0000000000000000     
 F F F F F F F F F F F F F F F F
  <DiscreteSampler_grid>
  grouped_processes
  1 # 1 for a reference and 2 for a running grid.
  10 # Attribute 'min_bin_probing_points' of the grid.
  1 # Attribute 'grid_mode' of the grid. 1=='default',2=='initialization'
  0.0000000000000000 # Attribute 'small_contrib_threshold' of the grid.
  0.5000000000000000 # Attribute 'damping_power' of the grid.
 # binID   n_entries weight   weight_sqr   abs_weight
    10   10   2.104737607998616E+008   2.345568590518325E+017   2.104737607998616E+008
    11   10   2.104737607998616E+008   2.345568590518325E+017   2.104737607998616E+008
  </DiscreteSampler_grid>
