 -0.00215821968495749  0.00965741978882258  0.01979065882437171  0.03040346569018716
  0.04098144604621685  0.05159231852676113  0.06219311512988272  0.07267736023801159
  0.08298469009711398  0.09320693567868937  0.10366658028584745  0.11415311080404504
  0.12458386201811181  0.13501710928095900  0.14549438177601989  0.15622203279742972
  0.16699409323578929  0.17779581245215323  0.18849591530638901  0.19904566195587453
  0.20955422026490300  0.22005560300528088  0.23042151188324406  0.24079669538743051
  0.25124448570547608  0.26191539099593231  0.27262520226370446  0.28307148396905657
  0.29344043828595184  0.30368020076275276  0.31407317563872167  0.32436156628670132
  0.33474020336131705  0.34499270465658322  0.35516412030595801  0.36555653923599701
  0.37584187073089831  0.38634082925379959  0.39703252397463623  0.40792563682566946
  0.41870490154296819  0.42927479785556061  0.43948713872575673  0.44960303594982592
  0.45962720836543336  0.46999654908519917  0.48060520691087333  0.49133883147786428
  0.50183899973470858  0.51250823507476062  0.52312642140113919  0.53376820402059977
  0.54429331721082619  0.55473423998167959  0.56529195121212483  0.57583006144029358
  0.58630951402034337  0.59663991378562309  0.60696674917609061  0.61728149499407869
  0.62763585157083579  0.63790655274006025  0.64815984147096861  0.65809841075166420
  0.66807138095031215  0.67827707019092476  0.68867972236447728  0.69906151193138710
  0.70951706784343926  0.72000313322157361  0.73043961254158529  0.74090335599256951
  0.75136462004498039  0.76198451566902681  0.77278097712351745  0.78394659457121074
  0.79515488202760276  0.80631654349059700  0.81722975036458634  0.82805399773405619
  0.83913841585205096  0.85050968062638022  0.86156346225931080  0.87242889267837487
  0.88313520432823034  0.89390239407844285  0.90462632657419817  0.91513724153109077
  0.92568148617182022  0.93619535682133026  0.94678467213669493  0.95740808234604557
  0.96792843652852290  0.97867371530601510  0.98930197669697328  1.00000000000000000
 -0.00222905007568222  0.00920428021101016  0.01897499615286260  0.02928822766215081
  0.03970672657692564  0.05029348104304503  0.06100660992859602  0.07224378295869799
  0.08337220244309691  0.09396400935841459  0.10452335199774973  0.11510177252909400
  0.12563171893727335  0.13610672947433622  0.14646108788604467  0.15721609286164534
  0.16779228616879133  0.17821332505792276  0.18868753580784184  0.19896223731287105
  0.20945546513072527  0.21990217124618489  0.23054108361079020  0.24129731197826904
  0.25206442743437463  0.26308430375039421  0.27400009313636803  0.28483992512788719
  0.29547459412051569  0.30572192588724056  0.31616350634251450  0.32646628896742691
  0.33729485192940378  0.34804508488771313  0.35910864655285490  0.37013367643562561
  0.38127150072327437  0.39254358041858767  0.40363610428866753  0.41440554949885944
  0.42482873540950133  0.43506044368054986  0.44544647349269167  0.45602193082207249
  0.46660536593313451  0.47707601247576670  0.48751030496632347  0.49790749826620828
  0.50842166001884626  0.51886978645015425  0.52929391852175667  0.53978585540209389
  0.55035235356210666  0.56090557049753942  0.57144476086549245  0.58205421176172767
  0.59273452887306499  0.60313679847048540  0.61335551455196391  0.62357817346794520
  0.63392892176151394  0.64445409218550265  0.65509414887816220  0.66574877480293704
  0.67629491385211948  0.68696023830429598  0.69784322994446246  0.70878791339992187
  0.71950262283825817  0.72997194342020932  0.74041163907392182  0.75088995569319905
  0.76149912333682690  0.77210706265551210  0.78271164126540382  0.79314271567150796
  0.80349991444680768  0.81374004508412201  0.82408261836948149  0.83439734291690149
  0.84452645438734808  0.85443293151390098  0.86424348339397206  0.87416223957115824
  0.88435606682665868  0.89445111045440473  0.90488395826989321  0.91523087951563697
  0.92586745990064534  0.93650085108205716  0.94707030745865572  0.95757122129777805
  0.96797968991940542  0.97856265350092053  0.98922198814244178  1.00000000000000000
 -0.00145564522883422  0.01010214334988543  0.02017432060171451  0.03065981702322440
  0.04088558231221379  0.05133159712487247  0.06177972026707968  0.07250582407700441
  0.08311499458848169  0.09367758775892725  0.10411364730932370  0.11453454054426264
  0.12491224051066731  0.13549683908808177  0.14628299872126527  0.15707671709490795
  0.16783086964293378  0.17843157276978511  0.18897778636790824  0.19941039682926995
  0.20963465086061395  0.21996986100900826  0.23009074714247355  0.24059059108628778
  0.25099229106387588  0.26186241502902025  0.27264286332922855  0.28344468743610962
  0.29406867217541255  0.30482910888503240  0.31567799418893311  0.32657341488106384
  0.33720428960975496  0.34772993724929008  0.35798853982401180  0.36812056945810784
  0.37820371145007559  0.38855859769226453  0.39909343206267389  0.40958223632898111
  0.42003123805469444  0.43049926041067804  0.44107400238500477  0.45155890778009428
  0.46205217994777853  0.47241327929923799  0.48272534187978355  0.49311324932830519
  0.50348939150947603  0.51396788003602234  0.52437103155875497  0.53460373682042173
  0.54512022860461429  0.55585217922644170  0.56663073985470624  0.57711715363106741
  0.58758038561690129  0.59816253602200242  0.60868193304711249  0.61919917790570622
  0.62974577777243179  0.64056955181998831  0.65168575052553801  0.66251470346911268
  0.67332513957522078  0.68394276978805735  0.69456001463732253  0.70519015279973563
  0.71605900994733629  0.72707514836560250  0.73803435799111361  0.74871256019330512
  0.75967294177441647  0.77052992785638852  0.78142405032014695  0.79217244086557059
  0.80281916508591022  0.81341905053522490  0.82385594836389975  0.83415212106653314
  0.84450508153940018  0.85489600515089470  0.86555387364359981  0.87608313862854525
  0.88654483183080135  0.89702009149440187  0.90753484003338480  0.91796102363096366
  0.92834547817445279  0.93877860262721036  0.94913745011784889  0.95947289134776104
  0.96958879699831868  0.97983711673891605  0.98985969898540349  1.00000000000000000
 -0.01445504214659442  0.08878802952602916  0.12559622132521087  0.14872810927383726
  0.16744330866962162  0.18352206863692527  0.19779642462384023  0.21085574618152120
  0.22294964978613466  0.23427468036532748  0.24491910619566648  0.25502256833400105
  0.26468587590712672  0.27396447098584464  0.28283164101388558  0.29140478969397204
  0.29965032618643522  0.30767354016911630  0.31548031562353346  0.32303296529315279
  0.33047223711604690  0.33770406476560894  0.34479991996883075  0.35179336853565329
  0.35859794695618352  0.36527826680938524  0.37187783029615645  0.37839312030339756
  0.38483633036072235  0.39122396389513553  0.39752980381938413  0.40371644297984305
  0.40984331482091119  0.41593334500396700  0.42193229388500103  0.42790859254833336
  0.43385705990959911  0.43976531184619255  0.44562327594155976  0.45146451866363430
  0.45729817679026957  0.46310618194177550  0.46888860903821239  0.47465515768369743
  0.48040050072364887  0.48612365871668289  0.49183627587637357  0.49752693123987424
  0.50323089706196322  0.50893171000324366  0.51464294375318176  0.52036489171740963
  0.52609693636163479  0.53184207499807346  0.53760960588233009  0.54340914876770474
  0.54923083280706420  0.55505591395324638  0.56089667734398174  0.56678205689193517
  0.57272337313029198  0.57870582655909208  0.58475129768000023  0.59089246653913818
  0.59705240246728619  0.60325313471055986  0.60954720268423124  0.61591949001562962
  0.62236602912168559  0.62890863165320976  0.63554991235244862  0.64227210368340981
  0.64910735871644198  0.65610227599401905  0.66318867332547982  0.67045232870476379
  0.67791984062208988  0.68550570265010302  0.69340881270891253  0.70152754831132125
  0.70988730770283637  0.71852056113399343  0.72741287702554092  0.73668485731702460
  0.74635589334406804  0.75654215182185736  0.76728550442721877  0.77868434070625514
  0.79085977363720850  0.80408277983185850  0.81853796302181525  0.83483110275124517
  0.85376668042518100  0.87712281702296291  0.91431247259747905  1.00000000000000000
   3.3132503161059097E-007  -1.0000000000000000     
 F F F F F F F F
  <DiscreteSampler_grid>
  grouped_processes
  1 # 1 for a reference and 2 for a running grid.
  10 # Attribute 'min_bin_probing_points' of the grid.
  1 # Attribute 'grid_mode' of the grid. 1=='default',2=='initialization'
  0.0000000000000000 # Attribute 'small_contrib_threshold' of the grid.
  0.5000000000000000 # Attribute 'damping_power' of the grid.
 # binID   n_entries weight   weight_sqr   abs_weight
    10   10   8.241485438001709E+007   1.094139012403949E+016   8.241485438001709E+007
    11   10   8.241485438001709E+007   1.094139012403949E+016   8.241485438001709E+007
  </DiscreteSampler_grid>
