 -0.00231531005406327  0.00958521703033141  0.01968395175713737  0.03021537167976029
  0.04064953270108248  0.05118379890683232  0.06178610613394919  0.07248741300548492
  0.08320311332716607  0.09376737351689567  0.10424288558070524  0.11481089852327163
  0.12528489896227243  0.13596837329062189  0.14655133030280137  0.15719007149010911
  0.16778528466311179  0.17848448585823204  0.18926936178276862  0.20005236020628409
  0.21082801934648762  0.22137330502619201  0.23194371268589473  0.24241103741359052
  0.25285320667292721  0.26316934691736066  0.27351909176610806  0.28395565042927234
  0.29431916131148217  0.30460430201096250  0.31507348539564761  0.32566914253407026
  0.33629820416743111  0.34685292445228511  0.35732229777327679  0.36794667259197100
  0.37866490886720550  0.38943240789910583  0.40011588204400955  0.41065038234858048
  0.42115652799611303  0.43154245333094526  0.44220121718046240  0.45292943883436049
  0.46370691792279201  0.47428850707780329  0.48484551231646855  0.49547737697635175
  0.50616994391166914  0.51679781611296893  0.52738552179990883  0.53802431881354218
  0.54886642365979854  0.55966220797050537  0.57021390331663924  0.58075332866364315
  0.59124662496653246  0.60177665630823951  0.61231936736544235  0.62293095011480937
  0.63339100627554301  0.64381167878099610  0.65415055858075777  0.66459946808856618
  0.67482906039988522  0.68516843726249022  0.69555982912464198  0.70598979215975211
  0.71633747180217022  0.72674206033746636  0.73721070141541700  0.74780327015129044
  0.75831557386564841  0.76874836668554813  0.77920831614471731  0.78966408253059728
  0.80039676504950286  0.81115444379217516  0.82181744819987679  0.83235137187495201
  0.84285055693999289  0.85331085833438924  0.86385984356329371  0.87424017411409771
  0.88493582869443821  0.89558846255271030  0.90624871730104750  0.91686214238280273
  0.92755813049974289  0.93827913536523910  0.94869432987612901  0.95906937983163298
  0.96932898583515603  0.97972146460849430  0.98985851484091003  1.00000000000000000
 -0.00255407087036143  0.00949386013612601  0.01976320887583691  0.03029029015854214
  0.04078814098046899  0.05116641704722820  0.06159389653456777  0.07204026502342174
  0.08246352070891470  0.09274995404031640  0.10312407819543876  0.11352522461499567
  0.12400062817419114  0.13443353393123308  0.14476790087774957  0.15529729095456130
  0.16570980508780253  0.17617383653908655  0.18669871366511326  0.19739778309744749
  0.20808594844656259  0.21873079039825502  0.22928494059136156  0.23978081731592149
  0.25021909095823669  0.26056131235352459  0.27089915794954600  0.28136349623483742
  0.29201436041115642  0.30278605571356026  0.31339428942609088  0.32403023725027358
  0.33463407599176920  0.34521959772782540  0.35581540789163724  0.36649208521856352
  0.37711049235004934  0.38775184639070642  0.39839324987360608  0.40912704917139814
  0.41989677585286089  0.43063605951713163  0.44132477145320936  0.45182078323285552
  0.46235243331678239  0.47288246508286319  0.48341336290616371  0.49378755698145055
  0.50418479495932600  0.51456955816263417  0.52504351221652190  0.53558339716127890
  0.54607085063621341  0.55660361799682734  0.56716288589520070  0.57786520743170489
  0.58843377111007145  0.59882523129739818  0.60933728127089593  0.61986855080987713
  0.63037004531788055  0.64070378188428412  0.65108854261775462  0.66156004577309746
  0.67216177557449752  0.68282638303425658  0.69351166868241620  0.70416487032458375
  0.71482084452090133  0.72541885271904205  0.73596648871378934  0.74658977746678479
  0.75719745679754735  0.76777702907322232  0.77829668951614006  0.78880767853882860
  0.79937615496068815  0.80996866615309360  0.82071066433396189  0.83141105862399900
  0.84201336595543641  0.85266333619724433  0.86322733666236262  0.87381615660505463
  0.88435024330677003  0.89495597974352548  0.90545947664619753  0.91590795920828116
  0.92642963905432418  0.93694344466083945  0.94748574200937197  0.95812323777100783
  0.96869433157658225  0.97926986990114573  0.98966468159612031  1.00000000000000000
 -0.00249211551294941  0.00945477495578518  0.01953789214791017  0.02998234340927320
  0.04052244773234893  0.05108020761873806  0.06175196408002440  0.07234268771525607
  0.08290462888106544  0.09334441338398891  0.10380844401827403  0.11457414145453723
  0.12531605985565000  0.13604563734278585  0.14663377354412097  0.15736636261335835
  0.16805645538984543  0.17868920274975617  0.18911248843815762  0.19946752250999569
  0.20978003837964898  0.22027835260291639  0.23074818394451255  0.24129472747477221
  0.25178451831076931  0.26234933213783301  0.27294136183493439  0.28345735103870190
  0.29378595157377380  0.30431004165261610  0.31477980689865304  0.32554786986584522
  0.33625715144740165  0.34689043353843574  0.35751256631371786  0.36800901204240277
  0.37870360998683622  0.38933976327681880  0.40005542866692761  0.41084423501078110
  0.42156178997018112  0.43208990997389163  0.44253035181946254  0.45299394274385324
  0.46341791999479398  0.47382637836509900  0.48426353184850202  0.49468049773107375
  0.50505093348642094  0.51536239142837881  0.52583540025624886  0.53643111775720387
  0.54699405602902995  0.55754227814512436  0.56800758800971174  0.57855715685894793
  0.58905179609799763  0.59947060615412384  0.60986246495101160  0.62015889620850473
  0.63053752183057177  0.64094787185276703  0.65146464683108252  0.66210182455300126
  0.67269182531312299  0.68334350422782697  0.69396179408544978  0.70455110374979180
  0.71504214025747248  0.72553186710518325  0.73598464829971111  0.74639723984466466
  0.75676443963300355  0.76738230766307891  0.77795978468164340  0.78861067216998071
  0.79924036609589155  0.80995904424275178  0.82031613225278854  0.83074446060785245
  0.84114775203140635  0.85174369279629858  0.86206262206818562  0.87238103592128091
  0.88274971142182290  0.89347450916169879  0.90416639138032096  0.91486863487784520
  0.92548088232025261  0.93609823484304255  0.94675085347545973  0.95733293061474822
  0.96813859596914575  0.97885170574349700  0.98943909468667524  1.00000000000000000
 -0.01771958076176108  0.09926449385375211  0.13342992892186045  0.15515907617545541
  0.17304990466305853  0.18852385903127394  0.20241266069046124  0.21512381225872804
  0.22692845211050139  0.23796056626150938  0.24837834194072964  0.25825658460295509
  0.26771250204906960  0.27676573770526275  0.28548789082635417  0.29392774595448945
  0.30203184335979283  0.30995265796049681  0.31761541863927995  0.32507287418367731
  0.33241904231755143  0.33952249796446737  0.34651081335885231  0.35338280920343446
  0.36011274274411925  0.36674373586655462  0.37328365107476658  0.37971099189790558
  0.38604233706880714  0.39230982653989055  0.39850135056914715  0.40459451509343020
  0.41066327252056634  0.41668972656135178  0.42262759520795518  0.42852277832595076
  0.43438926998634864  0.44021625675016024  0.44599594305303208  0.45175809386824822
  0.45749614926826065  0.46320224383218578  0.46888731738860134  0.47456257384852446
  0.48022860970309239  0.48588452395721288  0.49152909867501948  0.49717466100361096
  0.50281210309819357  0.50845379385300149  0.51409416082504045  0.51974650776439402
  0.52540941953936915  0.53108165078444247  0.53676507333440804  0.54246845315252690
  0.54820222764656557  0.55396430912065231  0.55975162235583287  0.56559138132114384
  0.57147422044629959  0.57738194753369576  0.58331952589178981  0.58933178065662650
  0.59537661730512714  0.60145662510558906  0.60765072378660012  0.61392840178877472
  0.62027168983565306  0.62670753636539189  0.63325047441109550  0.63987601901004365
  0.64659489614229848  0.65345617255497179  0.66042758600021001  0.66751627197941144
  0.67485189815511526  0.68230351648211662  0.68995693325295349  0.69784760762886044
  0.70591251629580876  0.71431100466230513  0.72299947094126971  0.73203432376495492
  0.74149092702961850  0.75138146705504472  0.76181482105226728  0.77284985809386586
  0.78466387325869613  0.79738889437653715  0.81130430648888829  0.82681400594766707
  0.84472603539446356  0.86639390550610418  0.90047977444335681  1.00000000000000000
   1.7891710641105961E-005  -1.0000000000000000     
 F F F F F F F F
  <DiscreteSampler_grid>
  grouped_processes
  1 # 1 for a reference and 2 for a running grid.
  10 # Attribute 'min_bin_probing_points' of the grid.
  1 # Attribute 'grid_mode' of the grid. 1=='default',2=='initialization'
  0.0000000000000000 # Attribute 'small_contrib_threshold' of the grid.
  0.5000000000000000 # Attribute 'damping_power' of the grid.
 # binID   n_entries weight   weight_sqr   abs_weight
    10   10   1.361645214205678E+010   2.769961440977878E+020   1.361645214205678E+010
    11   10   1.361645214205678E+010   2.769961440977878E+020   1.361645214205678E+010
  </DiscreteSampler_grid>
