 -0.00250285316169246  0.00948662421532100  0.01948511550806856  0.03005396051834478
  0.04067507794327858  0.05126851306264625  0.06181821823318740  0.07237986990805026
  0.08305581810405194  0.09344957540622251  0.10384446721933714  0.11427816897771348
  0.12476631958413699  0.13522773317324757  0.14562287066565588  0.15625687489121495
  0.16697517830452374  0.17744571860928660  0.18784804759374876  0.19833954032505199
  0.20875223167780349  0.21914139358922183  0.22946046167162915  0.23993357234736234
  0.25040884369153904  0.26087023298713130  0.27126587170074196  0.28175116186991234
  0.29210631975715562  0.30258871712607521  0.31322199757144858  0.32400327750441804
  0.33475588257980698  0.34525499699262074  0.35577280431704994  0.36636197416039978
  0.37700258095925854  0.38748007998460671  0.39798318719041298  0.40844926983182150
  0.41888551293554743  0.42947022269313001  0.43996405089953605  0.45054534533210150
  0.46109119588835384  0.47173112296429681  0.48231654036944732  0.49274066950860085
  0.50315712588958328  0.51370935810624463  0.52422423006520813  0.53483668557502173
  0.54539885402393584  0.55601799377395389  0.56659462836433949  0.57728023721680066
  0.58794318912474319  0.59852013949560456  0.60903958191396179  0.61954583307880862
  0.62996161597118527  0.64042576338792634  0.65096122036497772  0.66150252012835686
  0.67204581649439787  0.68269875725807960  0.69348197810931123  0.70428838368084090
  0.71497096269694937  0.72554529213689511  0.73599660913938780  0.74650200746955531
  0.75728306787632682  0.76808420359876450  0.77881815417392586  0.78940041779815717
  0.80013028480190518  0.81097526479719206  0.82172889081351375  0.83234866972192845
  0.84288699948371215  0.85353462554334358  0.86413204431897606  0.87473953729090237
  0.88523903510866486  0.89575380884467515  0.90621017998499209  0.91679467994745001
  0.92727118701778877  0.93756709091213997  0.94772867195086874  0.95782702387668606
  0.96824283465981231  0.97856853314108672  0.98925553321687887  1.00000000000000000
 -0.00237306743466206  0.00936730997916465  0.01943332833938195  0.02988868322937263
  0.04038150602844735  0.05100467693637069  0.06154172780035177  0.07200671550444046
  0.08247053680723425  0.09303838568653390  0.10357769722858995  0.11411864655131346
  0.12451274860871644  0.13503332102623286  0.14554838088821107  0.15608002828176004
  0.16666348317327548  0.17740155904354094  0.18812472024860222  0.19867645519892643
  0.20911253112454259  0.21977020802982447  0.23037458933520924  0.24085770231905784
  0.25130195142821743  0.26198624273987570  0.27257317192414338  0.28308617293034311
  0.29355898008324155  0.30402650797750130  0.31444832293411490  0.32477586251336488
  0.33509599312796118  0.34543271177140683  0.35587031705919830  0.36650090713583616
  0.37722171671054472  0.38795451120048019  0.39853324190724604  0.40897166055353867
  0.41937595764588886  0.42975536893685468  0.44025801948988613  0.45074893096177199
  0.46122679202686773  0.47187280751237481  0.48250605952831066  0.49327415605805508
  0.50395400011940084  0.51471556950482766  0.52551468258252754  0.53615425470576006
  0.54670089398893573  0.55709702648369275  0.56765725650138521  0.57825366937604816
  0.58878715277637783  0.59925715090383669  0.60977144276571127  0.62043978674986877
  0.63112491624469624  0.64176939535541921  0.65230849858070150  0.66264569843681087
  0.67312697530418064  0.68369061202118331  0.69442657007353459  0.70499260518829188
  0.71559309740307397  0.72621760273595093  0.73680362334307703  0.74739373095736727
  0.75802951399619134  0.76876169237930225  0.77931099742004417  0.78997051904401294
  0.80071318630649779  0.81141921165925135  0.82187242612896438  0.83226549939976002
  0.84276899133594274  0.85332244356671261  0.86375937693195270  0.87416595700934119
  0.88473489405544636  0.89537749606209571  0.90594247048861254  0.91650580675639459
  0.92683854045406444  0.93733872102086080  0.94773745325372027  0.95822547761135279
  0.96857712077654379  0.97883300444797305  0.98938024559110327  1.00000000000000000
 -0.00246700740870222  0.00942439860990692  0.01951826234070147  0.03020409130339905
  0.04089996350374485  0.05140742258417516  0.06194792689716867  0.07249636234371983
  0.08300031296987050  0.09354105828095750  0.10411421825870450  0.11475434263128854
  0.12529153787151254  0.13591205450648516  0.14657548483113508  0.15723242785434638
  0.16786688765363508  0.17836671379199162  0.18889210098026429  0.19934990281186923
  0.20979192359936899  0.22010734529469081  0.23045235447473947  0.24091854920489730
  0.25132710830494781  0.26169020882699678  0.27203518269232285  0.28256203269147945
  0.29309058262775628  0.30350695806453459  0.31388796568794358  0.32427681464151942
  0.33462475176460099  0.34504625571604258  0.35563272573507776  0.36642758119295504
  0.37700541335155202  0.38733825285423312  0.39772890359085078  0.40826249961697003
  0.41877913671066519  0.42911118604304782  0.43938660514907502  0.44965228063604923
  0.45995962857432404  0.47012829660401628  0.48050985188460504  0.49102914222403005
  0.50169816890134145  0.51237452209871170  0.52290574369266629  0.53340615780644707
  0.54379299970280792  0.55415101559636393  0.56461330869253046  0.57499590451192861
  0.58544794176395643  0.59577903615403649  0.60619568627942200  0.61668440659830459
  0.62719087366127357  0.63773152920644605  0.64825352519829005  0.65868143815364266
  0.66918251066993062  0.67963741232658448  0.69011623101511699  0.70063585120105676
  0.71117245418014075  0.72195630192255666  0.73268421001716788  0.74346650962608052
  0.75422130063500636  0.76496165303000774  0.77560776363626416  0.78622404499728615
  0.79677652465216509  0.80744471830074849  0.81802149246414302  0.82858477374612050
  0.83906503542874633  0.84955302749660511  0.86007205052982993  0.87065880303173593
  0.88113500738499273  0.89169418490884023  0.90239009312624663  0.91327033248332268
  0.92401505263206807  0.93470076555292048  0.94544959591133770  0.95624627393999295
  0.96711278583916871  0.97797661332363373  0.98894395975189298  1.00000000000000000
 -0.01776699395232615  0.09972722025506899  0.13380402256801599  0.15533785504363720
  0.17318225815354066  0.18864077288019421  0.20252683248904663  0.21525572850365365
  0.22708860224404631  0.23814176183474736  0.24857888307666912  0.25846500376694465
  0.26791956723976590  0.27696065686554094  0.28565318752016294  0.29405805887607905
  0.30212285369055258  0.31002341651856469  0.31769021210977494  0.32515460725018858
  0.33250113127802994  0.33958495931692373  0.34655175522832565  0.35340103292333835
  0.36010677350037473  0.36671172099090749  0.37322779564021147  0.37964075107028683
  0.38597057207021307  0.39224527649906082  0.39844045552773277  0.40452500781173750
  0.41057823736212340  0.41659056988159132  0.42252856276444939  0.42842496230386218
  0.43429292269460057  0.44012198130134123  0.44590773553482144  0.45167253191843754
  0.45741029027073526  0.46311135890177996  0.46878958824112665  0.47446123809628232
  0.48012559506151015  0.48578032918830105  0.49142809983970370  0.49706851733966728
  0.50270363716485966  0.50833356497636983  0.51397037698045744  0.51961303449632512
  0.52527267547825518  0.53094605143396745  0.53663006768557842  0.54233784104630633
  0.54807703998478718  0.55383910918603363  0.55962569334720025  0.56545525261501262
  0.57132130210523380  0.57721288231881229  0.58313641984824249  0.58915457606808763
  0.59522336698955070  0.60132836441148085  0.60753787478065990  0.61381495522459351
  0.62013998371236234  0.62654743919089384  0.63307026867621030  0.63968727782014101
  0.64640232812855025  0.65326248782183127  0.66023101370918402  0.66731543432319063
  0.67463593468553429  0.68208993120138117  0.68974514401670861  0.69764893639284020
  0.70572348936615514  0.71412789581404301  0.72282494530270103  0.73185673110455296
  0.74129720119277065  0.75117006331282454  0.76160132975009143  0.77264902827535709
  0.78445089222648712  0.79715342891180452  0.81103959384278113  0.82649123048247397
  0.84434681149072977  0.86605836227625632  0.90017831885450383  1.00000000000000000
   1.7975866784399078E-005  -1.0000000000000000     
 F F F F F F F F
  <DiscreteSampler_grid>
  grouped_processes
  1 # 1 for a reference and 2 for a running grid.
  10 # Attribute 'min_bin_probing_points' of the grid.
  1 # Attribute 'grid_mode' of the grid. 1=='default',2=='initialization'
  0.0000000000000000 # Attribute 'small_contrib_threshold' of the grid.
  0.5000000000000000 # Attribute 'damping_power' of the grid.
 # binID   n_entries weight   weight_sqr   abs_weight
    10   10   1.806435268217410E+010   4.722996650244942E+020   1.806435268217410E+010
    11   10   1.806435268217410E+010   4.722996650244942E+020   1.806435268217410E+010
  </DiscreteSampler_grid>
