 -0.00241023423027793  0.00962138523381979  0.01972727465207145  0.03040134530913630
  0.04101767767893987  0.05185082601885856  0.06265485681993543  0.07338031777877675
  0.08400808745134104  0.09433154162291536  0.10484671827122106  0.11515423910974915
  0.12562984039506614  0.13602673734983292  0.14647579324407936  0.15707222213980487
  0.16763931115184671  0.17823537150006563  0.18870182496719876  0.19926366170248500
  0.20976059830362886  0.22024107868420209  0.23067918722232542  0.24120743145288925
  0.25179219874962555  0.26232105782893489  0.27291444260318287  0.28341910523718855
  0.29396147102411846  0.30447213394844214  0.31504429730454331  0.32560484613410501
  0.33614848383103590  0.34673201318073288  0.35722303181447973  0.36773234448233588
  0.37809882485360158  0.38872339818376528  0.39922316984151240  0.40976225911774233
  0.42028099214243303  0.43088271570438391  0.44153846355162607  0.45208386103207487
  0.46261471187027997  0.47323273759983309  0.48371483110773317  0.49418115474278557
  0.50458347617440946  0.51514944523608186  0.52569976471044744  0.53621970591613333
  0.54677882801698086  0.55743503577143594  0.56808680273044376  0.57864482059189526
  0.58915926598896429  0.59974772646585361  0.61031029290454819  0.62084500040454538
  0.63126711368523103  0.64166403455350474  0.65207782585383745  0.66260747600806114
  0.67309218457658149  0.68357856312604148  0.69407649874362543  0.70478619716639179
  0.71542252167374265  0.72609835765481456  0.73687945768007512  0.74774869037345248
  0.75828179896093795  0.76872288774866682  0.77919802052392551  0.78964149833311792
  0.80003377780216900  0.81051909391889476  0.82127678829486050  0.83200875718714662
  0.84249361598412675  0.85303951553356283  0.86332462111742880  0.87375842561376926
  0.88410216456242907  0.89446971394396346  0.90488896534829988  0.91532532524121135
  0.92603091724663200  0.93672149379652758  0.94732654010602069  0.95784602362185256
  0.96817166118745313  0.97868762958412037  0.98925211306108229  1.00000000000000000
 -0.00253931543123434  0.00946609892702159  0.01973394939415440  0.03044098621602075
  0.04118446015304302  0.05164034272376256  0.06205274058827483  0.07237180332908055
  0.08267399157178752  0.09303791792417962  0.10333868666187791  0.11381198529637875
  0.12424017776340257  0.13465365738177004  0.14514809120465746  0.15547707646020029
  0.16595942048223386  0.17643391381371240  0.18690731117206763  0.19749973242092075
  0.20814931610400300  0.21885570790854972  0.22960118111644151  0.24001449599963046
  0.25047996085029417  0.26064919698442923  0.27088947700872357  0.28112916494517476
  0.29134334876999823  0.30170129491803355  0.31199996596743190  0.32263399772942603
  0.33336454987031250  0.34405079101674307  0.35461094758552764  0.36516308849478030
  0.37581668435684379  0.38662209640073336  0.39733138107529564  0.40788338662568302
  0.41842469369690338  0.42887294316021235  0.43928349184055449  0.44949436728856124
  0.45972486720761196  0.47006323683981405  0.48051166025373776  0.49089020567150582
  0.50128347986455035  0.51163848800704093  0.52216811753406356  0.53265313249556923
  0.54323589768674785  0.55397346877104559  0.56467611545149121  0.57524620305041763
  0.58574059650135402  0.59626465199400525  0.60693267193866762  0.61772397783557476
  0.62859524683711943  0.63947688708250860  0.65014052763228058  0.66068101938117496
  0.67117630393346084  0.68160970722096237  0.69211798105283173  0.70247703924373084
  0.71291980226136353  0.72342078723785330  0.73397671112470964  0.74451994842618663
  0.75506329115239901  0.76553595147136355  0.77597473455820676  0.78645103800639327
  0.79707050787945555  0.80800263917139226  0.81892576686594298  0.82993045772579199
  0.84077347611705266  0.85170590950601222  0.86237656013688191  0.87287019425475443
  0.88317431851235417  0.89355854666153456  0.90410821270705466  0.91475917071307955
  0.92562115250635291  0.93658822642794093  0.94732968264461281  0.95800274178338862
  0.96848960565346798  0.97907125407927209  0.98950100216170689  1.00000000000000000
 -0.00242938042584543  0.00934622204091017  0.01949651393496312  0.03011119337946785
  0.04088975224939302  0.05176349758410042  0.06249081146352074  0.07334533723908984
  0.08393869960467476  0.09465520653507967  0.10541505102377614  0.11618077233827222
  0.12675531817717797  0.13722924577702103  0.14757725475895561  0.15792428050130047
  0.16824913147065287  0.17884138503806196  0.18941424579112456  0.19985658759453342
  0.21035772312671630  0.22086790103482887  0.23150306870365411  0.24205195297935489
  0.25262481771316669  0.26317019629677924  0.27374438393663297  0.28437654036452392
  0.29497926878782710  0.30549249235580439  0.31598214896752536  0.32653920568671579
  0.33723079013134127  0.34811494111292401  0.35895747173066506  0.36976335014397976
  0.38038126012158663  0.39089594399057748  0.40122650568148643  0.41136142246229063
  0.42162701556794396  0.43195441280406022  0.44252486744548897  0.45303818350964070
  0.46371250281442589  0.47434597144906010  0.48499787049109622  0.49560070482173618
  0.50620383038510741  0.51686736006051615  0.52762084841760704  0.53837645112314647
  0.54903290245429293  0.55964346950043897  0.57020015009828773  0.58085062315994740
  0.59132861081923760  0.60162837007171099  0.61188205789014283  0.62218911796486875
  0.63268819111521091  0.64321613549535150  0.65377783580086024  0.66437511173995578
  0.67485493042516642  0.68533367733524631  0.69574758286959637  0.70622649733719933
  0.71691546681390117  0.72756214294990307  0.73830820263336461  0.74899973830620648
  0.75970909480732918  0.77040634792482154  0.78100897571895767  0.79159615921133231
  0.80201634010925671  0.81235733349477801  0.82274777222265816  0.83319093567666880
  0.84374657501097694  0.85413216924106394  0.86451111129821046  0.87491978176995400
  0.88539831768259780  0.89593839852714641  0.90636069613484993  0.91674531161211592
  0.92694527516915848  0.93713543592813731  0.94756939862127521  0.95802137324922521
  0.96854722991172637  0.97894032066216119  0.98947797582349917  1.00000000000000000
 -0.01776418235626466  0.10008204971176730  0.13403594338228533  0.15551915080975015
  0.17333461354653601  0.18873379998993611  0.20260262066452855  0.21530242577697395
  0.22710537194649355  0.23815679069791798  0.24859487344822551  0.25847035090710130
  0.26791026991518141  0.27694863088457222  0.28566709951752295  0.29410172648867794
  0.30219316035666627  0.31010331978712719  0.31776144579932464  0.32521056395214576
  0.33253979583966364  0.33960507692248038  0.34656456496879312  0.35340847358272809
  0.36011224014638393  0.36671916739649313  0.37323847226916373  0.37965803371787049
  0.38599596908973366  0.39227556762760091  0.39847376146489227  0.40456456221229131
  0.41062906938050331  0.41665893969111356  0.42261560181797131  0.42852526351655701
  0.43439664701609826  0.44022925141290004  0.44601981463550383  0.45179265656423501
  0.45753580544529615  0.46323449529247396  0.46890583591031804  0.47456923630409215
  0.48022380789899571  0.48587243079479281  0.49152006806274823  0.49716003266459330
  0.50279477340061551  0.50842509831971783  0.51405578610816982  0.51969765123964384
  0.52535626708352645  0.53102994126129810  0.53671575028798357  0.54241970915423365
  0.54815063870509229  0.55390524381295037  0.55968196036565843  0.56550731928931808
  0.57137241334969679  0.57727380329774536  0.58321225141841937  0.58923332481244517
  0.59529831226390217  0.60138871865804466  0.60758168852695116  0.61384978138791124
  0.62017877000212962  0.62660022529649129  0.63312934040012148  0.63974208493691065
  0.64644927076676206  0.65330315860346511  0.66028473056098991  0.66739131793831086
  0.67474112906567874  0.68219769118121298  0.68983396507009487  0.69772805153087281
  0.70579920215606196  0.71422811602355329  0.72293034767288900  0.73195894624709090
  0.74139237403670211  0.75128347430468190  0.76174812609902864  0.77281302479393177
  0.78461549247344753  0.79730371781513742  0.81118272732504193  0.82664911739406077
  0.84452738472827482  0.86615477710116917  0.90019370791350417  1.00000000000000000
   1.7949939371853314E-005  -1.0000000000000000     
 F F F F F F F F
  <DiscreteSampler_grid>
  grouped_processes
  1 # 1 for a reference and 2 for a running grid.
  10 # Attribute 'min_bin_probing_points' of the grid.
  1 # Attribute 'grid_mode' of the grid. 1=='default',2=='initialization'
  0.0000000000000000 # Attribute 'small_contrib_threshold' of the grid.
  0.5000000000000000 # Attribute 'damping_power' of the grid.
 # binID   n_entries weight   weight_sqr   abs_weight
    10   10   1.074804117731493E+010   2.051431079341365E+020   1.074804117731493E+010
    11   10   1.074804117731493E+010   2.051431079341365E+020   1.074804117731493E+010
  </DiscreteSampler_grid>
