  0.00309693968753554  0.01159497920796697  0.02211429975698803  0.03230807410722603
  0.04242669676514730  0.05273923817196580  0.06310631111484069  0.07345824078090714
  0.08397200021910102  0.09459409938357630  0.10509247962209443  0.11547443547033950
  0.12568852724453380  0.13623318590115682  0.14692683415229699  0.15748455403269485
  0.16778497930946257  0.17762477057949183  0.18755827152045007  0.19766490773703016
  0.20776679458618419  0.21777598989867558  0.22790185804039728  0.23800606684667566
  0.24814676868202620  0.25832215273654296  0.26854584216741445  0.27887654820557445
  0.28925999131846625  0.29981258510128117  0.31067557100570398  0.32154446218711896
  0.33229918040667022  0.34302213471575282  0.35376192692280278  0.36455713260620803
  0.37542087746495090  0.38632917042518883  0.39730881119253186  0.40805343350656120
  0.41877625416742348  0.42923402371957625  0.43947475423479604  0.44967538158187215
  0.46011118071322205  0.47055429734043086  0.48092130011161721  0.49125987785362496
  0.50155823863292093  0.51185563740153406  0.52218760659674657  0.53275318182530684
  0.54338969732737297  0.55377410770051816  0.56412775765704237  0.57433276247742582
  0.58447537191867693  0.59468339988543584  0.60511643790573266  0.61569742965991558
  0.62613169145077341  0.63625468159816234  0.64645035216646018  0.65697367724851408
  0.66765208425709210  0.67835664866247880  0.68909661248986254  0.70008100023799436
  0.71099570200244677  0.72158269249715434  0.73230686992068805  0.74336103628208372
  0.75441688859328426  0.76524440585314790  0.77637998385590834  0.78755611308893891
  0.79855023953957027  0.80912565367256939  0.81992493272047007  0.83110365996229740
  0.84199416693393903  0.85273973201567455  0.86342416622668705  0.87411808488720399
  0.88453746906008646  0.89490963499692977  0.90567562488782227  0.91657952164782164
  0.92751234149012929  0.93812302315698681  0.94855523655586305  0.95895242516129209
  0.96862563846073557  0.97840498023490385  0.98867034095496775  1.00000000000000000
  0.00911411258059301  0.01753985591392824  0.02770858072593594  0.03934787655666597
  0.05019598416044874  0.06120669562930460  0.07178761531135004  0.08233564005100968
  0.09255170314660641  0.10291576526557566  0.11327229175218245  0.12339357281221489
  0.13384986789343270  0.14427305602033411  0.15481835677892758  0.16530541239561319
  0.17603680764518673  0.18687867899568877  0.19760824847394237  0.20814257489143123
  0.21873133649029319  0.22946744730913635  0.24040420145487340  0.25116895460790561
  0.26170573693475202  0.27203660983940603  0.28236431432001130  0.29274203006763749
  0.30288831277905648  0.31324973210936957  0.32363088922155764  0.33407083610917382
  0.34439300330208705  0.35460003612344942  0.36481161855653271  0.37485602500858756
  0.38484234810571188  0.39478106892659615  0.40467278428607889  0.41429320327287827
  0.42425999755964755  0.43449247056005497  0.44523142276432159  0.45592591916394454
  0.46658564339354763  0.47751115081225409  0.48856541141603554  0.49976589780495806
  0.51090885699598387  0.52166085520633199  0.53223356397933874  0.54276681616757827
  0.55337863392654119  0.56387546741869909  0.57419131790982680  0.58479333543943457
  0.59527538444883010  0.60562303521899730  0.61575449997488207  0.62607395471453031
  0.63647423362316502  0.64684600254783242  0.65736039421345860  0.66816349918471962
  0.67931809839424440  0.69047702462404392  0.70149348507662346  0.71230091372897164
  0.72297524218050335  0.73356047847109151  0.74402325090748145  0.75449594220779459
  0.76478150131049305  0.77489960756044696  0.78490450039966497  0.79496559532300615
  0.80513874257438467  0.81519740034866917  0.82532160884744499  0.83554568992252332
  0.84570779404332308  0.85612800512142417  0.86646944573351314  0.87700340562259438
  0.88743015863628749  0.89779530594357693  0.90826761190149452  0.91859224979705634
  0.92887337294382055  0.93911627411139242  0.94910209199017337  0.95932736719034895
  0.96972698858143802  0.98026936622629679  0.99139704245518190  1.00000000000000000
 -0.00218518686801209  0.00789441284215772  0.01667812163821501  0.02575079070903991
  0.03494715655330333  0.04422739939978155  0.05365755239774279  0.06327931264189712
  0.07304626065888713  0.08283462361649928  0.09259998878323139  0.10246791726999453
  0.11241353640507887  0.12253471109845089  0.13285300912610468  0.14343512956756493
  0.15433233710338756  0.16526976390054729  0.17595259059961016  0.18640493238473152
  0.19696896041052142  0.20781894085163927  0.21913547578622750  0.23095830976417536
  0.24342083853194263  0.25586940027579747  0.26802919696402938  0.28015041781498617
  0.29251564414583309  0.30490285313301585  0.31743547442633852  0.32973011361551430
  0.34181334876862279  0.35362069943311630  0.36549498968916039  0.37748524274645479
  0.38941172315278744  0.40169467053269348  0.41429221156892793  0.42680007807013748
  0.43947662928138986  0.45266207048556617  0.46607672308380971  0.47928734357565261
  0.49244944319457673  0.50540115844324096  0.51776687701900426  0.52981143226072613
  0.54182299465224937  0.55397710781080078  0.56625305439984541  0.57843230701493020
  0.59033888530168777  0.60212734296250425  0.61396613958130519  0.62567582174706438
  0.63713126488155492  0.64852603154927679  0.66000848381773147  0.67149006527799926
  0.68281697516455897  0.69375574573349907  0.70450703334740095  0.71552175130658147
  0.72659573107269837  0.73748024173896953  0.74815966896597952  0.75887622365957175
  0.76929463294151945  0.77939195543442896  0.78914839192403252  0.79889111670957602
  0.80832562379136541  0.81753093441992009  0.82658961864521396  0.83558415070603675
  0.84473980385665492  0.85381610873352987  0.86281210303440570  0.87182393728276308
  0.88052588456800951  0.88908654080631921  0.89739644006442243  0.90533827467367789
  0.91313640527847328  0.92093684657972452  0.92871095677338134  0.93650063017222918
  0.94432213358511574  0.95216044202466177  0.96011425832718411  0.96817057509817750
  0.97612087971092898  0.98400076417137305  0.99204793221615928  1.00000000000000000
 -0.00240436453346348  0.01037926624114101  0.02107402608554859  0.03168134362945989
  0.04210079842524351  0.05204605270879551  0.06207942599834502  0.07250123178749394
  0.08312970553189393  0.09401582914895025  0.10467788445561910  0.11542647283014937
  0.12606261068865596  0.13681408316553920  0.14760223605076206  0.15855359774617303
  0.16910839338715367  0.17948517305518916  0.18988083873605494  0.20035533021748264
  0.21086598646763791  0.22109527792662348  0.23110160973107693  0.24099670980333429
  0.25099417085746090  0.26143073830271490  0.27199970043093469  0.28237030008370267
  0.29262990095838293  0.30276278938750995  0.31294960187013876  0.32302993565487986
  0.33315801179348475  0.34315305426233467  0.35339616792001999  0.36381266486634567
  0.37439724898998045  0.38531087884258097  0.39614202386529562  0.40738742224659152
  0.41828708253637270  0.42939299429577843  0.44035971061310747  0.45126545386940703
  0.46187014320942948  0.47206941949318709  0.48203791978662669  0.49218452611679353
  0.50281263267549736  0.51374891287683477  0.52465063364644138  0.53533218325981413
  0.54603295231965721  0.55671866972594430  0.56707679063532124  0.57736965627540571
  0.58782370502105341  0.59861116893975996  0.60950136185921744  0.62029014400855687
  0.63071376548837499  0.64101802657190921  0.65131046210192245  0.66192675270946166
  0.67251356102658300  0.68316972946488064  0.69383952137403448  0.70424758595819936
  0.71467945623502860  0.72503404146401274  0.73566591925998592  0.74645865163066605
  0.75766766158399634  0.76885096972676947  0.77947397556075582  0.78990484488021773
  0.80034224607591686  0.81076768830093948  0.82109159170644908  0.83133493775510947
  0.84183589683582449  0.85231510129688259  0.86275968801996761  0.87309354291126517
  0.88346553740765899  0.89419320246680689  0.90506842139303201  0.91556806918344558
  0.92565550652821038  0.93560203789867558  0.94597563610547253  0.95670963085301164
  0.96754002857418697  0.97834599581372217  0.98923182036022372  1.00000000000000000
 -0.00238619319257009  0.00954491685515083  0.01985503331818492  0.03039039473375383
  0.04114447410173525  0.05143535134355966  0.06169616454586464  0.07202923439950017
  0.08252388623919238  0.09292209041298298  0.10304381422863959  0.11356192057186594
  0.12425710150462972  0.13510699837076262  0.14583128081568070  0.15664384746633034
  0.16723499457149324  0.17778648388985824  0.18830533020833251  0.19895155768673686
  0.20954347053192199  0.21985139958672067  0.23007320964831773  0.24042875587548757
  0.25086784959451597  0.26156147129475710  0.27238099460078707  0.28348264255624661
  0.29420351097715475  0.30450686457967596  0.31475017901265767  0.32516897189011867
  0.33546880632259130  0.34568620987497783  0.35586100198955051  0.36676747482880440
  0.37776255449588725  0.38856821689246795  0.39911158030174509  0.40956482843148817
  0.41986928426634906  0.43020837891297964  0.44091535402702914  0.45180997175986604
  0.46252933892558101  0.47291862049445865  0.48341540902930613  0.49409158180716967
  0.50481653407736060  0.51578737069399883  0.52681796046269691  0.53773444263782411
  0.54809611141426118  0.55844084594345034  0.56854308838553358  0.57858573971438909
  0.58892510141606269  0.59945722533328971  0.61027353295791575  0.62099428210114804
  0.63158785987281996  0.64195878056711619  0.65249291781885510  0.66320303548445669
  0.67391818219088795  0.68427553232337834  0.69475346849633890  0.70524711090647485
  0.71578845180085260  0.72615898187912375  0.73642198415336368  0.74681228810975264
  0.75730663733611403  0.76789718606674584  0.77870882770265715  0.78980748039060333
  0.80102192813617379  0.81211200511956405  0.82277702838614752  0.83328604786918958
  0.84367259615183432  0.85410449885755613  0.86445259914593953  0.87463436411188689
  0.88480246575604615  0.89522554040032398  0.90573808356918695  0.91621181975589883
  0.92624928628574477  0.93616798360728892  0.94624779837886941  0.95654814020508105
  0.96695056284892766  0.97757068093365740  0.98858618152884015  1.00000000000000000
 -0.00241054016433802  0.00975687322766684  0.01966217920925661  0.03032684634237921
  0.04072309470078791  0.05162762416559145  0.06250637032793119  0.07334279033910614
  0.08413773309305957  0.09497681896138974  0.10585242309357662  0.11650787737816709
  0.12690398304032074  0.13695076836354519  0.14717835080921873  0.15740511743499461
  0.16771147258628960  0.17814152193029936  0.18858792841196159  0.19910591617176865
  0.20958435586747803  0.22031726820081898  0.23106669271876085  0.24158597347468455
  0.25189709848811243  0.26205031673731055  0.27222447041835801  0.28249378420239152
  0.29303163479404842  0.30381892936534888  0.31427131074948222  0.32489670276520671
  0.33557027259901034  0.34605881638061597  0.35626342510908410  0.36642201242409700
  0.37689267544155752  0.38777985659384090  0.39854997579654644  0.40954711451997472
  0.42057080199769031  0.43164259664660104  0.44249493916457938  0.45294961933119449
  0.46341859317737177  0.47389721898188736  0.48462619796689593  0.49554834511238954
  0.50662418435051404  0.51758759631137374  0.52856911285641284  0.53969064238858788
  0.55091597167802797  0.56212964757691997  0.57309116227678092  0.58381417240458722
  0.59412150989386814  0.60422694505157515  0.61453989786849383  0.62523115011666408
  0.63621683043660349  0.64710406226388784  0.65784403314583850  0.66842390568689614
  0.67883777048640992  0.68936847333707052  0.69990243899259907  0.71042230134891549
  0.72095037599930611  0.73137258639479452  0.74169554505428770  0.75200281538422131
  0.76220671160939690  0.77254571464035604  0.78254075263360989  0.79253804335795852
  0.80236580660602352  0.81232367329233834  0.82258022292707178  0.83296315013492905
  0.84364295402300871  0.85427569052105357  0.86506124435929821  0.87555961166783725
  0.88611750284214585  0.89644144813017335  0.90696655036566454  0.91727200659241381
  0.92771193359326587  0.93809379627684575  0.94856951409845347  0.95919770543645821
  0.96964601794007466  0.97998791552410458  0.99000830035453280  1.00000000000000000
 -0.00290649948817656  0.01270255985062147  0.02539118201965017  0.03809580214855318
  0.05045449922283943  0.06248805381358200  0.07409325363019803  0.08548247880593915
  0.09688732299726829  0.10803245899877685  0.11898802116944933  0.12982490393943480
  0.14053218326370243  0.15130966910384247  0.16188752826802563  0.17228131688043430
  0.18265713425738339  0.19342391564121045  0.20423797451279399  0.21479207386271063
  0.22520103416910789  0.23577557052298087  0.24638151357579263  0.25671224997226222
  0.26692677471842452  0.27712978695761242  0.28737439391806008  0.29736154405058374
  0.30703195384640081  0.31675775501201769  0.32647978675801220  0.33634752794166767
  0.34596513256296191  0.35569352437819207  0.36570527147943122  0.37593924395590483
  0.38621060210179881  0.39637686533505756  0.40629067297041532  0.41631711704531893
  0.42637862960692174  0.43636719804203805  0.44611860087722371  0.45563485836639128
  0.46479407640506387  0.47400773213906411  0.48333944654850408  0.49288614444372841
  0.50239785933001868  0.51176733418932618  0.52121238114118740  0.53107983712392948
  0.54129576772459653  0.55146691953357285  0.56165434386759117  0.57165967603334999
  0.58178926899074712  0.59169444340586785  0.60159342288168904  0.61120567294166139
  0.62073628267400160  0.63041818710747133  0.64019485590606184  0.65000444185765249
  0.65974922075207176  0.66951428258761736  0.67937083304959467  0.68925546319927211
  0.69905295246242372  0.70889151037132081  0.71910281221732342  0.72951095538543032
  0.73981046379901538  0.74985078310775988  0.75964179724174208  0.76944495495830056
  0.77954035453358683  0.78985740874417987  0.80033460261560341  0.81078527070475903
  0.82130642297406897  0.83194729560713887  0.84268984446619577  0.85375648410170579
  0.86515125688242100  0.87674999080380811  0.88836254205104925  0.89995211769634265
  0.91165720863877231  0.92362472325722489  0.93601076286357587  0.94885564291521318
  0.96168276730576419  0.97416995249646376  0.98703367132040076  1.00000000000000000
 -0.00228946526481778  0.01032707180720576  0.02073108844983943  0.03147322767661989
  0.04200232945973878  0.05262268506048191  0.06338598112409188  0.07434165859226605
  0.08494132152348197  0.09547999454309143  0.10586461597318783  0.11644985692684244
  0.12692080482347179  0.13697244370809647  0.14723894726298239  0.15740074514601543
  0.16753315747163713  0.17752510708763114  0.18771726667490396  0.19846505906364201
  0.20922376384511349  0.22009446175367464  0.23099186980850475  0.24185036683208738
  0.25257226326498156  0.26298854120652720  0.27329120215434566  0.28341640611826863
  0.29363884359996306  0.30418167246991973  0.31460917221561346  0.32519867224884935
  0.33574415218180592  0.34655871063871901  0.35716818261917815  0.36790838051436409
  0.37830961024841747  0.38883568394350571  0.39945458534831929  0.41034254228915595
  0.42105186497428915  0.43169296373252941  0.44231479655363770  0.45316656897558155
  0.46340354975754139  0.47355698757772996  0.48372999565032554  0.49394422440685765
  0.50405312777660205  0.51429044516020339  0.52494259331391147  0.53541581143268413
  0.54591019387978290  0.55630914146545607  0.56708185654489696  0.57811419402999986
  0.58898623937744887  0.59969624831794810  0.61008812554608260  0.62059585910039861
  0.63103364006301732  0.64144346619346027  0.65191549445322261  0.66276927261633567
  0.67379742950869559  0.68466434117717656  0.69535287844596794  0.70599433505905340
  0.71670727623148733  0.72743205421651458  0.73787270423663076  0.74825527338689379
  0.75833360272645134  0.76852127364275058  0.77888786236231655  0.78957103615481483
  0.79980741753709783  0.80977700597111724  0.81993547593119109  0.83032838426724009
  0.84094451858929320  0.85153395873060322  0.86263095779579679  0.87396035481236278
  0.88503411982562208  0.89588044443657155  0.90602577248309202  0.91602537853571675
  0.92625579954755433  0.93648309974123622  0.94691876628470573  0.95696829792297355
  0.96749094272963987  0.97830354939377429  0.98913627702225615  1.00000000000000000
  0.16770384841754363  0.20800277386449023  0.22365189628698737  0.24114369722685980
  0.25823374178089853  0.27302989413319162  0.28786987509683254  0.30231326253836049
  0.31609222248612834  0.32710471144475850  0.33700454181823447  0.34576430888630399
  0.35397848645839586  0.36172966264444756  0.36911856731659820  0.37628382581598463
  0.38322306941699225  0.39004986522120094  0.39669952721747420  0.40309079386080560
  0.40935430075456236  0.41554858405704082  0.42167862092292946  0.42781016296592378
  0.43398995583830968  0.44008640274455502  0.44612730942772705  0.45207285750734955
  0.45799884838754318  0.46391001277307065  0.46982337730710616  0.47567961031872835
  0.48142744736861004  0.48710062158640888  0.49279267089432965  0.49852279454724113
  0.50421888302262574  0.50984681413700983  0.51545401560540038  0.52113226719106831
  0.52694480899908402  0.53277078844718362  0.53858196394947000  0.54428668765119737
  0.55007494313444161  0.55590647553111960  0.56180481131109317  0.56780454803450120
  0.57376871835088772  0.57972552386085296  0.58574167980463010  0.59185864795900056
  0.59798123075107290  0.60412202801862369  0.61039099976053623  0.61675252006399339
  0.62314787800367144  0.62952703628126960  0.63589888705022590  0.64237102620099262
  0.64875907805997990  0.65518369941852217  0.66154697882104185  0.66802493682526776
  0.67456480183369050  0.68115075584678186  0.68787333537755324  0.69479555986748176
  0.70180400872519111  0.70883365892780903  0.71605619703228007  0.72336883960554343
  0.73068971482973744  0.73803542185637949  0.74543330897909710  0.75299902267426355
  0.76078658410856126  0.76858129244752016  0.77643137562120257  0.78446410202547479
  0.79278774052604473  0.80122877471618947  0.80974122724151609  0.81853945451628485
  0.82794722716392977  0.83797662000556572  0.84855441478438576  0.85938212693404659
  0.87053627049249227  0.88228019566896565  0.89498598321071265  0.90947778985434635
  0.92555494126623283  0.94349093391451022  0.96597469554781046  1.00000000000000000
 -0.01993433813404306  0.12312359284315594  0.16784706073654984  0.19603435830409394
  0.21882303103135597  0.23824996858500888  0.25516785620669336  0.27032434840552416
  0.28464293435495125  0.29833544088199365  0.31119884305847972  0.32314977753853658
  0.33453113619206587  0.34552244334209437  0.35603815710253278  0.36618935803646535
  0.37618518937052187  0.38598667295571970  0.39538063861535594  0.40434565638803455
  0.41306599712246800  0.42169509500936342  0.43024058677783766  0.43865689451467743
  0.44694691296855726  0.45518756903194918  0.46337846637172458  0.47144583498446463
  0.47929176488921188  0.48693685258202801  0.49451575137304743  0.50198371277006126
  0.50920039900597636  0.51630557747174544  0.52330702097070947  0.53012321394187023
  0.53688913380601122  0.54351460281690434  0.55001569333220668  0.55651155544780484
  0.56309678459759016  0.56963476433693316  0.57605556090503152  0.58235619863071242
  0.58854797425486471  0.59473252787478859  0.60087476286454955  0.60692018423097571
  0.61281499875343237  0.61861291548256969  0.62437346295345464  0.63008739587993823
  0.63576838290013338  0.64145792465321494  0.64712362919780342  0.65277435160843278
  0.65846196619817554  0.66410410236504802  0.66971578186204983  0.67528919713170477
  0.68089995585082530  0.68655512983410605  0.69219564485431306  0.69778428301597750
  0.70332200902077313  0.70884349322294726  0.71440550128737945  0.72002524871487306
  0.72559584079334338  0.73107784618829608  0.73660491966078345  0.74216926716378662
  0.74779483726447937  0.75347286362000276  0.75913603849630718  0.76483592663800481
  0.77054370565342523  0.77623427890454588  0.78203848856602154  0.78797009730430900
  0.79415185081719075  0.80052329014889101  0.80700708294901935  0.81354510573431482
  0.82030151381085581  0.82716091555726801  0.83432728350753294  0.84237528598606637
  0.85056223031026990  0.85972515596109100  0.86967507399162602  0.88118103821810301
  0.89430208147496615  0.91154842754743259  0.93764950356931520  1.00000000000000000
   2.1751159613715319E-006  -1.0000000000000000     
 F F F F F F F F F F F F F F F F F F F F F F F F F F F F F F F F
  <DiscreteSampler_grid>
  grouped_processes
  1 # 1 for a reference and 2 for a running grid.
  10 # Attribute 'min_bin_probing_points' of the grid.
  1 # Attribute 'grid_mode' of the grid. 1=='default',2=='initialization'
  0.0000000000000000 # Attribute 'small_contrib_threshold' of the grid.
  0.5000000000000000 # Attribute 'damping_power' of the grid.
 # binID   n_entries weight   weight_sqr   abs_weight
    10   10   1.150309407884578E+006   3.008372447944327E+012   1.150309407884578E+006
    11   10   1.150309407884578E+006   3.008372447944324E+012   1.150309407884578E+006
  </DiscreteSampler_grid>
