  0.00935967503003661  0.01652493594721982  0.02540340494787387  0.03678315966579308
  0.04748472217409676  0.05825135914632575  0.06914249534069411  0.08010984119852142
  0.09085736664166100  0.10159466828175237  0.11230116397103265  0.12266735561977928
  0.13288811212128071  0.14313296203337020  0.15351933636350154  0.16390291666035717
  0.17441301960453631  0.18479684048013670  0.19484389382636988  0.20477104107835964
  0.21494581556758649  0.22541301825767115  0.23590504599719897  0.24642147001009274
  0.25690367246899937  0.26757432683350746  0.27826242997600004  0.28878171843491651
  0.29894111947990715  0.30883126153892160  0.31906204177809305  0.32926158730801536
  0.33934324936429067  0.34936263871952677  0.35956762916001367  0.36993666791523122
  0.38010419266317980  0.39012282233165702  0.40020039553552411  0.41049590158387878
  0.42089846470126763  0.43148589708959201  0.44203164296330688  0.45262523525745535
  0.46322116046689821  0.47376206456661762  0.48420446682754442  0.49460450932326755
  0.50512449016941874  0.51581236610686343  0.52659273988590649  0.53738156574615914
  0.54804517788554641  0.55867402312839276  0.56937058521950301  0.58002927010751293
  0.59046628450725236  0.60078894125008508  0.61112255435220575  0.62146942883226963
  0.63177844423164353  0.64204964296700040  0.65243045656125731  0.66282484401648223
  0.67317680673234559  0.68364671343184935  0.69405433960129370  0.70443995525000436
  0.71463719780676227  0.72481639354995608  0.73511177276095552  0.74536716563330019
  0.75567477593995536  0.76617924319984487  0.77687812236731157  0.78769774592243769
  0.79839275184568537  0.80882218641222181  0.81904794403033754  0.82918296707945427
  0.83956968288856271  0.85029366713965038  0.86084087194509207  0.87125701727391280
  0.88168796392475179  0.89200610712674244  0.90225865610351585  0.91231605323466558
  0.92285953291125622  0.93351971492377173  0.94438442373249565  0.95522269366328905
  0.96577082825479899  0.97625701055434644  0.98754907927928337  1.00000000000000000
  0.00000268744771870  0.00000298829016314  0.00000324830154087  0.00000351442445893
  0.00000378588648933  0.00000406733535290  0.00000434800991202  0.00000462877897893
  0.00000490220201354  0.00000517585262107  0.00000545681094537  0.00000574226782665
  0.00000604684218135  0.00000635835201744  0.00000667947258541  0.00000701157888119
  0.00000735205660167  0.00000769574639406  0.00000804904723693  0.00000841035710304
  0.00000877140285548  0.00000913407523261  0.00000951247775393  0.00000990512927784
  0.00001029936047905  0.00001070473933874  0.00001113470533251  0.00001158391592611
  0.00001203674712439  0.00001250521940615  0.00001300167330614  0.00001351500527369
  0.00001404143596844  0.00001458397463198  0.00001516832966761  0.00001575615838757
  0.00001635207526331  0.00001697479231359  0.00001763416378639  0.00001830876341632
  0.00001898443250008  0.00001971553744977  0.00002051503485210  0.00002134166869932
  0.00002218192797005  0.00002307214697911  0.00002406193444613  0.00002506506851259
  0.00002610284837448  0.00002724353439114  0.00002846362809116  0.00002968759981269
  0.00003096787921373  0.00003244273140759  0.00003395490230734  0.00003560790780848
  0.00003743457690903  0.00003937306257880  0.00004140908228171  0.00004367148394088
  0.00004608964992141  0.00004870181125434  0.00005158454796894  0.00005464107362494
  0.00005799758149158  0.00006169588748036  0.00006575526901907  0.00007033404321061
  0.00007530309351048  0.00008072897710815  0.00008663460609132  0.00009315144998481
  0.00010029944583180  0.00010820337187298  0.00011700030848384  0.00012713754847455
  0.00013872467409144  0.00015229200960089  0.00016842003944884  0.00018733015941205
  0.00020905983408134  0.00023525827552072  0.00026524421580283  0.00029977859518909
  0.00034432039999123  0.00040190433227192  0.00047073418199718  0.00055774783043313
  0.00069356854416423  0.00088482619683466  0.00114933723448549  0.00150183667730048
  0.00208377808805258  0.00305569850698887  0.03897232737670817  1.00000000000000000
 -0.00265769918097346  0.00965531420191859  0.02020293584603133  0.03076650209818351
  0.04135669663616141  0.05164146065552128  0.06187635647632964  0.07225798123993669
  0.08271009449292113  0.09326776093386477  0.10359883881180121  0.11360723012724487
  0.12364381260611571  0.13384873111607845  0.14420058279752435  0.15471608329208977
  0.16526417858032269  0.17585360029418334  0.18624812001019636  0.19663049592822507
  0.20709242345706466  0.21756689923793104  0.22788885809209025  0.23884087266766890
  0.24947244938803700  0.26033593860886778  0.27107472395391696  0.28225815439141383
  0.29328543077146879  0.30394634875184862  0.31455062968014402  0.32520381703779483
  0.33581283973081860  0.34629014655807094  0.35680237224450595  0.36709882758989371
  0.37729400241675687  0.38752418974347080  0.39818553477908197  0.40912335297837998
  0.41995524746721880  0.43075097860828332  0.44164772532638880  0.45280683051535414
  0.46331036584103746  0.47344396982541481  0.48347270654138935  0.49373183685695066
  0.50401574054598675  0.51434059223535533  0.52471868814316291  0.53507485634369090
  0.54527631794180931  0.55533503829847986  0.56553299878248575  0.57565910717216551
  0.58609257683851768  0.59678198558130768  0.60778408917519555  0.61890244423688956
  0.63012160695532216  0.64141708950688436  0.65219050344043927  0.66283470185661952
  0.67333857174567036  0.68371033420369598  0.69396792100765559  0.70443066717309766
  0.71540514504245367  0.72671247044794274  0.73763338241431409  0.74866253527167015
  0.75959645553037647  0.77064776837904259  0.78144547147626986  0.79211434774866685
  0.80242061135398512  0.81250179753818130  0.82272590771469745  0.83282705333797280
  0.84292644296984420  0.85307723865434437  0.86342667574583276  0.87395818469906861
  0.88445754805693622  0.89511933776632135  0.90594943838719555  0.91661383554374309
  0.92739945495706211  0.93842264501281980  0.94912694845183943  0.95985458233753451
  0.97004349748048535  0.98024414191068354  0.99011199566696095  1.00000000000000000
 -0.00251705990986487  0.00928776324601228  0.01968096337689306  0.03032392247196470
  0.04096132264347948  0.05135144192330282  0.06171385608875711  0.07246369945769475
  0.08331520606924156  0.09438791066544933  0.10512174118698758  0.11588495566066723
  0.12660874365746305  0.13742509304155073  0.14821379740016952  0.15901100042274305
  0.16970492092979911  0.18018629119581797  0.19046745512701591  0.20051240177841259
  0.21054377736476443  0.22020782822476589  0.23020605515278467  0.24056414764792339
  0.25119899542824242  0.26148613592116005  0.27154868618521610  0.28243760970308202
  0.29332258727981952  0.30477111987126149  0.31631908930077896  0.32803161935642305
  0.33941130411332299  0.35075878198656013  0.36130367925181300  0.37170377745672784
  0.38178137873216672  0.39156598543862131  0.40134195399868694  0.41116638402075839
  0.42127260808621569  0.43125558074174170  0.44113056493923475  0.45114558075717243
  0.46108994619738569  0.47096107769638468  0.48079629553850078  0.49095031571214648
  0.50119263795613556  0.51167264827960313  0.52199145819231696  0.53253066387938686
  0.54312770865166726  0.55381889378880900  0.56453555517192722  0.57529271677442884
  0.58617155557595368  0.59701188372449165  0.60762489420666044  0.61804920026072196
  0.62853580776062601  0.63924547216254246  0.65006574441680909  0.66088121448127157
  0.67170118221015251  0.68252132714789926  0.69324209005375104  0.70384190790061452
  0.71442958713256055  0.72505672630825491  0.73581402030102516  0.74657160033570080
  0.75727844790897547  0.76810267899732931  0.77898493865466234  0.78987728663968759
  0.80060068265437256  0.81111836955883043  0.82139362275799666  0.83143343886801158
  0.84175953369013434  0.85204316334452013  0.86244547379318393  0.87297901204546402
  0.88428452908066801  0.89582725440695132  0.90636839267816005  0.91689890281877129
  0.92749805353192960  0.93796997715620256  0.94805736940665808  0.95801457858615902
  0.96858159977894642  0.97919940560243557  0.98964523207469923  1.00000000000000000
 -0.00245098312931042  0.01009082267369422  0.02068031603685782  0.03140236412901625
  0.04200251378687003  0.05265836310957846  0.06353724317208206  0.07489096048939423
  0.08607640224365931  0.09667932134374202  0.10716639349410663  0.11772245426947910
  0.12839107005426464  0.13890896899279859  0.14982317217547647  0.16084640578205944
  0.17199820384352116  0.18295143886884196  0.19399647617107019  0.20520437906011169
  0.21640406730491507  0.22740157094196672  0.23817077857413141  0.24883534877716235
  0.25945025546393663  0.26994425058253857  0.28048406331441689  0.29108011288193453
  0.30159181338257712  0.31193469359493686  0.32225689802058366  0.33273589144642018
  0.34308013747435284  0.35319372962494816  0.36336298760034197  0.37391726333002440
  0.38502581290530347  0.39622731046213816  0.40739504100658941  0.41832399884872240
  0.42880750848812782  0.43880310157552765  0.44865424119129521  0.45874628036907389
  0.46917676514809881  0.47974211617748885  0.49052278444035391  0.50121384736643337
  0.51155945110933132  0.52181982980424757  0.53208880627354815  0.54227724344698824
  0.55217762149082683  0.56193073675037331  0.57208813056201813  0.58220887900098051
  0.59272586011704309  0.60316015795754596  0.61394316057549758  0.62499088388787694
  0.63571980460905420  0.64625622088612489  0.65635981413360533  0.66640850119559558
  0.67637002237932808  0.68640147997311485  0.69687892180228206  0.70738020094045972
  0.71790858628908794  0.72827682090601387  0.73879934776467115  0.74928908030535191
  0.75953107094199834  0.76976830076996305  0.78013665759509110  0.79055805243406119
  0.80075692493500750  0.81069513526485026  0.82070395488333792  0.83078269248113246
  0.84119017788141182  0.85163897799325017  0.86201611988584159  0.87244324523048666
  0.88305764780066809  0.89384190155618481  0.90435167938306982  0.91495534271218493
  0.92581091730456355  0.93654629407129242  0.94685650914128794  0.95727561852867482
  0.96801928986748065  0.97916327532204539  0.98963074186108257  1.00000000000000000
  0.02357127583752111  0.02663226563557536  0.03143989448206211  0.03601281363797083
  0.04065695152562552  0.04541113474743698  0.05034701798984114  0.05541852713153640
  0.06045030943849906  0.06564379568821979  0.07095291481495908  0.07621836807441124
  0.08148622145793320  0.08687542933295728  0.09243509716494840  0.09802124901836393
  0.10370044206211433  0.10932903203029581  0.11508067954602011  0.12091192611518191
  0.12670769154580921  0.13248911427364973  0.13824746602433879  0.14406625076777585
  0.15004801447030092  0.15603584049014252  0.16209349814543200  0.16824227586213664
  0.17451522306538689  0.18087932832987058  0.18735922361252616  0.19389152027249323
  0.20040048456301343  0.20678210606131042  0.21312874767039947  0.21949652262295813
  0.22599897773586505  0.23269740998629257  0.23958788557598984  0.24660688450829585
  0.25370531066493368  0.26087909028127060  0.26808401497186612  0.27536990339099970
  0.28273609180686904  0.29012574521038431  0.29753765875774579  0.30522535397932010
  0.31286887767352067  0.32088887646336606  0.32884139849580574  0.33709176985762146
  0.34534003674542835  0.35371685827852434  0.36230604557952178  0.37098426943836249
  0.37993588876006584  0.38913046037930771  0.39853333737004942  0.40804576436532247
  0.41768630523990879  0.42749365651107346  0.43757007960411021  0.44786771408757153
  0.45831217472454261  0.46878383014068603  0.47934571479291077  0.49002656109634607
  0.50092241827849704  0.51176933966444726  0.52274068104239690  0.53386633919670612
  0.54530415494881579  0.55704270571295755  0.56917730566332814  0.58172379281633002
  0.59458658230889794  0.60763413096599928  0.62103547317569097  0.63474042090212890
  0.64855971647387634  0.66277393572118926  0.67764401337878466  0.69310921119290003
  0.70913185847266713  0.72601586439200061  0.74363023067247269  0.76239399522647011
  0.78207751703481165  0.80241085701773740  0.82375691450348265  0.84684141837574400
  0.87190699201952881  0.90155490822638495  0.94044234245602898  1.00000000000000000
 -0.01852012690399266  0.10407840555244688  0.13857772955953573  0.16000619080644102
  0.17761141904800776  0.19294456301159826  0.20674335665083268  0.21922258584580429
  0.23071112131400140  0.24145905013027433  0.25152706106271494  0.26096306862301427
  0.27000878167297743  0.27871517915568483  0.28725510202384691  0.29551817410178977
  0.30340765366348282  0.31105168009645534  0.31851806370252517  0.32585864844919549
  0.33308710413077891  0.34014167934360773  0.34707812333850319  0.35388651957377770
  0.36051473645465459  0.36704320928595024  0.37346039324513997  0.37969936863364462
  0.38586205053420547  0.39203001695627365  0.39814450264547618  0.40413293052368721
  0.41003775977807405  0.41579292711424432  0.42153249216302113  0.42714068877719269
  0.43276048651386606  0.43845275530497285  0.44418285458383239  0.44997228003519429
  0.45574531330565299  0.46152530521261725  0.46730568254780791  0.47306315058139720
  0.47873922027784449  0.48429409142477164  0.48977906635092355  0.49527585628550125
  0.50080295543991515  0.50642824702982780  0.51206626625654272  0.51768241426287209
  0.52331746083320896  0.52892694936302875  0.53454138106253979  0.54023003478032006
  0.54604288615945740  0.55195909723447500  0.55791508783684218  0.56391203080460950
  0.56986400672165982  0.57573687857111089  0.58151503725764708  0.58722897093631443
  0.59307384699215682  0.59912083417586437  0.60536408255930185  0.61177576145786283
  0.61821069143587226  0.62463412626848080  0.63116865485590112  0.63782347505545789
  0.64454800157675296  0.65141373722057139  0.65838240951185656  0.66555270776376296
  0.67301573259014769  0.68059340433127768  0.68819799172107210  0.69581739716145175
  0.70359367292666608  0.71180763390131041  0.72057484351043599  0.72955445965769006
  0.73877940922699026  0.74861232055379545  0.75932933296406369  0.77093061707645116
  0.78299718316177369  0.79587177757308147  0.80967713298785016  0.82468080737959737
  0.84208442374498682  0.86327070508666159  0.89646045219188641  1.00000000000000000
   1.6994320898138757E-006  -1.0000000000000000     
 F F F F F F F F F F F F F F F F
  <DiscreteSampler_grid>
  grouped_processes
  1 # 1 for a reference and 2 for a running grid.
  10 # Attribute 'min_bin_probing_points' of the grid.
  1 # Attribute 'grid_mode' of the grid. 1=='default',2=='initialization'
  0.0000000000000000 # Attribute 'small_contrib_threshold' of the grid.
  0.5000000000000000 # Attribute 'damping_power' of the grid.
 # binID   n_entries weight   weight_sqr   abs_weight
    10   10   2.136589479978142E+008   7.962307719962819E+016   2.136589479978142E+008
    11   10   2.136589479978142E+008   7.962307719962819E+016   2.136589479978142E+008
  </DiscreteSampler_grid>
