 -0.00244665187063076  0.00931443290389563  0.01917124708886797  0.02960362321608197
  0.04012314184384645  0.05064914904327007  0.06117610227062735  0.07177423887386619
  0.08239093036310845  0.09294500195426918  0.10338429303060148  0.11384568279045280
  0.12421807231025182  0.13461661017167176  0.14496660257674729  0.15543827225516929
  0.16599299623631220  0.17669846744474552  0.18739930302243257  0.19811081464527072
  0.20885088842438948  0.21941241182780888  0.22999132999713570  0.24037432304669301
  0.25086219486878564  0.26121564520259666  0.27161917680469733  0.28207332862612938
  0.29252288417387828  0.30293597162308733  0.31335774753672563  0.32383415501215101
  0.33432322260882541  0.34467428089260604  0.35506124459857002  0.36544201049094988
  0.37590035703138347  0.38634579951809250  0.39695115652117779  0.40751451879713352
  0.41814105275967106  0.42855415031228800  0.43894090937213404  0.44931329578359569
  0.45969094611576877  0.47022543679998846  0.48090764472096009  0.49174541558703627
  0.50242680741778190  0.51282000986671328  0.52324520677407782  0.53390600148133216
  0.54457618858323364  0.55531571810325930  0.56597431318343749  0.57663966575248427
  0.58733809971172257  0.59794176288127665  0.60856006569539023  0.61912355531011132
  0.62969596079649848  0.64030584306627381  0.65085443236879315  0.66138223925724016
  0.67190602643105124  0.68234206848912671  0.69280883307954810  0.70319385709137594
  0.71354136692736359  0.72398610502392513  0.73446080977529882  0.74516733354663045
  0.75593752982646956  0.76668951581556855  0.77735819805161244  0.78783201636716949
  0.79837530112803723  0.80894584781823953  0.81965674782192832  0.83039812215398168
  0.84114333347469372  0.85191235540398724  0.86251751202438809  0.87310658133970021
  0.88366707629825370  0.89416806519654646  0.90472155545763733  0.91516629655929005
  0.92575803198720830  0.93640329670142297  0.94707122532748877  0.95791397254691657
  0.96839454831309368  0.97903735542316506  0.98945475753283130  1.00000000000000000
 -0.00266529892228255  0.00980952060196181  0.02040092572913817  0.03116557214767744
  0.04202353611045391  0.05266504956117189  0.06329078782318680  0.07378115805980404
  0.08442197448959154  0.09512991929199782  0.10587923498102242  0.11642643907598522
  0.12696755709874974  0.13736570077627902  0.14779159453954036  0.15809585369854928
  0.16842274379811337  0.17879958387379694  0.18908922055261435  0.19927197167513372
  0.20948038453861742  0.21967894342601946  0.22988431433620746  0.24002850799318665
  0.25020840488803886  0.26052624880826275  0.27088154069046716  0.28141533107148220
  0.29205109007442676  0.30252056673618499  0.31297497259056917  0.32344685245837507
  0.33388039600132452  0.34442480245362878  0.35502517380742127  0.36577639852636606
  0.37643323240247450  0.38709990190024840  0.39776140732357335  0.40828620464125520
  0.41873528176623037  0.42922185804064483  0.43978733470037923  0.45048259091759435
  0.46122953413696116  0.47187323629021788  0.48239444984159546  0.49283357698568925
  0.50324336422683436  0.51365967850797434  0.52422647072388195  0.53487665820371333
  0.54551869685215382  0.55604426768894755  0.56654243788961134  0.57697924586531624
  0.58742757916314670  0.59786453788070759  0.60833479738213592  0.61885823472043333
  0.62943607831611958  0.64013654947895005  0.65082623225175185  0.66147983587530879
  0.67219109074285888  0.68299532469517588  0.69378545917605139  0.70446199320335812
  0.71490618006580098  0.72530245046631259  0.73583276085766236  0.74646146858021190
  0.75714336544167204  0.76780227925917433  0.77848271171625094  0.78928930006128140
  0.80008324376121820  0.81095460927058827  0.82168064301939803  0.83241994958268595
  0.84292562742280941  0.85320194940025940  0.86354918607045594  0.87388374444306050
  0.88436832737024218  0.89475974305099371  0.90530412542106753  0.91583133304203279
  0.92631559443855127  0.93678199104219306  0.94732479160853367  0.95782233762910340
  0.96843354337843746  0.97898393220454016  0.98955500427834886  1.00000000000000000
 -0.00215482678048168  0.00949100661950953  0.01962046827369242  0.03009932576618274
  0.04061704554400355  0.05108144544714273  0.06161877420917444  0.07197831564982818
  0.08234097236678550  0.09265312487490444  0.10297754580949790  0.11327904387835691
  0.12367837352892647  0.13418886350330320  0.14472517627381556  0.15517178126290643
  0.16550730636697664  0.17597763138137637  0.18647129148640598  0.19688669180272309
  0.20728382123624922  0.21760334645121437  0.22797345133544564  0.23842515932089470
  0.24894269107444975  0.25944901965431649  0.27002837826018811  0.28081155727585094
  0.29166337758884409  0.30240805668742932  0.31317753847415780  0.32401644577802835
  0.33477838129653037  0.34527012894381603  0.35566706454121377  0.36622390430563145
  0.37694159314368680  0.38785125905603740  0.39868799434412966  0.40947896607744616
  0.42028694690285817  0.43093455972609129  0.44163570744180763  0.45218725814768695
  0.46287298174902081  0.47354326953214698  0.48425835446231047  0.49489263270575939
  0.50540316217267378  0.51593898058888032  0.52637628921622814  0.53684736416241030
  0.54738856828455229  0.55798552894981690  0.56847121047477644  0.57870305454167237
  0.58895125496261458  0.59928811276720961  0.60963871778508139  0.62006808423308901
  0.63066309612158222  0.64136181174536766  0.65205568420000437  0.66278558428422407
  0.67339270664796125  0.68395983115345604  0.69443944799718971  0.70501832505064588
  0.71560019053050217  0.72614663601159746  0.73678829693922809  0.74730538034043592
  0.75754930307704216  0.76783383004013284  0.77824582190465708  0.78882976350618461
  0.79932968792378589  0.80965252477268546  0.82002223616015546  0.83053324858586963
  0.84109879717044755  0.85180989790740647  0.86229386002831432  0.87270086624531973
  0.88319655793447072  0.89381934739680013  0.90461805986330146  0.91527841345914018
  0.92598067527213757  0.93655310855576202  0.94698721189494173  0.95749907454840377
  0.96825426030188289  0.97901586243285954  0.98953494819923626  1.00000000000000000
 -0.01790530410660695  0.10429432554885479  0.13831672799197636  0.15963608104846524
  0.17715959186431560  0.19232529274805465  0.20594728527043191  0.21842463992728361
  0.23004201972653143  0.24092613055848061  0.25122964687997212  0.26098177504862741
  0.27030387833633257  0.27921367553091336  0.28782751237722032  0.29615622717924162
  0.30419557618736381  0.31204611826514467  0.31962150012513046  0.32703318201402520
  0.33430948355101037  0.34135320532760621  0.34828730170086292  0.35508023870684052
  0.36173061515659788  0.36830126730320867  0.37477514363242248  0.38113113196820636
  0.38740858483836704  0.39363113550026735  0.39977176022749816  0.40581761705863162
  0.41184068182041111  0.41781359011142000  0.42370619951826965  0.42955355992982303
  0.43535988502287409  0.44111815997539194  0.44683786493176231  0.45253551294443095
  0.45820659951803272  0.46384427325556499  0.46945755397832978  0.47505715569787865
  0.48064248533722403  0.48621392993696283  0.49177797094304643  0.49734184104446016
  0.50291765462579918  0.50849654506713748  0.51407084649688584  0.51964241654840404
  0.52521924131467690  0.53080415308138729  0.53640537920492060  0.54203836060674526
  0.54771151482038372  0.55341462228303251  0.55913584230775171  0.56489270864480923
  0.57069391619883136  0.57652919239593381  0.58240427447750920  0.58835244567002709
  0.59435373108345424  0.60038750725738232  0.60652336344547697  0.61274238128902658
  0.61901503905703281  0.62536792783234751  0.63183733992027891  0.63840570370845162
  0.64506077458462663  0.65185770655999697  0.65879717804912530  0.66584249735169554
  0.67311132919986794  0.68051305724305644  0.68806929074971246  0.69588507807878153
  0.70389986073361255  0.71223344348027839  0.72088807498081009  0.72985710335405274
  0.73922656744096527  0.74897911878122014  0.75924739274401731  0.77008586012162394
  0.78167667316653244  0.79412703355601577  0.80771487911693018  0.82284269590335035
  0.84033801383023476  0.86165341157555930  0.89577221892509051  1.00000000000000000
   7.8962243540724280E-006  -1.0000000000000000     
 F F F F F F F F
  <DiscreteSampler_grid>
  grouped_processes
  1 # 1 for a reference and 2 for a running grid.
  10 # Attribute 'min_bin_probing_points' of the grid.
  1 # Attribute 'grid_mode' of the grid. 1=='default',2=='initialization'
  0.0000000000000000 # Attribute 'small_contrib_threshold' of the grid.
  0.5000000000000000 # Attribute 'damping_power' of the grid.
 # binID   n_entries weight   weight_sqr   abs_weight
    10   10   1.259776514963523E+010   3.126375418269899E+020   1.259776514963523E+010
    11   10   1.259776514963523E+010   3.126375418269899E+020   1.259776514963523E+010
  </DiscreteSampler_grid>
