 -0.00246365815936709  0.00962241745014933  0.01992787856293982  0.03038312881980625
  0.04099512321673369  0.05152811426640112  0.06204003556657157  0.07236947103647363
  0.08281416788233899  0.09331891720679925  0.10388557340998386  0.11437769625934496
  0.12475495723707790  0.13512328747919991  0.14562969336800927  0.15620024865953946
  0.16670889965924923  0.17710185209188445  0.18754658362558063  0.19810712517576856
  0.20857066584112741  0.21912991395466658  0.22963217883405670  0.24032679703590459
  0.25105926245295490  0.26188704096990262  0.27259983894542195  0.28313865806905891
  0.29362886362471524  0.30410782446889706  0.31462313400890951  0.32531310961321902
  0.33594903482581595  0.34682875102842914  0.35759466574658044  0.36851120371581952
  0.37912735813088805  0.38976666233693663  0.40038485902283294  0.41096197154333675
  0.42143398188215564  0.43172291808934349  0.44199392633431811  0.45208275912808232
  0.46225333650620848  0.47240491464605250  0.48268928056771443  0.49324429642648310
  0.50379932717100884  0.51425212120154251  0.52448737757816477  0.53481969225837978
  0.54521327048574530  0.55592305063185443  0.56662719478414558  0.57745086724912753
  0.58807277024903659  0.59890436785193868  0.60959991990237894  0.62030031191874313
  0.63101684116545331  0.64164368030346863  0.65222397286846778  0.66270277850221315
  0.67319644891283914  0.68370020884693183  0.69418671022261025  0.70466144924780327
  0.71502109626401411  0.72525241777996197  0.73563754683701466  0.74601483344953934
  0.75637747026605084  0.76670046511210599  0.77718783293760119  0.78774587675877428
  0.79826987375291425  0.80874148815704261  0.81921564358897203  0.82983919325357047
  0.84060894910656070  0.85145547531423249  0.86210460195976835  0.87269356042581825
  0.88325782146108789  0.89383898305342635  0.90458707624056978  0.91529688402012177
  0.92596112821696641  0.93657341031101726  0.94738310308091811  0.95823567968519752
  0.96873833040864554  0.97913363740628956  0.98956668654079738  1.00000000000000000
 -0.00244858733128422  0.00963423649603985  0.01955296468333338  0.02999932424224349
  0.04036807000499554  0.05103553488263410  0.06162816433525153  0.07215952454958736
  0.08259176949153231  0.09311966575767432  0.10349782019098118  0.11415127242577079
  0.12476572988546930  0.13549668285507760  0.14624590554486508  0.15700121925439398
  0.16776256211685714  0.17829122463868544  0.18873762499160629  0.19915123734138990
  0.20966265939427087  0.22015141543604275  0.23071438099932665  0.24133224373389781
  0.25200742416308924  0.26252485025685168  0.27304534584568868  0.28364065501721386
  0.29424007608841002  0.30478100472993669  0.31524863556899585  0.32575448612292557
  0.33630271485986962  0.34691970290837743  0.35763865368698983  0.36833804661779534
  0.37913551036558568  0.38993546290187420  0.40068166126227811  0.41131218498962674
  0.42186047277625721  0.43239982266165811  0.44286500244017779  0.45334930144802743
  0.46385479434961197  0.47442127483689017  0.48507864043233445  0.49574669607914762
  0.50628849522600561  0.51680588447169351  0.52741902402220331  0.53808277225259060
  0.54859053179631767  0.55898359226931293  0.56941880181673077  0.57983763153544954
  0.59014260502581339  0.60055438407309936  0.61108203927307592  0.62166442352471707
  0.63215551123725455  0.64262906139241549  0.65323503530812466  0.66378058755721869
  0.67421223711949207  0.68467294020454095  0.69518430689370136  0.70584514719439240
  0.71656453266020204  0.72724893962501991  0.73782917511383728  0.74845045534141763
  0.75906928251653016  0.76973104772631984  0.78040439190814692  0.79115190636940169
  0.80178740028342022  0.81239201672753181  0.82280941119260975  0.83315232234461611
  0.84316782249311573  0.85326971448121891  0.86355253938821563  0.87397738550578741
  0.88434695493450499  0.89471351393999232  0.90527047231420277  0.91590402691269091
  0.92636112223828659  0.93670876202578424  0.94734700163064989  0.95794594279472334
  0.96859078385145170  0.97901352564377220  0.98957476996004989  1.00000000000000000
 -0.00225397896148867  0.00961515409603502  0.01951647174631788  0.02992626048244804
  0.04036227000529336  0.05116534742741276  0.06195542069941646  0.07282727119636725
  0.08338921491054641  0.09376883913313494  0.10418515863133992  0.11476516510481788
  0.12539188495342560  0.13584977590583280  0.14628904326839176  0.15679182817653126
  0.16725162361790907  0.17772264454268208  0.18827785067275712  0.19898635952328483
  0.20975577687648464  0.22049984831051039  0.23131314158293245  0.24219178473352646
  0.25293958726086685  0.26359685336706867  0.27396243872650972  0.28417836759397491
  0.29438316088104449  0.30466643747178984  0.31503809470141114  0.32541671437526348
  0.33590961779526690  0.34653008290110365  0.35706423120050429  0.36747113829253314
  0.37790079245041719  0.38843226106315659  0.39903899787030561  0.40966028592899456
  0.42026740133135754  0.43087541072179264  0.44139663513765565  0.45189621550292874
  0.46236279392859919  0.47287611762452963  0.48337033553195247  0.49385537033790422
  0.50430675869026764  0.51482636863052589  0.52540057102979132  0.53594238037222042
  0.54642576858682168  0.55692296797765883  0.56741415922722138  0.57789228007567106
  0.58828128040605299  0.59864786487851895  0.60906869797575902  0.61954064953297949
  0.63017231423774034  0.64094267553252815  0.65167947906604107  0.66244193141476104
  0.67302775845200979  0.68365884714599390  0.69424902414028888  0.70485550317590917
  0.71555254696946469  0.72625005363244177  0.73687485043557222  0.74744712915064848
  0.75784735858804586  0.76822045551845752  0.77853150948524885  0.78884504652594112
  0.79918553546690518  0.80965148345320781  0.82014246842110095  0.83076318085916545
  0.84140298542618541  0.85214551944029582  0.86264352020858404  0.87297139368991561
  0.88336130889631326  0.89380514735327177  0.90438453957177212  0.91481445819675911
  0.92533504935256128  0.93572645842815849  0.94633452823186237  0.95701377670754073
  0.96798474222966857  0.97866490604935297  0.98939241649917342  1.00000000000000000
 -0.01837428521192193  0.10372429620361544  0.13803296212838725  0.15945653677019947
  0.17699382868201527  0.19217530681364078  0.20579836647751179  0.21829103522903887
  0.22991898178110642  0.24078062460366426  0.25106578748601571  0.26080500205859442
  0.27015086023753854  0.27908744838262223  0.28771555891551542  0.29603882486996430
  0.30406984845680790  0.31191258195140331  0.31949027861609702  0.32691206087794061
  0.33419426897324378  0.34124407181936234  0.34818955109564442  0.35499740663173546
  0.36165559159120281  0.36821443085036626  0.37467373269693843  0.38102455043177874
  0.38730179463194653  0.39352855275247750  0.39967532771196385  0.40572480651800741
  0.41174098768793371  0.41769317489319946  0.42356320777910800  0.42939444137273336
  0.43519797676173816  0.44096129392715339  0.44668755807810173  0.45239561859688315
  0.45807724428372548  0.46372262235408046  0.46934384675049456  0.47495313919964893
  0.48054667481696017  0.48612648225644434  0.49169783377273613  0.49726927188594661
  0.50283736337192730  0.50840701396117560  0.51397555658073146  0.51955274654031491
  0.52514533084142889  0.53075278095011535  0.53637196266514386  0.54201402501461371
  0.54768894696326065  0.55338733874788337  0.55910563854079987  0.56486584929177230
  0.57067074440687093  0.57651244000975865  0.58238889232836366  0.58834283628001771
  0.59433834469612823  0.60036744752241078  0.60649852621749578  0.61271962374402533
  0.61900393197893600  0.62536741751253666  0.63183855469197592  0.63840427709423420
  0.64506167494101074  0.65186926582661875  0.65881911801395932  0.66586472993230439
  0.67312092450040772  0.68052730317544274  0.68810366441547399  0.69596477793239997
  0.70400729844399890  0.71234713671958816  0.72098926216192072  0.72993773169791598
  0.73929614913021213  0.74906343672309095  0.75936893810578843  0.77024311899915032
  0.78186095310984705  0.79436149763123631  0.80803610521090619  0.82325718402123471
  0.84084837166744408  0.86218119569714746  0.89619850759005348  1.00000000000000000
   7.8910087634309628E-006  -1.0000000000000000     
 F F F F F F F F
  <DiscreteSampler_grid>
  grouped_processes
  1 # 1 for a reference and 2 for a running grid.
  10 # Attribute 'min_bin_probing_points' of the grid.
  1 # Attribute 'grid_mode' of the grid. 1=='default',2=='initialization'
  0.0000000000000000 # Attribute 'small_contrib_threshold' of the grid.
  0.5000000000000000 # Attribute 'damping_power' of the grid.
 # binID   n_entries weight   weight_sqr   abs_weight
    10   10   1.262013787555555E+010   2.657759860536182E+020   1.262013787555555E+010
    11   10   1.262013787555555E+010   2.657759860536182E+020   1.262013787555555E+010
  </DiscreteSampler_grid>
