  0.00937490485015180  0.01625122992044891  0.02657637848432807  0.03791211227502285
  0.04840105306023849  0.05838944370575123  0.06847084186123552  0.07854497497207762
  0.08894941033467046  0.09961547529914200  0.11043772944824543  0.12137657261701942
  0.13239523983580134  0.14356853196003888  0.15446982313782567  0.16528091303077430
  0.17649123258497179  0.18760593233832898  0.19813265741662137  0.20866634187643809
  0.21935674178594841  0.23025735695819863  0.24121676674299194  0.25196946849718022
  0.26283670868267445  0.27321299979006325  0.28348137154125835  0.29378403932358416
  0.30439970168065095  0.31522550600305033  0.32579564556679241  0.33622989906470091
  0.34616848068399386  0.35642513900471501  0.36690111443818979  0.37735871515459801
  0.38757637591746330  0.39749107613952545  0.40792805135426685  0.41846978568743881
  0.42917220549237917  0.43969430692901756  0.44976726988044247  0.45943965289431421
  0.46943860108953639  0.47977603986071504  0.49078759843840875  0.50141672301441143
  0.51221509184060876  0.52292828760607324  0.53365928168880716  0.54454851116494607
  0.55559915951890348  0.56664146405915250  0.57764728666291765  0.58802747201742467
  0.59798276134771411  0.60775473779637501  0.61744795673131503  0.62733749136234807
  0.63749911969646333  0.64798793407756028  0.65896292858460903  0.66994206219184038
  0.68099561046492574  0.69199951459701703  0.70287858272934167  0.71340675246721275
  0.72355559781096257  0.73360938049720414  0.74339178889005109  0.75325134770607349
  0.76326807344720016  0.77378816552118634  0.78445447233174381  0.79500313697760794
  0.80535754865922271  0.81589528250620247  0.82633372670283700  0.83700971404740754
  0.84739871239869335  0.85788914980433395  0.86809378503502177  0.87826661115085158
  0.88850557323707147  0.89873915926144232  0.90916353225893176  0.91947634193577032
  0.93007283933341667  0.94049713355952058  0.95108670599864686  0.96152066317815332
  0.97143238873109272  0.98151040094609476  0.99148046065129036  1.00000000000000000
  0.00000237054989088  0.00000269402816883  0.00000300468605345  0.00000329617593901
  0.00000357615174722  0.00000385658497728  0.00000414267470079  0.00000442837433710
  0.00000471511875784  0.00000500008471972  0.00000529216914811  0.00000558473164347
  0.00000588229031165  0.00000619189472930  0.00000650512332126  0.00000682638934467
  0.00000715668785578  0.00000748842985710  0.00000782582560259  0.00000817733494830
  0.00000853751719946  0.00000889712488013  0.00000926144925512  0.00000965085815107
  0.00001005016567486  0.00001045186325887  0.00001086217256914  0.00001129105755567
  0.00001172841529603  0.00001217592846503  0.00001264695016458  0.00001313669146670
  0.00001362902638157  0.00001412650631548  0.00001464912488527  0.00001521456460688
  0.00001579719784656  0.00001638887925687  0.00001700333850508  0.00001769550314059
  0.00001839035154463  0.00001909916171170  0.00001985461945282  0.00002066925742051
  0.00002150599381043  0.00002236136621775  0.00002326891423234  0.00002422898689288
  0.00002521777193878  0.00002624037868583  0.00002734261924171  0.00002855287287497
  0.00002979611180083  0.00003117140896453  0.00003266574554811  0.00003422258856199
  0.00003583901854448  0.00003769548617571  0.00003959510340407  0.00004167893330875
  0.00004400708839286  0.00004646275650640  0.00004915230027976  0.00005206077062488
  0.00005507928946913  0.00005848387538638  0.00006217152432766  0.00006633683919865
  0.00007097123836131  0.00007608563505205  0.00008169379111972  0.00008782610842395
  0.00009464958804001  0.00010231115653700  0.00011078908559841  0.00012025128812094
  0.00013115139879728  0.00014334455736016  0.00015724998882130  0.00017361012550218
  0.00019297176402112  0.00021608916993373  0.00024380514438369  0.00027714786582245
  0.00031645448188219  0.00036237854551192  0.00041502282048244  0.00048072705609244
  0.00056693055338795  0.00068145806876830  0.00081972816289195  0.00099550983840995
  0.00124148913314934  0.00165091419552791  0.00874828885984558  1.00000000000000000
 -0.00228444432184731  0.01023109508621776  0.02083273873700545  0.03202536770138573
  0.04313850093360653  0.05420390993457525  0.06527918202346679  0.07632846183227598
  0.08727135975444796  0.09805129089782606  0.10891962849703990  0.11981462261536785
  0.13062798764582509  0.14122742184440662  0.15166341691311150  0.16206137387068109
  0.17308502775963960  0.18458985522336910  0.19585760716934716  0.20666241509501626
  0.21720889123691564  0.22755640991817572  0.23776851770998200  0.24777835000019963
  0.25791370316093593  0.26804568731671552  0.27872614448404798  0.28936274530022377
  0.30019172439443320  0.31085342648748765  0.32136829277454959  0.33183978688998306
  0.34235915403742695  0.35300492470156875  0.36370531295635006  0.37415083195399779
  0.38478918061025319  0.39519238928318862  0.40573736334338412  0.41630779151038205
  0.42693976436821096  0.43765401824414629  0.44818016421871720  0.45859596219059928
  0.46880539196326926  0.47901746045301141  0.48932005473267309  0.49970320961744724
  0.51017906881505171  0.52062322876874434  0.53107768865937788  0.54154609573546975
  0.55196942357413303  0.56233337974673336  0.57257411449616857  0.58281386091048271
  0.59259800786938532  0.60241115422857272  0.61259069033644176  0.62302206162931550
  0.63368525893021632  0.64410666546092110  0.65436428959446025  0.66464622532795858
  0.67520204225626090  0.68580972395310169  0.69618615789869753  0.70656610791176166
  0.71722550137519236  0.72779987934500878  0.73818833827906194  0.74851196815234455
  0.75894568932056872  0.76933322032460416  0.77985012682272759  0.79055391697855804
  0.80129537204123802  0.81195097608389621  0.82252763240054694  0.83321841261248919
  0.84383823363447807  0.85423967330533912  0.86457574958554428  0.87486051909531182
  0.88541372663513618  0.89606836113701172  0.90699809938203035  0.91789999852527060
  0.92857238844914092  0.93903398027151996  0.94931273478411160  0.95947586665732054
  0.96958893427432602  0.97964977138557996  0.98986438783023067  1.00000000000000000
 -0.00292598552327241  0.01112174028876946  0.02244973600507930  0.03317498953030405
  0.04388708970151193  0.05431973552995868  0.06499022210070325  0.07544763208093119
  0.08606099741508315  0.09682767420333270  0.10782940948950834  0.11880280099443054
  0.12960275142242336  0.14014492393417038  0.15067345945968225  0.16104587241203955
  0.17160746103262683  0.18228208178181507  0.19312088971514046  0.20396730636992078
  0.21506727532043249  0.22611730366138669  0.23680829806425241  0.24748070372650660
  0.25793921286201166  0.26838430926290724  0.27862554024920011  0.28902550404058808
  0.29928691607187136  0.30952252666169644  0.31928027336960857  0.32905433490148439
  0.33897721215234172  0.34908685369861614  0.35919501787848823  0.36936831525380659
  0.37996380945554364  0.39093425948091426  0.40129634562834771  0.41141924612979303
  0.42137613195809093  0.43134573497846723  0.44131865715793095  0.45167346229577271
  0.46191020947565098  0.47231691512474178  0.48251667241437529  0.49293149735711567
  0.50341287499291154  0.51364998129184647  0.52387511976831358  0.53421411611880298
  0.54443019893968569  0.55514128827397347  0.56583812226748120  0.57679253984866830
  0.58727460612839522  0.59773933661869971  0.60832227326207200  0.61905450427194175
  0.62946669588635684  0.64043478221039107  0.65166286421971953  0.66335276477324301
  0.67478081903785148  0.68609575266265588  0.69698568911102254  0.70780317487035649
  0.71881624713045122  0.72986256112963199  0.74052494722258899  0.75119024130541678
  0.76180217599361366  0.77252782679546073  0.78305319526397665  0.79342088993083271
  0.80374905101090766  0.81416077904890471  0.82459927186119431  0.83500608399811826
  0.84545052990452796  0.85595016899391885  0.86640078768363671  0.87676981242004326
  0.88727464464140260  0.89767358625034710  0.90803963043969460  0.91829802572262531
  0.92857339827298746  0.93885868615107826  0.94919489091043407  0.95929726680900673
  0.96961503660178905  0.97967859370134747  0.99005054156080186  1.00000000000000000
 -0.00248005509250859  0.00962008653746706  0.01955987112196376  0.03032858467868712
  0.04073575444097469  0.05157490022247849  0.06242247103259038  0.07346273167084502
  0.08447929268675014  0.09522421951717265  0.10595602788672938  0.11690785849663671
  0.12767775960353223  0.13833439665686637  0.14932765986626934  0.16069492582494097
  0.17173364322086535  0.18238035055456128  0.19276430324418337  0.20345470053806203
  0.21433599933505659  0.22517496806634832  0.23603487181144633  0.24661637688388754
  0.25711930371187713  0.26755935116091928  0.27842148682386231  0.28927615352069547
  0.30006045878716364  0.31086250727756182  0.32175587988158705  0.33257411357084238
  0.34339686051340962  0.35413507822985690  0.36491543039473084  0.37561508823605938
  0.38635509205762064  0.39697916407113576  0.40753676604621575  0.41808012555652818
  0.42867040723124378  0.43936089290024427  0.45005174004152199  0.46081932686920196
  0.47148443650770522  0.48185157650996829  0.49209539584802914  0.50243747305836817
  0.51291618751397339  0.52342726606191636  0.53396574775218497  0.54473103134630541
  0.55548396714214543  0.56585711448365317  0.57591117678119075  0.58602531821196913
  0.59641001910759905  0.60693685127800934  0.61745540158345147  0.62789453162679143
  0.63828784552335738  0.64874880252013445  0.65934805591101886  0.67000487519378804
  0.68061554106140354  0.69119942290914116  0.70178272360433291  0.71245894876590998
  0.72318212192669507  0.73372283002046035  0.74399039594198835  0.75416770708459635
  0.76448686907853003  0.77467933498380503  0.78467542643377419  0.79455310547678304
  0.80442591298138599  0.81438376345038932  0.82447494607343685  0.83453483891852154
  0.84473337749674582  0.85511057543127067  0.86564882098280760  0.87582405937808427
  0.88586344052266963  0.89613608961864522  0.90691953377853674  0.91759591320178080
  0.92808872810272836  0.93871058760479076  0.94916234480414918  0.95969912545700664
  0.97001532015832659  0.98018052891303109  0.99008236909578040  1.00000000000000000
  0.02172344334463482  0.02841454300015572  0.03324928473989032  0.03814235927370988
  0.04309771411023085  0.04816673122603849  0.05333131065340736  0.05855311810579376
  0.06385010742666980  0.06909678002300676  0.07436731042597880  0.07973083707159795
  0.08513523754568909  0.09056824949011578  0.09588640998379533  0.10113919754462426
  0.10657049559264188  0.11214094812261619  0.11773879644070348  0.12339315886025284
  0.12919686126934413  0.13511227048648111  0.14102971451911733  0.14698333144842879
  0.15317152825169988  0.15934215853687542  0.16559359814340077  0.17183941258990670
  0.17814228945283678  0.18448261820622111  0.19085939602630131  0.19731122718297456
  0.20381357950520188  0.21039570499548491  0.21707143083365241  0.22376811502721261
  0.23049737811674439  0.23727369032205814  0.24412221589138750  0.25104165953711521
  0.25799360359365819  0.26500940402460793  0.27218583204714036  0.27957438718741767
  0.28690560336120613  0.29428780903717972  0.30180220791462742  0.30947315741344017
  0.31750473490224851  0.32562910630674791  0.33378770150248116  0.34191865901926205
  0.35005371353085757  0.35842965260935339  0.36696020729361584  0.37563635071218560
  0.38450365525474695  0.39365741436894480  0.40314966763429605  0.41281247267455501
  0.42252907208771667  0.43229137683104335  0.44214539232690009  0.45212992929795820
  0.46214395095054872  0.47216073794282615  0.48232171480137814  0.49273744440976341
  0.50332668903553279  0.51398528985301439  0.52482340311618136  0.53594854456228325
  0.54729080159286569  0.55892284951765114  0.57104493620797914  0.58366200370198118
  0.59663046624344152  0.60986881752425448  0.62343546080216050  0.63732223317219217
  0.65139172012448132  0.66578042039938190  0.68067455406333688  0.69605324238040789
  0.71184187875460925  0.72813713366512223  0.74522196201056989  0.76322199585341965
  0.78250794234214938  0.80297661648519036  0.82488831933213469  0.84824024736895776
  0.87343983974406258  0.90248722375540713  0.94017069748634086  1.00000000000000000
 -0.01795357454481253  0.10226383471165923  0.13672328390994323  0.15870239960078286
  0.17638573886413939  0.19143911916890879  0.20490012712340541  0.21729206743574442
  0.22886432875819643  0.23946862013392733  0.24953752690585626  0.25918519157683939
  0.26847122568103293  0.27741375043278577  0.28606178023678824  0.29454648310564763
  0.30284699400964166  0.31094218362047454  0.31876819792771632  0.32638074436788650
  0.33380471470916095  0.34109565931934338  0.34832135244813273  0.35535968676865148
  0.36216025148407083  0.36882072591626702  0.37538286856493208  0.38185505872954978
  0.38829641941267118  0.39472654777148608  0.40106759582250712  0.40738646702069709
  0.41363129919010072  0.41975553894193252  0.42567335367558806  0.43156512762823457
  0.43737005084785241  0.44305292785622324  0.44862390735186086  0.45414754441943261
  0.45966484971979049  0.46517878874696988  0.47070420489465387  0.47624001602458621
  0.48172319040535405  0.48714563966738444  0.49253832881162429  0.49793477953376908
  0.50350236586358854  0.50905999692915160  0.51463305543574311  0.52013098114528455
  0.52558662684670254  0.53106336243627372  0.53657378237930753  0.54212275739611215
  0.54773773566291262  0.55335605139220057  0.55884327419923407  0.56434956628370303
  0.56984829995306796  0.57545748261620600  0.58123278206767048  0.58709380568624903
  0.59311794944560714  0.59901226775562055  0.60511291155241120  0.61141398124608926
  0.61784903839497773  0.62431735221420870  0.63070905793726628  0.63706367418491172
  0.64350862952372523  0.65011051979794432  0.65687915594645840  0.66385328678793654
  0.67113485642420334  0.67861904039821486  0.68615652770297630  0.69409798323602889
  0.70237670820552778  0.71081862677841967  0.71954591326797468  0.72860216602138406
  0.73800330987963048  0.74769274201017999  0.75792493236089631  0.76884640598055753
  0.78064893884465936  0.79340270540108337  0.80730110981512215  0.82270105412568106
  0.84042137469779821  0.86207844017547008  0.89579501112916549  1.00000000000000000
   1.5796318406747661E-006  -1.0000000000000000     
 F F F F F F F F F F F F F F F F
  <DiscreteSampler_grid>
  grouped_processes
  1 # 1 for a reference and 2 for a running grid.
  10 # Attribute 'min_bin_probing_points' of the grid.
  1 # Attribute 'grid_mode' of the grid. 1=='default',2=='initialization'
  0.0000000000000000 # Attribute 'small_contrib_threshold' of the grid.
  0.5000000000000000 # Attribute 'damping_power' of the grid.
 # binID   n_entries weight   weight_sqr   abs_weight
    10   10   2.237503644770263E+008   1.247339844336627E+017   2.237503644770263E+008
    11   10   2.237503644770263E+008   1.247339844336627E+017   2.237503644770263E+008
  </DiscreteSampler_grid>
