 -0.00242015066782690  0.00948450981959859  0.01978945605405871  0.03030724943184014
  0.04098252704359233  0.05153062280805594  0.06211933560965079  0.07243062947946832
  0.08268930144252083  0.09302793424400102  0.10347328950370539  0.11406432006632000
  0.12472826929226710  0.13533037670485062  0.14595280063228183  0.15657641380456136
  0.16711158706250817  0.17773687023233439  0.18825330096314247  0.19865290632815336
  0.20913635828642582  0.21967270481984935  0.23032056014995814  0.24070983058070786
  0.25117046121726755  0.26204482385650596  0.27279747633006629  0.28361443346286186
  0.29429583477065507  0.30501887984275367  0.31561690976146206  0.32606691440646968
  0.33657522325627326  0.34708533592460955  0.35769085545997725  0.36827915748445872
  0.37891184580854104  0.38952993062490693  0.40012199763695488  0.41057842930089933
  0.42103928925733242  0.43160504940027583  0.44233474962532116  0.45327722598927483
  0.46423617510062276  0.47519841642762928  0.48593466592086831  0.49656305771057691
  0.50684423818092916  0.51712072030281520  0.52746864542647709  0.53779287150707433
  0.54823049453497663  0.55860670681768054  0.56934655342200280  0.57991112382794263
  0.59055013516265820  0.60115070952829797  0.61164607945902960  0.62212502381497203
  0.63244251105002225  0.64269765654354105  0.65293329256144605  0.66310112577328206
  0.67359307833076054  0.68399868666423691  0.69446985157160479  0.70496536843940771
  0.71548961773625808  0.72597714344326847  0.73655715128365651  0.74709703381526327
  0.75764739702742590  0.76794359284817715  0.77862191734242081  0.78907432598991800
  0.79964529696630049  0.81009006919704618  0.82066256131150161  0.83126296275321543
  0.84172146166158401  0.85220675536765655  0.86277066381000156  0.87323028679817738
  0.88385345317569874  0.89428779249936652  0.90488810405704057  0.91547199559987980
  0.92605034378810647  0.93662609824379994  0.94708138872326642  0.95764997638641280
  0.96824038989638317  0.97891153036911338  0.98947213170281356  1.00000000000000000
 -0.00253029449199985  0.00956704786371691  0.01982508216347361  0.03017701717935696
  0.04057380782863408  0.05112873746916731  0.06178441397959992  0.07256032739875409
  0.08332141703360832  0.09403740343034486  0.10480447895627239  0.11555464836521416
  0.12627889659726377  0.13694948752845554  0.14760393875378452  0.15817260130296548
  0.16883252439343388  0.17952923059257267  0.19021931323299396  0.20067523404616311
  0.21111320834471467  0.22150955224211902  0.23191459660614724  0.24229667213362299
  0.25275875250496532  0.26339999111081364  0.27422066659324673  0.28500101212087192
  0.29576735311162317  0.30644936145062229  0.31711541581421265  0.32773637687290796
  0.33833464828841509  0.34898508240273818  0.35967830569222869  0.37032352269292634
  0.38099395843945744  0.39163298746789854  0.40234671028982810  0.41306393761921023
  0.42360507250701085  0.43405134427883779  0.44459365207845769  0.45516474128731782
  0.46573903390950933  0.47632717747251896  0.48709914832360657  0.49783089329734792
  0.50835484312214119  0.51874286179697526  0.52927282840727374  0.53973610598640431
  0.55013834031592390  0.56055694773798947  0.57095317737297846  0.58138462161624604
  0.59166367056624858  0.60214230613407604  0.61265861936141575  0.62306595734375914
  0.63349621348829221  0.64388479162742340  0.65442589300638232  0.66495061859947224
  0.67542151657358607  0.68594823164732455  0.69656806359219647  0.70715362274686866
  0.71770472729691015  0.72813717879322581  0.73865940720218570  0.74925760960418486
  0.75981647623060200  0.77055588137011788  0.78111654329493807  0.79169344864771407
  0.80210137553066918  0.81255974265689779  0.82302964125344946  0.83331842108466958
  0.84358813747417782  0.85387158617340020  0.86431642069513603  0.87464767623438289
  0.88504464645052261  0.89529263190494324  0.90564294891020403  0.91595623734571430
  0.92652352913568781  0.93715374928604323  0.94775983269558561  0.95848536738007872
  0.96903169992199323  0.97957402672432770  0.98977088974882521  1.00000000000000000
 -0.00256208512895086  0.01003480511132461  0.02047692487498793  0.03121389376661959
  0.04190196329852720  0.05248735823962257  0.06309438188689494  0.07376676095517280
  0.08441568318955070  0.09508541150305397  0.10580886791617536  0.11662658607492242
  0.12739188918171035  0.13807605721505301  0.14863766843238557  0.15912076055486790
  0.16964201861392511  0.18016713200349652  0.19068031292871865  0.20121027860724491
  0.21177398820658114  0.22237589137674652  0.23284216049726011  0.24319419522387076
  0.25350998718573070  0.26383698608459039  0.27421780339273166  0.28453156599978274
  0.29485403353955297  0.30521468619080849  0.31565463273426170  0.32618217973221753
  0.33681785775123790  0.34754250701697803  0.35810482829999590  0.36852558613076042
  0.37891740097457421  0.38926459882777670  0.39966272456199659  0.41004120244494868
  0.42057434438479402  0.43113368859536766  0.44183228830351484  0.45254238865113544
  0.46322671159601758  0.47375300616783678  0.48431711069037303  0.49484440462579837
  0.50528247230354173  0.51562387508742191  0.52600896958036025  0.53654323213803101
  0.54705607627862507  0.55768592193263034  0.56816400246295173  0.57860033206882389
  0.58889968375642421  0.59924913974811744  0.60958096004198004  0.62005908942495069
  0.63062344080835009  0.64132219365226451  0.65198117874740524  0.66260174407253836
  0.67335330315126163  0.68407061163087834  0.69483703887027948  0.70558142228539444
  0.71603293815162594  0.72656775910074889  0.73698832318188912  0.74743195653532513
  0.75771504320064254  0.76791897884658000  0.77844461351714245  0.78910258507405406
  0.79989442336999339  0.81067082342076291  0.82139145855432605  0.83223979094074108
  0.84295219714951319  0.85354731677176143  0.86395870449222234  0.87446467501339720
  0.88491742813733754  0.89539677483431523  0.90556807674180828  0.91578561153849491
  0.92611046770903716  0.93646176782976809  0.94698806059851004  0.95735344758254781
  0.96791835003884452  0.97847846505950664  0.98921374351299640  1.00000000000000000
 -0.01733969696988661  0.09992019802139208  0.13396927071183184  0.15543136947825056
  0.17326908843926531  0.18875384132912856  0.20267833509203209  0.21542129890894551
  0.22725435620360585  0.23830163450278108  0.24872763045127763  0.25859299318807266
  0.26802941858803364  0.27705093662688712  0.28573431108253766  0.29414196165966511
  0.30221180368160272  0.31011341349749305  0.31775535537217448  0.32518657191921685
  0.33251197226528401  0.33958146913284376  0.34654567500682415  0.35339730370994549
  0.36011261423659963  0.36673143994575158  0.37326069113910387  0.37968096020208753
  0.38601170814465446  0.39228934371378771  0.39849526961810494  0.40459692420134874
  0.41066780865943303  0.41669045424009815  0.42262975497307809  0.42852291765477818
  0.43438678752476195  0.44021360328799147  0.44599574614631243  0.45176581511563141
  0.45751222240589356  0.46322472737674342  0.46891143564663429  0.47458427180523022
  0.48024893018776893  0.48590391502619618  0.49154496107310913  0.49717703377315764
  0.50280228296224361  0.50842946938643097  0.51406110667274829  0.51969938804957794
  0.52534293007123356  0.53099754802955001  0.53666134042608626  0.54234911685574094
  0.54807202112342945  0.55382165681315998  0.55960101431458142  0.56543010343260347
  0.57129885147394099  0.57719868603632030  0.58312693277995786  0.58914275118456338
  0.59519388904992576  0.60127803800247348  0.60747027542468346  0.61373751496632956
  0.62006091018532805  0.62647317852718154  0.63299480872820080  0.63960530863777509
  0.64631368677025258  0.65316297551801317  0.66013366152456243  0.66723769142666756
  0.67458191997055184  0.68205268556716758  0.68972024573663948  0.69763141126006489
  0.70574545985634651  0.71418282009443734  0.72290399804445027  0.73195537925000664
  0.74142998761077983  0.75133954851375973  0.76178189335820434  0.77280230175647313
  0.78460142451545811  0.79732955008506523  0.81125633791614671  0.82674470615661000
  0.84462238901696574  0.86623446978955521  0.90035750756711397  1.00000000000000000
   1.8162597249806726E-005  -1.0000000000000000     
 F F F F F F F F
  <DiscreteSampler_grid>
  grouped_processes
  1 # 1 for a reference and 2 for a running grid.
  10 # Attribute 'min_bin_probing_points' of the grid.
  1 # Attribute 'grid_mode' of the grid. 1=='default',2=='initialization'
  0.0000000000000000 # Attribute 'small_contrib_threshold' of the grid.
  0.5000000000000000 # Attribute 'damping_power' of the grid.
 # binID   n_entries weight   weight_sqr   abs_weight
    10   10   1.366991937841485E+010   2.888486526925363E+020   1.366991937841485E+010
    11   10   1.366991937841485E+010   2.888486526925363E+020   1.366991937841485E+010
  </DiscreteSampler_grid>
