 -0.00229796864522469  0.00923396724832875  0.01914937295711499  0.02963138192269083
  0.04015314416001665  0.05049580778501440  0.06074036733169908  0.07105433848310544
  0.08135320485689297  0.09179864517719737  0.10215018261156236  0.11254619826248390
  0.12288589955033630  0.13332189014957871  0.14379240581399672  0.15432480254248998
  0.16482365261553947  0.17545408402989915  0.18605555072550956  0.19670843611053571
  0.20733682066559697  0.21798851129168506  0.22861060889734774  0.23907592874262895
  0.24963642040085932  0.26005598795920482  0.27054595841722967  0.28101001362915989
  0.29154154765539303  0.30209483716151675  0.31270071554464618  0.32343293583888538
  0.33430432920679704  0.34484327905925560  0.35534368289498519  0.36566514944535777
  0.37611099222034072  0.38655707482659563  0.39708218343163154  0.40775922071195503
  0.41839623446391311  0.42885552936903959  0.43927295393831867  0.44966523494796301
  0.46008652549287377  0.47048188467840552  0.48085758534668227  0.49136552840752784
  0.50188832881657852  0.51270530993782470  0.52346965968069659  0.53432145145354981
  0.54514533506097562  0.55596176773778694  0.56677158404884265  0.57745438910762614
  0.58813856831344458  0.59882411316007855  0.60952894425159654  0.62029802795049493
  0.63100584308259278  0.64168396676506712  0.65221059337032394  0.66270150564883179
  0.67320903036704716  0.68377031093079021  0.69424006354376588  0.70459121582781281
  0.71488542262538324  0.72526757577949474  0.73579339639584806  0.74626377472436456
  0.75695164679839066  0.76763257442852062  0.77827557065919650  0.78885809277584151
  0.79936128654439220  0.80989355665225793  0.82027994020322748  0.83071436051473646
  0.84132840105960072  0.85192350092707925  0.86264531485581630  0.87326157462974929
  0.88386073089877815  0.89435338888128157  0.90484738829435107  0.91530383021635009
  0.92586965385268150  0.93663348463903995  0.94732153850729739  0.95808700068062103
  0.96843354745511256  0.97894804624245269  0.98938383117444173  1.00000000000000000
 -0.00258782029699562  0.00997481768113168  0.02037243727955350  0.03099244510789620
  0.04146030109309042  0.05205716263636621  0.06264448090604613  0.07326666961868145
  0.08387814847524606  0.09451102871835916  0.10518461982657695  0.11567801847151833
  0.12617879255553086  0.13655994234587271  0.14696142202364476  0.15749183501747890
  0.16800500570322158  0.17863774925063958  0.18928237944955090  0.19996718984903067
  0.21052517206059113  0.22111870382675680  0.23173817556967843  0.24248183281527574
  0.25299188838379744  0.26343709793959696  0.27382297115999032  0.28430961147579642
  0.29480455245317083  0.30534968449704847  0.31598456941853392  0.32662736469295522
  0.33709033859166099  0.34745024063056695  0.35786161236965924  0.36839511707783307
  0.37890366252841179  0.38935737817375765  0.39990476054500057  0.41045737355429301
  0.42103910270511963  0.43152107735014994  0.44200917526237860  0.45251962758077768
  0.46291485956206302  0.47340510459854934  0.48379382348750000  0.49425828455615478
  0.50469631968703055  0.51514594226322241  0.52567963722879241  0.53631672888873749
  0.54707715138752233  0.55773517400481298  0.56838094999989386  0.57917462323093294
  0.58990650279471324  0.60068295055738807  0.61110835056426083  0.62160630799469485
  0.63191431092044936  0.64219337589929171  0.65242524674433289  0.66263927610687445
  0.67302744086161226  0.68338617148724801  0.69395581894790814  0.70449843220376107
  0.71519763414808779  0.72569580627389585  0.73631135836487516  0.74697200621383064
  0.75769224409501923  0.76844922083795386  0.77913397070324797  0.78992253895823283
  0.80057799983482714  0.81120984492621540  0.82187149048926988  0.83250545726742431
  0.84307562510075951  0.85347969999350848  0.86386088263167660  0.87424955528834070
  0.88481935409726875  0.89546529829612009  0.90612783845548239  0.91679005772244071
  0.92727852168684455  0.93772718381163422  0.94797632698414569  0.95824765319510097
  0.96859447142894806  0.97891807695350463  0.98944234856376645  1.00000000000000000
 -0.00247221158722188  0.00972111537047184  0.01989535810304239  0.03059336581279761
  0.04115295922854247  0.05181141155254108  0.06244032671603695  0.07310650470530300
  0.08375445495435928  0.09432023678629130  0.10482028586161091  0.11521499601477328
  0.12571333771804166  0.13632786940046476  0.14682507325538735  0.15731074197521880
  0.16793868427625874  0.17871683540697969  0.18941880561322577  0.20003685719341124
  0.21054839708437270  0.22102027760231502  0.23142507636787049  0.24189831290539532
  0.25225489746432700  0.26257737084482152  0.27293967440145905  0.28352034286892158
  0.29412199704363468  0.30472128061304415  0.31529501681301941  0.32588723456290208
  0.33645288945357193  0.34711086917206802  0.35770905292507704  0.36827207176408194
  0.37862897490982472  0.38904772785240987  0.39946844886659300  0.41001320433375771
  0.42064139906381159  0.43143667115670348  0.44215717463280951  0.45281564600471358
  0.46329010455402464  0.47375167889113623  0.48418630319266798  0.49469376842870183
  0.50531982789042829  0.51592587585043514  0.52655322180142250  0.53720989839775846
  0.54785344285563686  0.55857233497925995  0.56910740185354114  0.57950305421527204
  0.58986143329485119  0.60024569914371873  0.61078391846390656  0.62139696568347880
  0.63180863631973727  0.64220885222665691  0.65266123391776043  0.66321522000212607
  0.67371696917564361  0.68400871641259842  0.69445251017385423  0.70493808550061099
  0.71546588523965526  0.72602315357175384  0.73655449038485310  0.74704621657783121
  0.75763763703632869  0.76819046635852051  0.77870281965925159  0.78926914482204746
  0.79985650895169547  0.81055144731004913  0.82112488303757081  0.83171749208509316
  0.84204760081485319  0.85217045128006241  0.86255806063144214  0.87299363747218373
  0.88344660176547496  0.89385571289014487  0.90445475887313354  0.91520212712387461
  0.92567930182417157  0.93608228255396952  0.94664809093713498  0.95731275556999296
  0.96791142598272173  0.97843950757065656  0.98919039388524610  1.00000000000000000
 -0.01767747110206134  0.09981543470352568  0.13383667772948937  0.15536309462891193
  0.17321019880082253  0.18870084196073603  0.20261887703972917  0.21534363328650288
  0.22716184915574120  0.23820816780765833  0.24864392097415527  0.25853009994276727
  0.26798472114777078  0.27702054401379517  0.28570815108183900  0.29410828885522206
  0.30218108319108533  0.31009187753613032  0.31776304016889134  0.32524500154270414
  0.33260897417473656  0.33971958981029243  0.34670255940176509  0.35356331962092868
  0.36028450744373991  0.36691402377564547  0.37345084656761263  0.37986635406750352
  0.38618436042170889  0.39244686139761437  0.39864400674817829  0.40474319770575484
  0.41081610284829256  0.41684646484653631  0.42278341995577234  0.42868581632854896
  0.43455190238431468  0.44038147519119597  0.44616549616313095  0.45192872271723422
  0.45766562892625923  0.46336420015884683  0.46903904680119513  0.47470870183693509
  0.48037026920514464  0.48602049546172826  0.49166306598380949  0.49730048421089157
  0.50293226466429708  0.50855829500989946  0.51418777065230370  0.51983454834240284
  0.52550067376601339  0.53118039886377533  0.53687104770699356  0.54258235546498756
  0.54832513335457678  0.55409357092768385  0.55988184704467880  0.56571952770783518
  0.57159491707194465  0.57750129486383595  0.58344711460855070  0.58947060737046231
  0.59553481747958015  0.60163885431675890  0.60784188327630573  0.61411613224044515
  0.62044228814028568  0.62685336373253253  0.63336957582457110  0.63997082584664777
  0.64666792318037924  0.65351078670310025  0.66047705284411529  0.66755874693325501
  0.67489603390955843  0.68234147109050747  0.68999406940461017  0.69789973147098605
  0.70597993214438037  0.71440156639836638  0.72308126076419921  0.73208075871266776
  0.74149426071519731  0.75135754600201310  0.76178940586315691  0.77280880830919541
  0.78459617286189043  0.79728904077230256  0.81118199549299885  0.82665172803190312
  0.84454764049465025  0.86613089651819386  0.90021867173751968  1.00000000000000000
   1.7997934090765346E-005  -1.0000000000000000     
 F F F F F F F F
  <DiscreteSampler_grid>
  grouped_processes
  1 # 1 for a reference and 2 for a running grid.
  10 # Attribute 'min_bin_probing_points' of the grid.
  1 # Attribute 'grid_mode' of the grid. 1=='default',2=='initialization'
  0.0000000000000000 # Attribute 'small_contrib_threshold' of the grid.
  0.5000000000000000 # Attribute 'damping_power' of the grid.
 # binID   n_entries weight   weight_sqr   abs_weight
    10   10   1.655901597287821E+010   3.721652937130124E+020   1.655901597287821E+010
    11   10   1.655901597287821E+010   3.721652937130124E+020   1.655901597287821E+010
  </DiscreteSampler_grid>
