 -0.00248220551298995  0.00941727985116137  0.01954727308462306  0.03006854816569687
  0.04060457391267804  0.05113289858685449  0.06159904523597360  0.07209336039817064
  0.08255176771328948  0.09292994001321313  0.10332912587316170  0.11392640865156339
  0.12459789008124590  0.13514979480993192  0.14566212569336695  0.15622606114689910
  0.16673703676789084  0.17706208808280524  0.18741580390941681  0.19795643246342373
  0.20842942885493043  0.21882572113092041  0.22927750571702940  0.23995378463934783
  0.25058404830277226  0.26121345771114041  0.27185045671452357  0.28240939303607515
  0.29303101422497263  0.30368575249249358  0.31434947430589966  0.32476121577354838
  0.33520441524525307  0.34574733715064088  0.35630250198595526  0.36670319321481076
  0.37709751712018275  0.38744233343980727  0.39796635246165385  0.40856752075075736
  0.41928506540996557  0.42996411605043960  0.44075755367881370  0.45167006745988481
  0.46256313896181328  0.47335091619100533  0.48406540296201273  0.49463789080314474
  0.50509418355552649  0.51554879487799365  0.52613985063480262  0.53687925294668593
  0.54754510605983908  0.55817549824181423  0.56862530295472269  0.57917978495895273
  0.58980696261439380  0.60058097181360603  0.61122384631382409  0.62176712069846474
  0.63210993162713081  0.64243163460316510  0.65281017291816512  0.66318079050670231
  0.67365099566544806  0.68403880076187029  0.69455010273436257  0.70516028517865070
  0.71577288928641769  0.72643610999805219  0.73696628840157130  0.74747216811944373
  0.75801928835025323  0.76859528427409318  0.77921235908354691  0.78986232031622938
  0.80037582632016746  0.81080830076454524  0.82118724961944145  0.83158293112655146
  0.84206698938074032  0.85245976745464724  0.86288268960273362  0.87331966326095078
  0.88388308944917915  0.89441767261203886  0.90504914380493529  0.91562481871637680
  0.92629415878808896  0.93693320592482143  0.94741880903543485  0.95796892270734280
  0.96851519480184567  0.97907536972064335  0.98953614688534652  1.00000000000000000
 -0.00251695821340049  0.00947029985227098  0.01951537709601310  0.03018557185692773
  0.04071499578412885  0.05121405462805528  0.06165338129674158  0.07229002754318474
  0.08304554201529014  0.09390042675020630  0.10470706980805734  0.11539969885618252
  0.12609256299705818  0.13664157370757976  0.14709492195642948  0.15745367934897805
  0.16790655167099247  0.17844102564089404  0.18894196336311592  0.19945304306903489
  0.20989156016874030  0.22029641331810546  0.23073665418345987  0.24110434449204646
  0.25144124102501653  0.26188162584433267  0.27231550344467820  0.28295781563099504
  0.29365659597034977  0.30439593210997373  0.31518878892405289  0.32583491808702469
  0.33656764149705515  0.34725640224566101  0.35791158477258234  0.36839037483305476
  0.37889450264047936  0.38937157018412633  0.40005404864141753  0.41080565942195851
  0.42160659697643899  0.43229264830703273  0.44297022842150857  0.45379842479324711
  0.46458089244857892  0.47533278806383056  0.48599645508564288  0.49673837501952228
  0.50726781106863361  0.51775418133318651  0.52813395809223906  0.53841241632076742
  0.54873926635842241  0.55906918781824655  0.56952032992883073  0.58004786673827347
  0.59058094494498192  0.60110597594977677  0.61161956985745758  0.62210016552481073
  0.63264570941097786  0.64319464124735670  0.65379239799135036  0.66446331645605283
  0.67492432026655913  0.68544675597732652  0.69586259750827439  0.70634209672991943
  0.71666098861784244  0.72700922459789052  0.73741980757841619  0.74784430011232528
  0.75834956750920779  0.76879817426113184  0.77944182621136993  0.79004321056577842
  0.80071883778119557  0.81137472866716143  0.82181229845608672  0.83220577324308365
  0.84254622381901023  0.85295927936282367  0.86328605562198113  0.87364190698608979
  0.88399150456690179  0.89428569322200813  0.90458875646535652  0.91493660340781657
  0.92550554126158591  0.93604793630651950  0.94672025274407268  0.95737735652264666
  0.96808223695566775  0.97873172649740403  0.98937758926245034  1.00000000000000000
 -0.00244572990477993  0.00944563396318472  0.01948059147101604  0.02981645795421629
  0.04024185863439848  0.05093865328194502  0.06167086123434248  0.07233742780450765
  0.08290906954155748  0.09347434764466964  0.10412652160139953  0.11458619401287021
  0.12514152877980009  0.13580814665686866  0.14642370715855449  0.15673699680655928
  0.16711416718724742  0.17755535806233011  0.18806748992287359  0.19839882715170373
  0.20875517441894570  0.21924993101216678  0.22997413044342704  0.24051848524283867
  0.25112128084640883  0.26139055281045448  0.27179366097402935  0.28227504180482821
  0.29274336666974388  0.30314958003640141  0.31359706377520946  0.32413305927386932
  0.33463432419559508  0.34495541536187679  0.35515737109722639  0.36564659747546696
  0.37612681509405582  0.38692372498468092  0.39756637631349462  0.40820801114665450
  0.41880743894996114  0.42928792166559254  0.43971438134271273  0.45007430546937849
  0.46056952571845383  0.47109544020474886  0.48160069511965581  0.49226236192072192
  0.50278692693859528  0.51338235841579294  0.52374643966847256  0.53421431051831825
  0.54463195284096244  0.55526873120744602  0.56594843176988496  0.57667897883904262
  0.58752498307366341  0.59842544179756862  0.60920007424148082  0.61975307545227454
  0.63027561424109169  0.64081028850598742  0.65122300062080429  0.66161913631942038
  0.67211561461488734  0.68279818921492097  0.69342824571303285  0.70398423425060330
  0.71458988277484525  0.72519471639833977  0.73565208662293080  0.74595859421476096
  0.75627207170868804  0.76673768571666556  0.77734000208290721  0.78792014807670541
  0.79854574020670754  0.80904646180876560  0.81955446215886751  0.83002451682775169
  0.84064782500280200  0.85128321296178355  0.86199663543635618  0.87269103191058139
  0.88333875726492961  0.89392989610603790  0.90448244273942402  0.91506110576921651
  0.92552364049891733  0.93595634311849873  0.94649351586605124  0.95715083403021395
  0.96787657518807690  0.97858669030236922  0.98929309667012610  1.00000000000000000
 -0.01773648038939462  0.10325174847849544  0.13772886936733192  0.15923904676116263
  0.17677944297389764  0.19196436357864954  0.20562979712720933  0.21814478028431869
  0.22976640863389694  0.24063251653017903  0.25093208067488892  0.26070867767208650
  0.27007870997586825  0.27903635440666580  0.28766591763023397  0.29598921677474233
  0.30402203683917900  0.31187199457078296  0.31945518792497235  0.32687508226577489
  0.33414961195395021  0.34120149014081158  0.34814995773455698  0.35496115903005343
  0.36163399137648788  0.36821476082362636  0.37469076270112134  0.38104323395429951
  0.38731216528043377  0.39353408590670341  0.39967525936546983  0.40570968832362136
  0.41171371738196599  0.41765769473267567  0.42353180137189594  0.42937058785916588
  0.43517001417111606  0.44093123646428872  0.44664642106186930  0.45234154877072252
  0.45800410461450963  0.46363485626524781  0.46924927112758630  0.47485449213268172
  0.48045093808825262  0.48603832600759411  0.49161654843090247  0.49718205004082072
  0.50274290145728018  0.50830121460007838  0.51386200613765542  0.51942981054373205
  0.52500672770455337  0.53060339757144404  0.53621643095215132  0.54185476071604899
  0.54753013876284440  0.55323248217904375  0.55896035306031422  0.56473772505738540
  0.57055786857010016  0.57640605774575004  0.58228885806904784  0.58824401862736375
  0.59425813016706497  0.60029701878719066  0.60643801258847818  0.61266368167903629
  0.61894900261041785  0.62531322485706220  0.63178525699908217  0.63835343769502195
  0.64501441714276209  0.65182787215430404  0.65879050134975414  0.66585500752714000
  0.67313113652174028  0.68054824230242106  0.68812619763520566  0.69597332899015385
  0.70400401274199009  0.71233472634853090  0.72096930983123886  0.72990480027152882
  0.73925254721454137  0.74901556854482665  0.75932398537003731  0.77021283362409687
  0.78185373977050632  0.79437465283945308  0.80804085775544110  0.82321930579984326
  0.84076536400143298  0.86221246591628509  0.89666106950652835  1.00000000000000000
   7.9125953365444172E-006  -1.0000000000000000     
 F F F F F F F F
  <DiscreteSampler_grid>
  grouped_processes
  1 # 1 for a reference and 2 for a running grid.
  10 # Attribute 'min_bin_probing_points' of the grid.
  1 # Attribute 'grid_mode' of the grid. 1=='default',2=='initialization'
  0.0000000000000000 # Attribute 'small_contrib_threshold' of the grid.
  0.5000000000000000 # Attribute 'damping_power' of the grid.
 # binID   n_entries weight   weight_sqr   abs_weight
    10   10   1.185851401989102E+010   2.145219388664087E+020   1.185851401989102E+010
    11   10   1.185851401989102E+010   2.145219388664087E+020   1.185851401989102E+010
  </DiscreteSampler_grid>
