 -0.00243652202653836  0.00952664730550238  0.01962500534030050  0.03009111735149324
  0.04054446163386061  0.05094396703598374  0.06127012712056559  0.07163837741745128
  0.08199628144155370  0.09230106467344297  0.10278197209303497  0.11321246694198818
  0.12366768873194217  0.13393545106113586  0.14434958041795698  0.15496907672306096
  0.16573117672137361  0.17634414694037187  0.18682353046418387  0.19733755866359695
  0.20795136442692735  0.21858049195734183  0.22923401481947542  0.23995267621013408
  0.25060496057041254  0.26118048291935908  0.27174215045773004  0.28250451082093364
  0.29325485673941937  0.30396529255541466  0.31455300921077300  0.32499235407718191
  0.33548481104342615  0.34591333729078677  0.35636547557062936  0.36681284088006810
  0.37726331550610426  0.38798538317767461  0.39870757429959203  0.40942813262913597
  0.41996737666667627  0.43032076249142170  0.44092103946471950  0.45148722804772651
  0.46194004446036535  0.47226799238911182  0.48261778340525324  0.49315255045276618
  0.50363913050790765  0.51397058340536517  0.52434289465372230  0.53467092465146704
  0.54514308898543129  0.55570319004811164  0.56614687314778378  0.57662379877050318
  0.58709144463329399  0.59781884843739541  0.60848280191287341  0.61900607451427370
  0.62951523425630873  0.64011649118375713  0.65069245015760757  0.66133931915831279
  0.67200101314312821  0.68283093964642338  0.69345237835479379  0.70401171153040842
  0.71454017639235134  0.72507458269734859  0.73562047071745151  0.74629151966611706
  0.75695022016298907  0.76753919275387161  0.77799738572491972  0.78844651647465991
  0.79890901475549470  0.80936427277921541  0.81988110742037723  0.83034962101107568
  0.84085209785757664  0.85130861172939143  0.86180558707543109  0.87222517014295953
  0.88274065476398345  0.89326903426101245  0.90389444731670332  0.91438051382315888
  0.92486810702164135  0.93540421166842680  0.94618088025565239  0.95706522550273809
  0.96797084301876124  0.97870442607738206  0.98940964934160669  1.00000000000000000
 -0.00255928618651203  0.00980462244036502  0.02021661282799719  0.03072612844821634
  0.04134344255195576  0.05178528879708769  0.06217733751854754  0.07263434844019991
  0.08325591601159990  0.09382493527112859  0.10436273350369749  0.11478197138682943
  0.12520766374377371  0.13569051344689539  0.14626831283114183  0.15703192160346252
  0.16769661407629183  0.17828364160761062  0.18867006750872375  0.19902554252534541
  0.20943746209549738  0.21999275299381518  0.23059574595964061  0.24102803832280140
  0.25141763883447160  0.26175388826646340  0.27217897522906948  0.28266285670252828
  0.29308313209154313  0.30362195819333659  0.31420837020923004  0.32486548004219679
  0.33559001616205719  0.34624466612553434  0.35688180367256878  0.36718037181713720
  0.37764075801734814  0.38811956354766203  0.39866147954396119  0.40918800319555571
  0.41965036001422495  0.43036326652970236  0.44102087449356742  0.45169705236175967
  0.46238503193843838  0.47297296818085999  0.48364303029909728  0.49438137587376718
  0.50529455535894485  0.51620379629707169  0.52704167604870944  0.53778494765576701
  0.54841295304640802  0.55901296161745728  0.56956165421058158  0.58013331646623467
  0.59074595642589900  0.60133893465027444  0.61191171563680646  0.62237840722806692
  0.63292033664937719  0.64345611633933797  0.65403685822716329  0.66466144292744489
  0.67519869893908901  0.68576401188399549  0.69632410755525909  0.70681365826548348
  0.71734304706074659  0.72795657025474392  0.73863679726850395  0.74922059603773394
  0.75965187552217917  0.77002742841934146  0.78038942121311894  0.79064648263765369
  0.80107586969875044  0.81160323548658431  0.82220069515843053  0.83290284218309085
  0.84344147152279858  0.85405586191642191  0.86449678240583783  0.87496613864902684
  0.88533838863744252  0.89575010311144809  0.90626261937761154  0.91680879239137680
  0.92712856794327669  0.93742709043621597  0.94770143696671438  0.95808946313330312
  0.96845923061540606  0.97885528293376922  0.98942523868521759  1.00000000000000000
 -0.00253291535708495  0.00956553825722039  0.01988520959536454  0.03040306768354408
  0.04103090337940690  0.05164090474734471  0.06223577325585964  0.07276356870664347
  0.08332963026457306  0.09391616417134895  0.10446614959765838  0.11495550966996863
  0.12551115389775377  0.13611369244127350  0.14674403685920873  0.15732607167436075
  0.16794097342867856  0.17848743256547364  0.18901855342839569  0.19940373030011260
  0.20985140514568754  0.22046050366075104  0.23110595248257995  0.24180199852375986
  0.25239020768299653  0.26300901697678342  0.27348397286792087  0.28402406313493328
  0.29467098651439905  0.30530380309717831  0.31590613751870728  0.32636888891323296
  0.33702395579507022  0.34761298695806081  0.35826656084252595  0.36891421437220090
  0.37949288598494657  0.39007117896786231  0.40052894750699475  0.41105937000166476
  0.42149459082918461  0.43198391072915476  0.44243101618126257  0.45276255899401724
  0.46308271531935674  0.47345195262165479  0.48392924415682914  0.49443410070216776
  0.50483543611747450  0.51519330310951816  0.52544240259937314  0.53576475870548068
  0.54616378604237947  0.55668779147356429  0.56719162830933634  0.57763910693224618
  0.58805093611227199  0.59849270263792298  0.60895032894430257  0.61933643832769814
  0.62967197741282865  0.64005238066475023  0.65049585396358300  0.66091123639732796
  0.67138956114897697  0.68186627038453984  0.69250727039332305  0.70305614567763042
  0.71357454324778702  0.72403476481205065  0.73464133690151778  0.74524181522971833
  0.75592196453266480  0.76642337693719131  0.77679991415578364  0.78702400175144738
  0.79746359171327952  0.80805305475298128  0.81864479549201885  0.82915672407199070
  0.83978685158315103  0.85047584773901586  0.86110798879708172  0.87175609844851731
  0.88247256405666175  0.89319756217375135  0.90389350935576895  0.91457909982828689
  0.92536557183310186  0.93625211101751193  0.94709632159832791  0.95775085206848198
  0.96827301720277581  0.97880883261228802  0.98939142199768848  1.00000000000000000
 -0.01778257050435479  0.10049240939284110  0.13429080541989966  0.15569821685209245
  0.17346960008152051  0.18888748102336300  0.20277897586802029  0.21548738616374788
  0.22727837285690924  0.23831023252361741  0.24875044248466127  0.25864819757081425
  0.26809720017952027  0.27713584604323588  0.28583607146538181  0.29425501456967013
  0.30232266313366851  0.31021891738145074  0.31785637080374968  0.32529193883902729
  0.33261685998492946  0.33970255639296060  0.34668457200543323  0.35354458398721811
  0.36025362361984248  0.36686000759747067  0.37337767632060437  0.37979347585389461
  0.38612446553744756  0.39239669717866976  0.39859096678649814  0.40467501105780646
  0.41072871630565583  0.41674097039992264  0.42267799960020608  0.42857610601908092
  0.43444695916224751  0.44027149490965362  0.44605509432551615  0.45181861350157110
  0.45755339277637797  0.46325394571936246  0.46893127713793209  0.47459669825234008
  0.48025298467200367  0.48590130092932909  0.49154280522103205  0.49718047253172881
  0.50281311316996347  0.50845269531170112  0.51409160416496413  0.51973653666623787
  0.52538845279626656  0.53105113985097252  0.53673011945036064  0.54243518683706893
  0.54817138574250146  0.55393132434260239  0.55971355084063479  0.56554029918162019
  0.57140381523451655  0.57729673346157173  0.58322954780754555  0.58924593311882711
  0.59530852683892821  0.60140538325723092  0.60761069435838289  0.61388909933195790
  0.62021718559443639  0.62663010295426391  0.63315508274260912  0.63977711388303771
  0.64650207832001405  0.65336714280689889  0.66034208566487651  0.66743698902591964
  0.67478253670439103  0.68223490753754701  0.68988285994783216  0.69777785131001901
  0.70585931543463298  0.71429348127548253  0.72301519149569748  0.73206494352161033
  0.74151303273065239  0.75137456481977760  0.76178126594655715  0.77279107361336852
  0.78458220246263422  0.79728098083956855  0.81116359139397465  0.82661892319223873
  0.84447176038714855  0.86609036765380831  0.90041266454127045  1.00000000000000000
   1.7982893279170653E-005  -1.0000000000000000     
 F F F F F F F F
  <DiscreteSampler_grid>
  grouped_processes
  1 # 1 for a reference and 2 for a running grid.
  10 # Attribute 'min_bin_probing_points' of the grid.
  1 # Attribute 'grid_mode' of the grid. 1=='default',2=='initialization'
  0.0000000000000000 # Attribute 'small_contrib_threshold' of the grid.
  0.5000000000000000 # Attribute 'damping_power' of the grid.
 # binID   n_entries weight   weight_sqr   abs_weight
    10   10   1.896200244137152E+010   4.625705360430028E+020   1.896200244137152E+010
    11   10   1.896200244137152E+010   4.625705360430028E+020   1.896200244137152E+010
  </DiscreteSampler_grid>
