 -0.00256219357906455  0.00973084788942468  0.02012816619407392  0.03083502300735069
  0.04149184801088807  0.05203632770771070  0.06250575131452507  0.07289243851280416
  0.08331699085186700  0.09378029169439550  0.10423411644738147  0.11466613348711421
  0.12504127818044583  0.13547269427263270  0.14598219151174485  0.15643334697616379
  0.16684511606966068  0.17728253359999310  0.18781789190654244  0.19850768444179434
  0.20917304359650782  0.21977307297254894  0.23034890349869541  0.24088916542580421
  0.25137957015223772  0.26181837511522815  0.27227289796828696  0.28285653049875081
  0.29351982851481490  0.30408043760206316  0.31465186738876905  0.32501011415248815
  0.33532156661814982  0.34568104239283742  0.35611266339378844  0.36673036621135258
  0.37724766100615492  0.38783488429896934  0.39834256095269249  0.40902197459929907
  0.41967870089494885  0.43032713058314459  0.44086042093933886  0.45139347257649343
  0.46195504571691437  0.47251352938528318  0.48307940557074930  0.49364466173851917
  0.50409189958534828  0.51462188457692704  0.52531686565823110  0.53606073403585552
  0.54679526389757493  0.55736807344080774  0.56797995516429967  0.57848538374816161
  0.58895732623165553  0.59940443313049874  0.60986616298541318  0.62038672189198751
  0.63083505139772855  0.64132357936905771  0.65184703024674151  0.66249266281949815
  0.67321987927827809  0.68406364145508258  0.69484882688825900  0.70568838474912565
  0.71613138461364578  0.72668595319189189  0.73714310790307047  0.74768533262463721
  0.75822684670969509  0.76879000477050230  0.77936202870200588  0.78974540570476326
  0.80004274167734690  0.81040565168021539  0.82094492442757316  0.83148485131497085
  0.84209443358136338  0.85262744761962905  0.86323445135581245  0.87378031947936408
  0.88434119810040668  0.89483150347318752  0.90521193609708306  0.91563898445314462
  0.92603462432172789  0.93628260508262229  0.94657925190527525  0.95691898367907624
  0.96746951734508668  0.97821611558769761  0.98907267510850727  1.00000000000000000
 -0.00256443728137087  0.00941455314930747  0.01977586905400034  0.03050213467377726
  0.04124473898738926  0.05199454645678678  0.06264018587102640  0.07321485890088986
  0.08376140007338362  0.09425835248835752  0.10474311384098385  0.11513817482720015
  0.12547372170120699  0.13584602937480622  0.14605866515234439  0.15625741519156552
  0.16646635963695811  0.17685877648309842  0.18736997184336371  0.19787553628994337
  0.20841990766927115  0.21875738267231473  0.22911322248774763  0.23932604059607504
  0.24958612329036961  0.25997868231063859  0.27049631859769413  0.28112698330583258
  0.29175899837812719  0.30252391375651139  0.31338083836567671  0.32423401778828115
  0.33510630165911121  0.34574448013153514  0.35633502408765760  0.36676181050610374
  0.37723484199693846  0.38757407072518157  0.39795921262242695  0.40832826048720250
  0.41876427697519852  0.42903499550432739  0.43925624072666042  0.44944185658529795
  0.45965338072293743  0.47021731931610178  0.48088661148537304  0.49166914044018900
  0.50231781092177785  0.51293627993570856  0.52361577983184449  0.53430434058746301
  0.54507315333321571  0.55578098122612352  0.56652764771122510  0.57714125456109056
  0.58774368526877152  0.59822780906655049  0.60879391799944915  0.61935829616314297
  0.62980500801466766  0.64018271420551109  0.65060341697988733  0.66110389196928576
  0.67144931901419969  0.68166902317782108  0.69203004296480042  0.70264228118652117
  0.71322341195368832  0.72377045998190204  0.73454462692620681  0.74546836675795847
  0.75632481046001443  0.76709142300428457  0.77809774134927157  0.78915138895723336
  0.79997695754130627  0.81070597578466941  0.82121804393821241  0.83176737967364156
  0.84231249656704077  0.85297089163732953  0.86362100406383524  0.87435964684550038
  0.88509907456220083  0.89587939199197109  0.90639924454514420  0.91700857634230826
  0.92732909229893212  0.93760633629208356  0.94778859684162553  0.95810841632870991
  0.96872284202729042  0.97912912739097868  0.98961060145585666  1.00000000000000000
 -0.00229268662253385  0.00932342785661762  0.01924194625743305  0.02958227970687365
  0.04000034983860858  0.05033041720515535  0.06055438568783597  0.07111516405612656
  0.08171307051431366  0.09258848060778968  0.10340390536830919  0.11445107565180432
  0.12554428820724703  0.13649945487181486  0.14738735449655213  0.15806442844378962
  0.16864469984976266  0.17901673681587602  0.18948758664712748  0.19990904383334876
  0.21027043291552380  0.22067130072809357  0.23110145404496191  0.24147878164981673
  0.25180685121151364  0.26204785999172797  0.27239422019317105  0.28275130460424375
  0.29312165688644498  0.30375083137716713  0.31431844007535981  0.32492117328107756
  0.33533156977755579  0.34567868455653633  0.35613100471587167  0.36657968975561989
  0.37690969502215088  0.38726473714676285  0.39762897365981598  0.40801038902925962
  0.41847781378200644  0.42891393450519860  0.43928432258506050  0.44963080516707243
  0.46003376901532494  0.47064363265633896  0.48122682416928991  0.49189623952045303
  0.50246097158158176  0.51315344017675901  0.52377012836497727  0.53451513000110928
  0.54521702704399877  0.55603750910294214  0.56673292256995889  0.57729725891923722
  0.58779870129887490  0.59821472805188058  0.60871148955496901  0.61913116744857888
  0.62977557113716209  0.64048037302472594  0.65115210201997975  0.66172347690454503
  0.67223653482147083  0.68276160787682649  0.69332032061335058  0.70392059890652947
  0.71442956371417354  0.72502489103236301  0.73554032947843639  0.74616687282410155
  0.75668741165386078  0.76730133817734480  0.77789622909907419  0.78849989128619979
  0.79908168251171363  0.80970714317886816  0.82031662378446635  0.83083298285227991
  0.84134862182522330  0.85191469892635630  0.86236140826522145  0.87295926061414109
  0.88350583212374867  0.89406552092112124  0.90444443571100452  0.91471121561605573
  0.92527180124417796  0.93601937619563202  0.94682414171463714  0.95763386162868780
  0.96824965548742992  0.97888528867125968  0.98940344939143687  1.00000000000000000
 -0.01775887206261562  0.10005169770920255  0.13404070662679896  0.15557231919518025
  0.17340955939247729  0.18885576504922910  0.20273228736082610  0.21544281708606158
  0.22726862099200681  0.23831948713850643  0.24876017735653369  0.25863908360754467
  0.26805720467442834  0.27705344244676361  0.28572656849039102  0.29413486165729685
  0.30220212549780734  0.31008721765389730  0.31772953858894509  0.32517982719016275
  0.33253481496571385  0.33963664449623354  0.34662286743093340  0.35349150161487058
  0.36020722453534199  0.36681474378054596  0.37332780830790369  0.37973693204728037
  0.38606586873455406  0.39233995505599062  0.39853284107775128  0.40461826638178616
  0.41067430656982856  0.41668083842851145  0.42260974728002176  0.42850346212679796
  0.43437988157230262  0.44022489808974086  0.44601617739253463  0.45177956090183097
  0.45751266336295593  0.46321648709134022  0.46890504664873717  0.47458406989371837
  0.48024585241810103  0.48588623826616878  0.49151001275385570  0.49713217517788405
  0.50276287635743599  0.50840007369911355  0.51403617849602679  0.51968438955856389
  0.52534733539458700  0.53102763222052940  0.53672086317881285  0.54243586116329146
  0.54817884751394008  0.55393808906754660  0.55971161028221406  0.56552250061085485
  0.57137189973366431  0.57724581830198429  0.58315936305661287  0.58915959097109538
  0.59521792818635344  0.60130489537563603  0.60749649432641084  0.61376418103881214
  0.62008883376686197  0.62649726827496299  0.63301255556313996  0.63961932444749026
  0.64632984549231554  0.65319141061462827  0.66017453063553577  0.66728113909075959
  0.67462506566215075  0.68208604239728654  0.68973277229904462  0.69762019473451464
  0.70569877198332465  0.71412145647199698  0.72284088593936113  0.73188678682814345
  0.74133751856562002  0.75122415437671597  0.76166372981721819  0.77271975455368602
  0.78454150971701098  0.79726694390894104  0.81116106156292977  0.82659416664781382
  0.84444938138879555  0.86603552606320378  0.89985221453057329  1.00000000000000000
   1.7996006824888462E-005  -1.0000000000000000     
 F F F F F F F F
  <DiscreteSampler_grid>
  grouped_processes
  1 # 1 for a reference and 2 for a running grid.
  10 # Attribute 'min_bin_probing_points' of the grid.
  1 # Attribute 'grid_mode' of the grid. 1=='default',2=='initialization'
  0.0000000000000000 # Attribute 'small_contrib_threshold' of the grid.
  0.5000000000000000 # Attribute 'damping_power' of the grid.
 # binID   n_entries weight   weight_sqr   abs_weight
    10   10   2.198032818409642E+010   5.516472079375358E+020   2.198032818409642E+010
    11   10   2.198032818409642E+010   5.516472079375358E+020   2.198032818409642E+010
  </DiscreteSampler_grid>
