 -0.00215741273064584  0.00965463486179051  0.01978374621341739  0.03039507849600302
  0.04097290237637984  0.05158272272282893  0.06218561459741830  0.07267576551785898
  0.08299106351760618  0.09321802030206221  0.10367838807721959  0.11416396304230350
  0.12459372200798158  0.13502425458316211  0.14549608211648676  0.15621717689081727
  0.16698266188905167  0.17777903770417317  0.18847533946392811  0.19902403493418441
  0.20953243514765638  0.22003338796008970  0.23039952695724558  0.24077612992758426
  0.25122424594173060  0.26189317909727633  0.27260072995169315  0.28304714509109202
  0.29342072224361976  0.30366378588761428  0.31405913850041733  0.32434775961939949
  0.33472766821397454  0.34498487617167301  0.35516184936673256  0.36555736509850867
  0.37584495509231020  0.38634462760473026  0.39703638090186866  0.40792445191543697
  0.41869852855958112  0.42926426329609729  0.43947912982456633  0.44959809568135828
  0.45962665016431287  0.46999978648599688  0.48061076899469285  0.49134622691020119
  0.50185079034494828  0.51252369659202801  0.52314212341224109  0.53377957536920795
  0.54430387230034349  0.55474161834068703  0.56529578953154636  0.57583016312161428
  0.58630979972068320  0.59664380314400722  0.60697542902016566  0.61729614713280945
  0.62765685933650062  0.63793478652703339  0.64819395305587224  0.65814041089292086
  0.66812083251182763  0.67832758637817958  0.68872867268435678  0.69911057289584366
  0.70956647830201069  0.72005932517309323  0.73050245662785807  0.74097706255650064
  0.75144644111043968  0.76206908898311976  0.77286349698302659  0.78402818150324971
  0.79523538280635997  0.80639396963710042  0.81730548605713438  0.82812785825117097
  0.83920656825440820  0.85056294733965609  0.86160559274273207  0.87246372321545707
  0.88316650056595036  0.89392895828602492  0.90464779918908877  0.91515636144415236
  0.92569882905353373  0.93621094518812364  0.94680120385090194  0.95742238624301945
  0.96794196948389222  0.97868097458512915  0.98930628248874175  1.00000000000000000
 -0.00223061912453546  0.00921085047097327  0.01898792746034469  0.02930253841572880
  0.03972022596683907  0.05030559824718228  0.06101564158363790  0.07224540993253691
  0.08336461155731298  0.09396363538577564  0.10452851532858970  0.11511235904826288
  0.12564631833479659  0.13612620637032161  0.14648814887771092  0.15724121169583657
  0.16781714947473073  0.17823216603253550  0.18870866511282219  0.19898666552443700
  0.20948856464869015  0.21993626304355329  0.23057389317907112  0.24133245159022731
  0.25209793982652395  0.26311891885625310  0.27403314278031321  0.28487549837470849
  0.29550823088292771  0.30575492848176583  0.31619881692592350  0.32650557713363348
  0.33733514722111457  0.34808852385779454  0.35915086459125256  0.37017134576394689
  0.38129833230253490  0.39255967603783126  0.40363997844606159  0.41440183978531459
  0.42481893831506817  0.43505017942941387  0.44543600346575013  0.45601023255270429
  0.46659063531803813  0.47705960630571620  0.48749829200013323  0.49790204759333401
  0.50842204656942436  0.51887336683037799  0.52929916117788245  0.53978923552997093
  0.55034951162355217  0.56089765906395062  0.57143169801042748  0.58203726735993944
  0.59270787061889041  0.60310500693156821  0.61332418354395002  0.62354862295056734
  0.63390192484654484  0.64442614958451605  0.65506372836890248  0.66571300443117154
  0.67625667350851038  0.68692023733501262  0.69780135862468529  0.70874094431879442
  0.71945256151721859  0.72991798265444496  0.74035521215696454  0.75083132647980444
  0.76144003892120182  0.77204468806555260  0.78264761665618299  0.79307996645985412
  0.80344198291928270  0.81368777211492471  0.82403349660001390  0.83435167219480544
  0.84448454991268740  0.85439675440803697  0.86421413257949442  0.87413937998068181
  0.88434027054382836  0.89443980751283103  0.90487400072313284  0.91521974540103379
  0.92585784418606842  0.93648949268357407  0.94706173472094124  0.95756488723933864
  0.96797913324004115  0.97856234432545364  0.98922143846361432  1.00000000000000000
 -0.00145701837832007  0.01010927633384421  0.02018974126033198  0.03068056209419767
  0.04091255001310486  0.05136233889537312  0.06180850615058484  0.07252744328468058
  0.08313095587880558  0.09368817688998091  0.10411899482770000  0.11453697427979756
  0.12491027722873649  0.13548754776587638  0.14626181103099609  0.15705267037809550
  0.16780383504503874  0.17840215782325700  0.18894789470060466  0.19938205748790835
  0.20960872485148485  0.21994348303314315  0.23006412357602246  0.24056643639892519
  0.25096859169439689  0.26183347871974771  0.27260834882810364  0.28340556539876938
  0.29402609299239080  0.30477819258476846  0.31562189156473336  0.32650789704951161
  0.33713498465670128  0.34766361572045734  0.35792966473276971  0.36807051814978387
  0.37816190023853691  0.38852732945837087  0.39907005334133377  0.40956040412117162
  0.42001065531005050  0.43047958391990049  0.44105523968117644  0.45153831368379915
  0.46202857963454774  0.47238976418970763  0.48270392044217220  0.49309786039757841
  0.50347748660352898  0.51395961331855444  0.52436625269578641  0.53460932782604298
  0.54513150435726454  0.55586425944619733  0.56664492599379734  0.57713940770237493
  0.58760984030168995  0.59819192924374331  0.60871216916790849  0.61922779083141866
  0.62977283806011275  0.64058937111794145  0.65169645726988656  0.66251999806670847
  0.67332721689958974  0.68394166178923566  0.69455488804278420  0.70518176487499729
  0.71604944232931356  0.72706168621001310  0.73801593516021291  0.74869204839650161
  0.75964787961651148  0.77049962449029263  0.78138693858476493  0.79213397152721710
  0.80277809435938097  0.81337870521192757  0.82381589373777497  0.83411313593077840
  0.84446616305772493  0.85485480347964515  0.86551278592494063  0.87604176391833677
  0.88650881482181565  0.89699017361361000  0.90751020236003987  0.91794068134433593
  0.92832659756075675  0.93876330099951721  0.94912408119312430  0.95946137529003828
  0.96957941867900521  0.97982822885637422  0.98985486033791514  1.00000000000000000
 -0.01425409654667155  0.08694088936913244  0.12316227062394733  0.14610525278723274
  0.16481277978658385  0.18100418024361989  0.19539151545729097  0.20857355571454417
  0.22073519176376677  0.23214231803173771  0.24282542740788970  0.25298889512217770
  0.26265527934285943  0.27197084822734974  0.28086827565979733  0.28946274249287862
  0.29774565843710654  0.30578026656780649  0.31363372931345346  0.32120265824932975
  0.32865919076762978  0.33593760216884067  0.34306082166014401  0.35009438504898410
  0.35694986916457633  0.36366946748516815  0.37031294273421778  0.37688241254053467
  0.38337716884960926  0.38981343346039904  0.39618037245641741  0.40243306028462311
  0.40861508772817068  0.41476564863420384  0.42083511677020041  0.42687612755242932
  0.43289221526680338  0.43887280425046676  0.44480244585371143  0.45071466477629979
  0.45662180220612536  0.46250499220317881  0.46836218785121386  0.47420396844537044
  0.48002583318086839  0.48582586808738187  0.49161539206308746  0.49738290018340192
  0.50316375439616601  0.50894122508051842  0.51472925896251953  0.52052788738836098
  0.52633606590874860  0.53215652620196519  0.53799890280439533  0.54387245950655350
  0.54976591893091820  0.55566130038782513  0.56157272372266864  0.56752884680074334
  0.57353716306812119  0.57958482079237161  0.58570056206249121  0.59189969189961844
  0.59811320884613084  0.60437466203646084  0.61072607004205093  0.61714679440050402
  0.62364449583680970  0.63023857901948954  0.63692147690389023  0.64368470431305846
  0.65056615072490886  0.65758568086980063  0.66470041884128361  0.67200623076261146
  0.67948942501263498  0.68709579322132963  0.69503566957331053  0.70316234174474712
  0.71155152952679990  0.72019663275483514  0.72910981309328859  0.73840711673972370
  0.74810462015900181  0.75833471758980697  0.76910529629901114  0.78057181877206105
  0.79281868238891973  0.80612430428962689  0.82066422430464903  0.83701813982587914
  0.85588972418896581  0.87906268339506333  0.91558147734093398  1.00000000000000000
   7.2563853816959815E-007  -1.0000000000000000     
 F F F F F F F F
  <DiscreteSampler_grid>
  grouped_processes
  1 # 1 for a reference and 2 for a running grid.
  10 # Attribute 'min_bin_probing_points' of the grid.
  1 # Attribute 'grid_mode' of the grid. 1=='default',2=='initialization'
  0.0000000000000000 # Attribute 'small_contrib_threshold' of the grid.
  0.5000000000000000 # Attribute 'damping_power' of the grid.
 # binID   n_entries weight   weight_sqr   abs_weight
    10   10   8.241485429519193E+007   1.094139012415008E+016   8.241485429519193E+007
    11   10   8.241485429519193E+007   1.094139012415008E+016   8.241485429519193E+007
  </DiscreteSampler_grid>
