 -0.00252341294266681  0.00948611653442236  0.01964805491988102  0.03017054472040820
  0.04070550384147411  0.05123822684828928  0.06176919829913879  0.07231864560980479
  0.08286515846063809  0.09340918379838847  0.10395631720964904  0.11450619398634260
  0.12504800235293434  0.13559172079256163  0.14612331012664509  0.15666519695931186
  0.16719836037140801  0.17774485494348582  0.18828893108793351  0.19883138154638572
  0.20937337381807894  0.21991665669683719  0.23046331330051884  0.24099923350003721
  0.25153631297744766  0.26207258346335366  0.27261971762173981  0.28316404456676608
  0.29370975108521058  0.30425442906342437  0.31479975177567743  0.32535126816068555
  0.33589263456590956  0.34643033120346017  0.35696517595833260  0.36751030891272907
  0.37805490086885846  0.38859976605882729  0.39914657580701923  0.40969305656109711
  0.42023836389111641  0.43077288407175229  0.44131040125158272  0.45184574162420810
  0.46238218988014507  0.47291951127499354  0.48345964617774345  0.49400369342436612
  0.50454943912105144  0.51509233103569041  0.52563149043703095  0.53617168291575390
  0.54671402061805874  0.55726487505747069  0.56780890837959563  0.57835499143362579
  0.58889058796292071  0.59943346091761796  0.60997329080060891  0.62052190844119881
  0.63106728341607476  0.64161187624325200  0.65215167407271646  0.66269250177250638
  0.67323788410860441  0.68378789287406683  0.69433538457398924  0.70488373338927435
  0.71542679938692166  0.72597299865335518  0.73651517953946111  0.74705811336629679
  0.75760066419517891  0.76814656074653853  0.77869300039933953  0.78924089583073276
  0.79978892772526422  0.81033741214440214  0.82088516602581729  0.83142809792681194
  0.84196511600768276  0.85249698059662815  0.86302305926672707  0.87355225938020176
  0.88407726562579880  0.89461235259668337  0.90514983211734956  0.91569495600935413
  0.92624038880366766  0.93678969415910218  0.94733226632685674  0.95787433918009157
  0.96841060469575835  0.97894573318430644  0.98947320841288855  1.00000000000000000
 -0.00225000850407112  0.00957323568044125  0.01973487178381709  0.03025287828336326
  0.04078676998776855  0.05131697749648349  0.06184567278858182  0.07238889021606844
  0.08293040089838853  0.09347146605968215  0.10400432700676375  0.11454602425867473
  0.12508634838626551  0.13562528069075852  0.14616332615835512  0.15669983232781681
  0.16724377469220036  0.17778922110182355  0.18834007553599919  0.19888716732295184
  0.20943374882136370  0.21997777918096753  0.23052410950041752  0.24107062698714493
  0.25161963167873902  0.26217057671552907  0.27271090875107284  0.28324583134543585
  0.29378019958238377  0.30432496911558765  0.31487340542922782  0.32541778902100882
  0.33594983902306053  0.34648374097909773  0.35702221120842337  0.36756484668098277
  0.37810140255457886  0.38863423097272420  0.39917105450075768  0.40970481636531014
  0.42024528907338066  0.43078294251033017  0.44132666526763381  0.45186140289683474
  0.46240169197416758  0.47294490705486536  0.48349167194520720  0.49403861798106868
  0.50458504484595268  0.51511981169435861  0.52565491915059492  0.53618874090582469
  0.54673845146330102  0.55728771228832008  0.56783920707757185  0.57839113894694605
  0.58893476962524716  0.59947625206344468  0.61001310014543630  0.62055492709906557
  0.63109627653242639  0.64164046224649041  0.65218325491129336  0.66271499085906238
  0.67324679724667791  0.68378093728317124  0.69432317076406458  0.70486695840970126
  0.71540363086372460  0.72594205650811006  0.73647470914804003  0.74701540303317071
  0.75755961242790359  0.76811004142082917  0.77865438627290429  0.78919324396486601
  0.79973158707797742  0.81027710447482093  0.82082801668091099  0.83137672249114902
  0.84192549573582354  0.85247189215939367  0.86301749229750524  0.87354487591110686
  0.88407218745881189  0.89460261722756451  0.90514357291561753  0.91568453199320710
  0.92620707575060879  0.93674093240022549  0.94727861707185623  0.95782717432287057
  0.96837289387422998  0.97891784048040942  0.98946046281940792  1.00000000000000000
   1.2075120478110767E-009  -1.0000000000000000     
 T F
  <DiscreteSampler_grid>
  grouped_processes
  1 # 1 for a reference and 2 for a running grid.
  10 # Attribute 'min_bin_probing_points' of the grid.
  1 # Attribute 'grid_mode' of the grid. 1=='default',2=='initialization'
  0.0000000000000000 # Attribute 'small_contrib_threshold' of the grid.
  0.5000000000000000 # Attribute 'damping_power' of the grid.
 # binID   n_entries weight   weight_sqr   abs_weight
    10   10   1.946898240000001E+006   3.790412756915101E+012   1.946898240000001E+006
  </DiscreteSampler_grid>
