 -0.00250620484990721  0.00947578046737648  0.01962758802691675  0.03014247645614358
  0.04069142529304820  0.05124207547880335  0.06179146854815109  0.07233970747534910
  0.08287698503184514  0.09340862385192295  0.10394096920908026  0.11448048457017196
  0.12502705088139177  0.13557268181278648  0.14611642461698490  0.15665976234582590
  0.16720248020668477  0.17775151989614649  0.18829477017828297  0.19883814114236389
  0.20937533190882379  0.21991749941391339  0.23045118788567989  0.24098926718970876
  0.25152680607703931  0.26207459771868447  0.27262152183602106  0.28316984121797445
  0.29371768558191808  0.30426325413383065  0.31480721660560124  0.32535122007748640
  0.33589951528817946  0.34644979626730876  0.35699830845542357  0.36754785609791629
  0.37808683771357904  0.38862651320519703  0.39916761823259417  0.40971100771851265
  0.42025430673164732  0.43079197521295842  0.44133011386653587  0.45187008029749282
  0.46241413905623574  0.47295627697378911  0.48349396163205560  0.49402217611489424
  0.50455310798852149  0.51508302944782580  0.52561975244388226  0.53615662602483005
  0.54669114510007433  0.55722605497970967  0.56775845423014026  0.57829441090030753
  0.58883356875511617  0.59938188758474265  0.60993327113292573  0.62047694741873416
  0.63101180721978334  0.64154737240314375  0.65208891350518772  0.66263853459153466
  0.67318874820230912  0.68373485609900708  0.69428103538774055  0.70482058001825942
  0.71536478603370446  0.72591020607587720  0.73646148245243426  0.74701186001274333
  0.75756091214422594  0.76810453585766492  0.77864688795118842  0.78918659472970609
  0.79973167992447669  0.81027709201036291  0.82081679198303359  0.83135134181706027
  0.84188312178763169  0.85242390589260386  0.86295971410915562  0.87349755028734477
  0.88402851595374099  0.89456908725135065  0.90510660868410264  0.91564782888544871
  0.92618319560425144  0.93672668001540049  0.94726703650591604  0.95781264654774523
  0.96835764811282021  0.97890754307554695  0.98945543773546585  1.00000000000000000
 -0.00250158375665484  0.00952247678705347  0.01968476758772128  0.03019627223536200
  0.04073249336713810  0.05127078791882311  0.06181997446540046  0.07237101077966891
  0.08292512159543812  0.09347103110712764  0.10401654666282727  0.11455914165892046
  0.12510983609008541  0.13565433821067660  0.14620015719662682  0.15674373355110632
  0.16729221844691794  0.17783262680506062  0.18837624372261524  0.19891062456000139
  0.20945487020534312  0.21998557823479703  0.23051980601866270  0.24105160044151236
  0.25158348699021976  0.26211536078363223  0.27264767885181157  0.28318351158085320
  0.29371784321224859  0.30424608184309676  0.31477634540397265  0.32531653103401775
  0.33585512151756852  0.34639792949827714  0.35693165067805249  0.36747161725596983
  0.37801111515086222  0.38855217345365067  0.39909151993036002  0.40963580028950297
  0.42017672720427285  0.43070528220764570  0.44123057199235244  0.45176392666354043
  0.46230566130029432  0.47284700286603204  0.48338811155172096  0.49393517664003223
  0.50448423282735688  0.51503494944289818  0.52558742082536114  0.53613625158367473
  0.54668322589307583  0.55722906284834262  0.56777151316126717  0.57831246103328138
  0.58885501659822126  0.59940154038833249  0.60994329244952405  0.62047701568920766
  0.63101347726285251  0.64155087997051952  0.65209786768638400  0.66263248755175164
  0.67317460086383885  0.68371276154209182  0.69426388365669722  0.70481477784618096
  0.71536652840028270  0.72590774598578045  0.73644988851200588  0.74698929290136351
  0.75753534998145822  0.76807642999859083  0.77862152542575425  0.78917069323618794
  0.79972211565242091  0.81027413210643962  0.82082725422635139  0.83137256996369535
  0.84191538352404682  0.85245271173216242  0.86300003924521196  0.87354249263714823
  0.88408893740097694  0.89463134618938589  0.90517929357574400  0.91571639758892120
  0.92625023211543389  0.93677322644431227  0.94729655869592277  0.95782182315937281
  0.96835819926462574  0.97890367279284973  0.98945226346972692  1.00000000000000000
   1.2072725042627221E-009  -1.0000000000000000     
 T F
  <DiscreteSampler_grid>
  grouped_processes
  1 # 1 for a reference and 2 for a running grid.
  10 # Attribute 'min_bin_probing_points' of the grid.
  1 # Attribute 'grid_mode' of the grid. 1=='default',2=='initialization'
  0.0000000000000000 # Attribute 'small_contrib_threshold' of the grid.
  0.5000000000000000 # Attribute 'damping_power' of the grid.
 # binID   n_entries weight   weight_sqr   abs_weight
    10   10   1.946898240000001E+006   3.790412756915101E+012   1.946898240000001E+006
  </DiscreteSampler_grid>
