  0.00952532157303111  0.01602418015205757  0.02570954351605044  0.03679382776723479
  0.04758826447287842  0.05841790349280938  0.06912260817075108  0.07974108367566113
  0.09045052661457609  0.10123491132680748  0.11183581278998897  0.12238382312842078
  0.13287163880879291  0.14330207017842408  0.15376035015042872  0.16417987482083365
  0.17465130775741744  0.18513996455740991  0.19570995431466440  0.20649646123810142
  0.21722832861415869  0.22786962786330220  0.23849142964994399  0.24894392630689879
  0.25953527925128411  0.27017382701485665  0.28095003894241349  0.29163858199268411
  0.30248064386248324  0.31327216188351553  0.32368957501278328  0.33396451183528386
  0.34436929043817632  0.35494978955244016  0.36512932553200361  0.37540079767135692
  0.38562096750995717  0.39587830188360118  0.40608616393352825  0.41637088712426085
  0.42700550500122658  0.43754931245137446  0.44842024976258721  0.45910748820486513
  0.46999185334216642  0.48080577109660011  0.49144955112419036  0.50187694557400953
  0.51221684087740560  0.52259959029629854  0.53292023540733924  0.54325656046346937
  0.55376450480707717  0.56422379263000966  0.57446408527107451  0.58462186678707928
  0.59519355833908971  0.60573655934454940  0.61600002583347935  0.62641677541978447
  0.63699513004888997  0.64741606841143706  0.65744313588086112  0.66758370846569781
  0.67801937748897101  0.68847924589283704  0.69872187053436108  0.70894050519162399
  0.71934536307511876  0.72968464879825035  0.73990153449961060  0.74997010266723008
  0.76009973122388663  0.77029811366429934  0.78068094661261456  0.79117496176678637
  0.80163393211714873  0.81192182654869438  0.82216908552983514  0.83242329952754324
  0.84280864603560546  0.85307426659216035  0.86340925468462804  0.87367899987713582
  0.88423361008785240  0.89490144413652684  0.90555842839044676  0.91622725673145211
  0.92689904971232862  0.93747753070455675  0.94790262427936856  0.95822897437913424
  0.96882778082978138  0.97928983659011792  0.98971278784807792  1.00000000000000000
  0.00000249762686245  0.00000258173111785  0.00000276030858690  0.00000292443180519
  0.00000307827863568  0.00000323606610236  0.00000339747304354  0.00000356128579310
  0.00000372778515896  0.00000390230704117  0.00000407814147317  0.00000425878460643
  0.00000445089757445  0.00000465276464586  0.00000486035538094  0.00000507667410739
  0.00000530435784427  0.00000554067005704  0.00000577651160713  0.00000604061426297
  0.00000630763306418  0.00000658064655219  0.00000686592337286  0.00000716929090231
  0.00000748013868083  0.00000779943214658  0.00000813807547653  0.00000849271662705
  0.00000885883164410  0.00000923242171807  0.00000964983478772  0.00001006436461969
  0.00001049290761095  0.00001094519907108  0.00001142681191299  0.00001192215119074
  0.00001244152962610  0.00001298995589349  0.00001355342317406  0.00001412896061398
  0.00001473950497092  0.00001541290457711  0.00001608441077726  0.00001678206947953
  0.00001754045178805  0.00001833051397348  0.00001914225126579  0.00002002556971532
  0.00002096754703272  0.00002192478571370  0.00002294334680759  0.00002403138579399
  0.00002516031865512  0.00002633290889115  0.00002760017152762  0.00002893422285801
  0.00003031086451868  0.00003181982627384  0.00003342849503279  0.00003512491212428
  0.00003696206768086  0.00003898881188154  0.00004104998849488  0.00004343699316204
  0.00004591635450342  0.00004862820533501  0.00005157338660549  0.00005475843224912
  0.00005818694758028  0.00006194639671145  0.00006594476860043  0.00007044641909674
  0.00007524894401194  0.00008090774861144  0.00008694685720268  0.00009396191128831
  0.00010147336028709  0.00011043171440258  0.00012048782802040  0.00013233469433961
  0.00014632306506926  0.00016269850000045  0.00018343764083236  0.00020838131923330
  0.00023886252427548  0.00027554335280600  0.00031979728654692  0.00037760402838455
  0.00046030015165815  0.00056631636991818  0.00070701348111418  0.00090639571799373
  0.00123482728167019  0.00199596296726441  0.03497071134025230  1.00000000000000000
 -0.00219477463502653  0.00972976289499169  0.01983696420798446  0.03037465666051413
  0.04086849564683584  0.05180852841772223  0.06273285555869031  0.07346625929109234
  0.08405320218753233  0.09445423039502381  0.10494571267056427  0.11550094425673024
  0.12604128201684925  0.13657415620977714  0.14699655000249284  0.15746065925237224
  0.16793624232686602  0.17854744063866085  0.18921941436907275  0.19981985432820376
  0.21038244548131246  0.22106437441902832  0.23172070245271104  0.24230728948327870
  0.25261135123219342  0.26278358444030270  0.27284191486558201  0.28295274054464542
  0.29309978265402775  0.30322967176938320  0.31354600622021495  0.32391141132408352
  0.33440129114722122  0.34474353885247361  0.35525960646658006  0.36586391652585037
  0.37633378837548037  0.38666926317476785  0.39695791173734873  0.40758041697995123
  0.41826754762159790  0.42912729410529815  0.43972400212398366  0.45046492825896689
  0.46108862058433403  0.47182769861626983  0.48241984768434415  0.49292588372288904
  0.50339273184065170  0.51376578483153390  0.52425101576817634  0.53475797101774314
  0.54538659750735530  0.55581051838195450  0.56622709937124960  0.57651455263837770
  0.58699012962892372  0.59746047406431235  0.60802634001500411  0.61853774323610711
  0.62902755101014085  0.63946566100734281  0.64990193429487075  0.66036419597781559
  0.67102808861068419  0.68179119791256382  0.69244818258227403  0.70312175458029069
  0.71384086681514070  0.72451568714999370  0.73499548409706572  0.74551361376099223
  0.75614323174127451  0.76690593789389883  0.77746996429867077  0.78832113649810887
  0.79900601181605357  0.80965439515522486  0.82033065311751652  0.83102456788614876
  0.84182951258839789  0.85261826029462551  0.86325188678459186  0.87405231592862698
  0.88423416480921213  0.89455534129521463  0.90482514945019521  0.91529789561567243
  0.92580229880913145  0.93630726585400370  0.94697571034098627  0.95768365684716017
  0.96816475505146826  0.97869474718194371  0.98928676442767438  1.00000000000000000
 -0.00230605805906512  0.00925134557297227  0.01876365983678180  0.02921852532409106
  0.03960256967522113  0.05001873300800806  0.06040036125617741  0.07109593373863494
  0.08209242758864414  0.09289289055377341  0.10370672000800796  0.11459396813321360
  0.12549810547920326  0.13608917996216083  0.14682871782322027  0.15790658796935739
  0.16897368232615115  0.17980519096579431  0.19068672291768543  0.20159479377258094
  0.21221166007187986  0.22265851249120069  0.23302179342166232  0.24361176994725023
  0.25406491931389885  0.26451205806075373  0.27492845880942041  0.28532049895805323
  0.29578375904517057  0.30637193563729803  0.31713827641585834  0.32803332641814109
  0.33892826865027492  0.35008622756441454  0.36085389255579264  0.37158417855311338
  0.38196852026817829  0.39240669011537749  0.40288880143286909  0.41353299788103876
  0.42415800027910705  0.43473900119415665  0.44551203465656797  0.45653312448899913
  0.46743654896315179  0.47849808638024749  0.48920429853001840  0.50005944705988425
  0.51028263484162073  0.52059950900541996  0.53088951732008638  0.54103234562537050
  0.55123618498726712  0.56146521090443935  0.57183066058732124  0.58221078427684181
  0.59236394545205884  0.60261183450514477  0.61287619734580623  0.62324576956977318
  0.63359823220768163  0.64396566980979886  0.65442501465197700  0.66482384691700824
  0.67523238736158708  0.68559603299647076  0.69598740808858683  0.70641689198302460
  0.71686233135715094  0.72743893672329896  0.73811195877417213  0.74877781415475819
  0.75940961352224057  0.77014933610972913  0.78091713710187893  0.79143078029293112
  0.80149389318547193  0.81146112169692197  0.82187487638736811  0.83253632588744853
  0.84293521806778438  0.85329653711342457  0.86394739715688118  0.87468390329328072
  0.88505392906938718  0.89525887012856575  0.90551753282977387  0.91580765168638301
  0.92607597963810273  0.93627895362574820  0.94671494871338324  0.95723637749388557
  0.96787017198094916  0.97852527696609681  0.98915643133060982  1.00000000000000000
 -0.00228473932318136  0.01023591593699230  0.02080417438543404  0.03147936222552685
  0.04202789356235034  0.05239453861452253  0.06287680602498791  0.07358667545131724
  0.08432505433031283  0.09484853405931053  0.10534928788338044  0.11582370065686071
  0.12635487766909939  0.13667645946103474  0.14692159320086740  0.15712566680081805
  0.16728856925600633  0.17751798323487439  0.18776567575357514  0.19824238765813604
  0.20885514706047351  0.21947791204030334  0.23006190133774998  0.24059399581362809
  0.25124915961354766  0.26199377728682877  0.27271301041272522  0.28338631149576271
  0.29398429318858987  0.30451282374916611  0.31492993456471124  0.32526376720850309
  0.33554641843909805  0.34590797128843709  0.35640131015800075  0.36705128479223625
  0.37776204307824340  0.38848202724702047  0.39915144255614293  0.40981471973436556
  0.42053282391476715  0.43125439783370434  0.44201744854699154  0.45262351994570599
  0.46319710553210580  0.47367253333264253  0.48407180887710899  0.49447640231970769
  0.50491603296603882  0.51536332142204211  0.52600900269222917  0.53655479464775513
  0.54720548807585412  0.55790486002822648  0.56898005296526843  0.58017826960443952
  0.59105716410378495  0.60166660831268082  0.61220856395684875  0.62263464050788309
  0.63293337165985863  0.64332479860180636  0.65398256305743563  0.66457715132206896
  0.67488946703229702  0.68522435846093899  0.69569755387321763  0.70621276776553377
  0.71659686536674227  0.72694948181900187  0.73753016660995852  0.74803004447411803
  0.75878838004586269  0.76937503367647608  0.78007153591616041  0.79070366213395638
  0.80120015546760071  0.81158261120536490  0.82201658859144289  0.83246717378197554
  0.84275836250471559  0.85302205133389764  0.86331102368927504  0.87375012373458671
  0.88409846960351335  0.89451579642381551  0.90494023967247628  0.91549743677115392
  0.92589560276592131  0.93637391532938319  0.94675715353678302  0.95696869900971548
  0.96746991705798635  0.97813819990217843  0.98912379970134301  1.00000000000000000
  0.02789546085627002  0.03522561237059024  0.04101449140384513  0.04829708443262291
  0.05569544094760617  0.06307704835895492  0.07038477054214769  0.07773611659226706
  0.08502491692905004  0.09228060051765896  0.09958915445429374  0.10704145818950613
  0.11455602629637374  0.12203486128222944  0.12949784214756682  0.13694361621081530
  0.14448015656645180  0.15222695410413595  0.16017309327814563  0.16823691964677578
  0.17632979884989133  0.18441255221052263  0.19246349837005783  0.20054295153278179
  0.20873566398651339  0.21703539850867670  0.22545421808693286  0.23387356626489608
  0.24245123298965998  0.25097981083252069  0.25956930032678399  0.26813309233679611
  0.27670814654055104  0.28523150693648525  0.29379362663562625  0.30249880467013190
  0.31136183869708445  0.32052779092754680  0.32987758571921239  0.33934330126524320
  0.34877676852500611  0.35818545244628675  0.36752354081399519  0.37702854417362675
  0.38662290989795367  0.39629601357461280  0.40598867471210004  0.41575610834254068
  0.42558146385962958  0.43548003973007454  0.44541294354205102  0.45536330783873591
  0.46525864912185616  0.47512734093132597  0.48498358631891808  0.49485796487587652
  0.50492513960508734  0.51514089038602451  0.52542581003699085  0.53567582660860291
  0.54599370900749367  0.55637787066658095  0.56666410792674982  0.57694490718274039
  0.58728612517293188  0.59759911025218970  0.60781445997795203  0.61804491942047490
  0.62838142383053330  0.63877418338563574  0.64924829324133515  0.65984819923360272
  0.67045378304834558  0.68092349529839602  0.69136873849229374  0.70184130004941425
  0.71252534629700792  0.72335718337113941  0.73446755749571135  0.74584955085155757
  0.75744813795328891  0.76929234602806007  0.78107412333904735  0.79300104564450258
  0.80496741352488843  0.81710459866598506  0.82956515058623670  0.84243040927322310
  0.85565461384619879  0.86960580159424938  0.88423282216826860  0.89986019291202990
  0.91679600529132343  0.93634370078708584  0.96186340023764227  1.00000000000000000
 -0.01709760635964169  0.10007562645467676  0.13360590501620717  0.15475733530625274
  0.17206132570962007  0.18677135066131395  0.19986180405519804  0.21182376225963553
  0.22289946310880329  0.23321533812836645  0.24295783806734714  0.25230350205511493
  0.26119705310598851  0.26985470933745737  0.27810474640740673  0.28617368944842891
  0.29393885798107927  0.30149431034745744  0.30891698677671386  0.31607876331755064
  0.32303738821117023  0.32991744324596484  0.33672301876901106  0.34342822444345450
  0.35003325688621689  0.35650517786435504  0.36285646172110625  0.36916639038397808
  0.37539720204698557  0.38153048856902883  0.38762537544315162  0.39365523662783397
  0.39969400263277383  0.40570934594538766  0.41166447443116894  0.41755311196455919
  0.42336664467032326  0.42919145539579889  0.43501101064756009  0.44075427312466187
  0.44639110846932062  0.45197682484599233  0.45757006024993224  0.46312150573190486
  0.46865845357545161  0.47415828820111022  0.47967284569436702  0.48522360924207103
  0.49079344962404320  0.49638093424350566  0.50201281859511404  0.50770943253642198
  0.51341785664930051  0.51911782495609460  0.52485007772076719  0.53062610803008314
  0.53642111963061379  0.54226423639619392  0.54810407226721880  0.55397506911292449
  0.55975947671182624  0.56565842367386276  0.57163837798952943  0.57767308412113971
  0.58381509888960947  0.59006748854985813  0.59638170932460055  0.60276187948734850
  0.60924347103071830  0.61580581118219502  0.62243319284274146  0.62919484418061600
  0.63611613923949584  0.64311427854414882  0.65027307315600935  0.65750228661196852
  0.66483727139933313  0.67241794947098876  0.68018405408574845  0.68820848268541168
  0.69658026633638626  0.70519881970253973  0.71415862122101592  0.72341851361025200
  0.73304623971279259  0.74328935161910969  0.75382494173039882  0.76502046176634042
  0.77694395035846031  0.78988088039497162  0.80399202774494993  0.81988761498884510
  0.83835078911157790  0.86105596802593121  0.89706902180661630  1.00000000000000000
   4.5833232625108859E-006  -1.0000000000000000     
 F F F F F F F F F F F F F F F F
  <DiscreteSampler_grid>
  grouped_processes
  1 # 1 for a reference and 2 for a running grid.
  10 # Attribute 'min_bin_probing_points' of the grid.
  1 # Attribute 'grid_mode' of the grid. 1=='default',2=='initialization'
  0.0000000000000000 # Attribute 'small_contrib_threshold' of the grid.
  0.5000000000000000 # Attribute 'damping_power' of the grid.
 # binID   n_entries weight   weight_sqr   abs_weight
    13   10   6.655053945162765E+007   2.301983906416766E+016   6.655053945162765E+007
    14   10   6.655053945162784E+007   2.301983906416782E+016   6.655053945162784E+007
    16   10   6.655053945162766E+007   2.301983906416767E+016   6.655053945162766E+007
    17   10   6.655053945162784E+007   2.301983906416782E+016   6.655053945162784E+007
  </DiscreteSampler_grid>
