 -0.00256764118886112  0.00973370114299450  0.02016676895488336  0.03087789622855818
  0.04154733540644812  0.05208797169416592  0.06256509379003497  0.07295951805955199
  0.08339235736641371  0.09388858131899228  0.10436063260398395  0.11480102321503405
  0.12517386179703582  0.13560661326332188  0.14611083662299626  0.15654255654960322
  0.16694318276893871  0.17737183185604796  0.18790053237971815  0.19858991216835065
  0.20925160933235090  0.21984306036343879  0.23040202408680899  0.24092445749817290
  0.25140109225753704  0.26183793260226118  0.27229531879886387  0.28288532015321555
  0.29353675064587781  0.30408196000255200  0.31466214975756002  0.32503733716296807
  0.33537078440288320  0.34571953361721652  0.35613983504640256  0.36675017007412042
  0.37726513033699993  0.38784429838880552  0.39835499608957814  0.40903185783314494
  0.41968659712906953  0.43032206828948522  0.44084594965368529  0.45137863487908714
  0.46194372723496163  0.47251466761215949  0.48307721527162889  0.49363383024251095
  0.50406452327898943  0.51459901679379505  0.52530289818080433  0.53605309384884492
  0.54678983989887742  0.55737667063585028  0.56800516580603611  0.57852214583183015
  0.58899802055647388  0.59944080803245481  0.60989602817784350  0.62041268063180233
  0.63086878182011752  0.64135945288688101  0.65189825815408009  0.66254819908386509
  0.67329807274983544  0.68415469934498718  0.69494129508014202  0.70578731346421475
  0.71620749187853272  0.72676618446847563  0.73722451162964930  0.74777455706945850
  0.75831453411516547  0.76886262741771672  0.77943304297339466  0.78981504557584226
  0.80011255414698979  0.81047699733956924  0.82101277085535518  0.83155038462723641
  0.84216188411479187  0.85270929121960259  0.86331631620954585  0.87386049538471278
  0.88440520098984066  0.89489091852651259  0.90525748140775808  0.91567698408082421
  0.92606403184798847  0.93630623739972119  0.94659438361638260  0.95694540812240236
  0.96750578596225290  0.97826418366751455  0.98910042961570566  1.00000000000000000
 -0.00256182365027188  0.00940157043442321  0.01976117115591344  0.03048046167705889
  0.04122265399194205  0.05197579146526615  0.06262492495144370  0.07320411363172317
  0.08375030543212043  0.09425598375723815  0.10474554846691159  0.11514733241689429
  0.12547981707513947  0.13584179465261903  0.14604364485994473  0.15622784040034021
  0.16642076346190576  0.17683551754891103  0.18735322116444203  0.19786986783360894
  0.20840082028235182  0.21873626876461097  0.22911341873472049  0.23932213779723932
  0.24958034099463436  0.25996412452895140  0.27047243129540649  0.28112356231110786
  0.29175231721803646  0.30253279500643387  0.31339463046634741  0.32425948195708365
  0.33513552472365055  0.34578900896731773  0.35639281207923967  0.36680170738961904
  0.37725394017890718  0.38759220660659127  0.39798049960613785  0.40833881051050641
  0.41876340600498330  0.42904471840250841  0.43927013240713103  0.44946255852441785
  0.45967761174998539  0.47024861228732084  0.48092088314898063  0.49171296086208949
  0.50237539953935295  0.51299154488928689  0.52366858051178544  0.53435855427741619
  0.54513948962597336  0.55585102104218731  0.56658755730862032  0.57717799058679808
  0.58776242127221467  0.59824307423562761  0.60880774555263639  0.61937370905475408
  0.62981116910274626  0.64018856150786374  0.65060738466181600  0.66111238621822543
  0.67145415266591901  0.68165411464217296  0.69200575365577566  0.70260024006465549
  0.71317479462657096  0.72370974383233611  0.73447197222280347  0.74539303555885383
  0.75623960470957552  0.76700435855963256  0.77799217571248602  0.78903827552878214
  0.79985974963211715  0.81059444225835831  0.82112449584611591  0.83167604320597444
  0.84224125843299891  0.85290481466947565  0.86355917375048419  0.87429263251310496
  0.88504902593468038  0.89586216251303363  0.90636631506080145  0.91696512826046661
  0.92728249335570567  0.93757570180833782  0.94776001030007806  0.95807480684987567
  0.96869626670592179  0.97910607101051417  0.98959390841681238  1.00000000000000000
 -0.00229087485569376  0.00931335423501663  0.01923144786734042  0.02956880642283540
  0.03999073159684538  0.05031691168675037  0.06054249636136746  0.07110868858726310
  0.08170882047584246  0.09259213846081454  0.10341439202258879  0.11447808544884669
  0.12556380641700426  0.13653304260757335  0.14741981107097588  0.15811149771018163
  0.16868853450425783  0.17906374131707153  0.18954041970717755  0.19996895279150365
  0.21033959368948590  0.22074524519759314  0.23117502537651502  0.24154572581808348
  0.25186954115180360  0.26210350752201295  0.27244969343954362  0.28278941410339425
  0.29315595982162673  0.30376513386088144  0.31433228601744873  0.32492468196630880
  0.33533122329317444  0.34565575783811775  0.35609048549810862  0.36652891382184155
  0.37685666607067836  0.38720876532381165  0.39758128128573567  0.40797056991257757
  0.41844283877735211  0.42886963377889387  0.43925028512495828  0.44961124888347892
  0.46002522004306645  0.47064799593165724  0.48123434705040852  0.49190396659824592
  0.50247841379007807  0.51318536590181207  0.52381930346414352  0.53458925843711746
  0.54530969079554692  0.55615643331965081  0.56685451971695955  0.57742494056322247
  0.58792661978831462  0.59833205994700700  0.60882411046198115  0.61921887550974164
  0.62984281376233864  0.64051306610535430  0.65117552200796014  0.66173631270338895
  0.67225013387458210  0.68276788381562770  0.69333175327471341  0.70395105834755656
  0.71447272397960482  0.72507914472536061  0.73560375129952005  0.74623978527265589
  0.75674675844647199  0.76734578014084176  0.77792281855496326  0.78851689275838688
  0.79908285615499663  0.80968759929317125  0.82028378272777025  0.83078773576804399
  0.84130017141532609  0.85188237743121153  0.86232511857530492  0.87291463798811741
  0.88344768076213531  0.89401968643048257  0.90440583827132903  0.91467485773719126
  0.92524578340697672  0.93600373478352861  0.94680378177947411  0.95761414945143897
  0.96823615350094183  0.97889433981486096  0.98940606706044076  1.00000000000000000
 -0.01844702540392279  0.10427169896687150  0.13829610255620195  0.15968573656366011
  0.17719271699110747  0.19233481595070531  0.20593600689442690  0.21840769753113937
  0.23003036763687243  0.24090088857196157  0.25119612112646489  0.26094784078806932
  0.27026248575368245  0.27915631881528791  0.28775571579796738  0.29606960152839185
  0.30409252626593769  0.31192416082593843  0.31948884327281801  0.32689838961920248
  0.33417974233326730  0.34123387871206207  0.34818109423525556  0.35498801939960678
  0.36164560913126359  0.36820778912057928  0.37466911024814292  0.38101886576522270
  0.38729308669470108  0.39351172607383400  0.39964142199690267  0.40567077573839627
  0.41167079545177926  0.41761304424936035  0.42348273988997409  0.42931921108889198
  0.43513431720477602  0.44091457626389280  0.44664339933007563  0.45234507017104519
  0.45801411619426019  0.46365357892257619  0.46927810685704086  0.47489242211138094
  0.48048909401434031  0.48606401348945666  0.49162219066636914  0.49717830458339468
  0.50274229340038445  0.50831464047443142  0.51388576296801070  0.51946882167055608
  0.52506649964227869  0.53068162501639027  0.53631017962235661  0.54196014710324913
  0.54763868634202795  0.55333594525764096  0.55904787237320075  0.56479482686560334
  0.57058269065145972  0.57639821646340683  0.58225166765060088  0.58818830422221602
  0.59419181800842391  0.60022513015785017  0.60635506749266366  0.61256815869536829
  0.61883833578404035  0.62518620530024194  0.63164798482190510  0.63820889334918363
  0.64486171523123970  0.65166381809689833  0.65860974064146993  0.66566568558712291
  0.67293836551612196  0.68035486187852734  0.68792883802726101  0.69576148151271844
  0.70379307765658838  0.71211987748374672  0.72075674091565856  0.72970033120791711
  0.73904681125708049  0.74880997527788495  0.75910245651121855  0.76998534202581914
  0.78159991804400197  0.79408776670759329  0.80770845839457173  0.82285690935478906
  0.84038212391002498  0.86171652941585763  0.89576973235961521  1.00000000000000000
   7.9069504558425447E-006  -1.0000000000000000     
 F F F F F F F F
  <DiscreteSampler_grid>
  grouped_processes
  1 # 1 for a reference and 2 for a running grid.
  10 # Attribute 'min_bin_probing_points' of the grid.
  1 # Attribute 'grid_mode' of the grid. 1=='default',2=='initialization'
  0.0000000000000000 # Attribute 'small_contrib_threshold' of the grid.
  0.5000000000000000 # Attribute 'damping_power' of the grid.
 # binID   n_entries weight   weight_sqr   abs_weight
    10   10   2.198032821866453E+010   5.516472094302801E+020   2.198032821866453E+010
    11   10   2.198032821866453E+010   5.516472094302801E+020   2.198032821866453E+010
  </DiscreteSampler_grid>
