 -0.00250797812938938  0.00951831572196101  0.01968542716849876  0.03020730008634481
  0.04075680029323821  0.05130096396427560  0.06183987301844392  0.07237575066441526
  0.08291763036816127  0.09345443344623870  0.10399315897200884  0.11452686820869447
  0.12507284794218473  0.13561511792287265  0.14615996808068346  0.15669890898797845
  0.16724176007646829  0.17778310001870898  0.18832913342552066  0.19887558542667483
  0.20942259838401595  0.21996840101549719  0.23049403945595617  0.24101562813195357
  0.25153992169054284  0.26208358893764833  0.27262182599149865  0.28315502353879796
  0.29368617858226737  0.30421671170070302  0.31475111414003060  0.32528169979558696
  0.33581886938962513  0.34635544665945206  0.35689687193387254  0.36743653076765387
  0.37797980207051901  0.38852274926568442  0.39906920467261997  0.40961607898366925
  0.42015796717257542  0.43070153285282825  0.44124546072706655  0.45179146584511254
  0.46233534888952782  0.47287809370732409  0.48342397855659502  0.49397345938810244
  0.50452358501343630  0.51506853342813497  0.52560976230078393  0.53614211710076809
  0.54668163831452332  0.55722482322791012  0.56777103299910070  0.57831073723087978
  0.58885149784046686  0.59939216914894911  0.60993077758132808  0.62046920985670551
  0.63101298605250022  0.64156566048099917  0.65211614216520097  0.66266461805415144
  0.67321125417499073  0.68375356513224550  0.69429834639172772  0.70484241738925957
  0.71539011128807806  0.72593193806066281  0.73647748061243112  0.74701472440807803
  0.75755390364807584  0.76808979508564579  0.77862998129657024  0.78916767761067763
  0.79970583195886324  0.81024934469622256  0.82079316274506653  0.83133267570732250
  0.84187212145974777  0.85241541471261517  0.86296466926101389  0.87350296136162209
  0.88404474192430182  0.89457946668907407  0.90512683309895015  0.91567120503868993
  0.92621902730525763  0.93675817615996293  0.94730040809322835  0.95783423235483633
  0.96837481115718860  0.97891207344190090  0.98945684516806154  1.00000000000000000
 -0.00247468137437264  0.00950564634264281  0.01966744526503098  0.03019302612034919
  0.04073892061892693  0.05128396406597500  0.06182499522551103  0.07236581067561934
  0.08289344558261427  0.09341887044043969  0.10395322192864978  0.11449738958333316
  0.12502466461875925  0.13555066787276798  0.14607793485467616  0.15662763305902772
  0.16717875227312085  0.17771667428258470  0.18825105251864399  0.19878715071761663
  0.20932574151938027  0.21986521117526933  0.23039637555577705  0.24093793124043686
  0.25148223395656666  0.26202987190483623  0.27257925956146206  0.28312652830276708
  0.29367686648945113  0.30421954338408497  0.31475633747496012  0.32528745738698167
  0.33582658049583652  0.34637217059497977  0.35692501885193945  0.36746957918642842
  0.37800777179775846  0.38853935969370001  0.39907948273763255  0.40962691260360690
  0.42017189804156818  0.43071254411380078  0.44125401073842224  0.45180211928590064
  0.46235271241265330  0.47289905973318752  0.48344311455220595  0.49398859691927116
  0.50453839298482783  0.51508845864891084  0.52563504852565335  0.53616970490341864
  0.54670843085988419  0.55725102988981778  0.56779844874028784  0.57834610174906198
  0.58889398919784375  0.59944313005074834  0.60999142671144913  0.62053405329385480
  0.63107154740610882  0.64160813776811598  0.65214766024207660  0.66269893015449155
  0.67323705511949949  0.68376767489744184  0.69429799679310433  0.70484269040165926
  0.71539761910234101  0.72594741685948661  0.73649561594608326  0.74704324410649692
  0.75759302018012720  0.76813085789091695  0.77866121674298494  0.78919179376257198
  0.79973651382526445  0.81027898176724700  0.82081851783841919  0.83134655991696227
  0.84187178937077578  0.85240027307069577  0.86293265398898911  0.87347874628004551
  0.88402429064900589  0.89457460501682484  0.90512695138119659  0.91565707568370103
  0.92619174438359764  0.93672110804179720  0.94727495136444773  0.95782113212494946
  0.96836937438636428  0.97891207594149843  0.98945795417324589  1.00000000000000000
   1.2070915761162797E-009  -1.0000000000000000     
 T F
  <DiscreteSampler_grid>
  grouped_processes
  1 # 1 for a reference and 2 for a running grid.
  10 # Attribute 'min_bin_probing_points' of the grid.
  1 # Attribute 'grid_mode' of the grid. 1=='default',2=='initialization'
  0.0000000000000000 # Attribute 'small_contrib_threshold' of the grid.
  0.5000000000000000 # Attribute 'damping_power' of the grid.
 # binID   n_entries weight   weight_sqr   abs_weight
    10   10   1.946898240000001E+006   3.790412756915101E+012   1.946898240000001E+006
  </DiscreteSampler_grid>
