  0.00936651504939715  0.01613391206121395  0.02668893884305281  0.03800678461228330
  0.04924539301851753  0.06039011087330297  0.07072817506221882  0.08154865932216376
  0.09212081653680411  0.10356643740941944  0.11410637919974034  0.12495194311586755
  0.13543554020033086  0.14522371936411227  0.15504976451286392  0.16473753406526312
  0.17482327842097756  0.18476535928586763  0.19453378829913315  0.20454368839688075
  0.21473554478093060  0.22538597529978607  0.23665978658231740  0.24832752242120262
  0.26006238400562065  0.27147050635981146  0.28242482618252762  0.29299409173892588
  0.30299185463241740  0.31324121364458918  0.32380268579373334  0.33527864470447277
  0.34649320411983792  0.35719527617985297  0.36756453925088495  0.37779573780303671
  0.38748548851749637  0.39694402817765484  0.40625338286962043  0.41567649875834450
  0.42534061711155463  0.43530348369929006  0.44503027983920385  0.45415497761961393
  0.46322597022066975  0.47260497066518109  0.48210681234540970  0.49148755410245965
  0.50140718717341448  0.51210397473220337  0.52333488862882949  0.53433917750675408
  0.54569317611411183  0.55747223716378669  0.56940281468842358  0.58092369147638290
  0.59173443426806271  0.60219508282938339  0.61300096860390740  0.62444138164595131
  0.63622451567243576  0.64780544720397482  0.65899601954432596  0.66974720510659702
  0.67994498474203358  0.68960707255587195  0.69900265346496548  0.70872218864822023
  0.71915083781512157  0.72976116512323619  0.73961673207564338  0.74875464702091976
  0.75810613517856207  0.76752634813468479  0.77724612239281810  0.78713413249288666
  0.79795541396767788  0.80960498027733374  0.82118485358101900  0.83228299838991460
  0.84308300135509495  0.85406119171004624  0.86547765087604311  0.87653988037400243
  0.88721105134929568  0.89783215224478441  0.90850424242934602  0.91927522773781811
  0.93016171156776795  0.94082848767931226  0.95098854346876582  0.96093176730705532
  0.97123894007371725  0.98140967751089914  0.99140777957597648  1.00000000000000000
  0.00113712502748837  0.01966774383476383  0.03664219449426417  0.05049238064402141
  0.06196896229137381  0.07292587867811844  0.08350634559999549  0.09438225822584906
  0.10520197724920319  0.11576920520544863  0.12612167612378702  0.13606901884730324
  0.14640885085961941  0.15633203141876853  0.16632551611699831  0.17619689892938878
  0.18588729515644070  0.19628984505465102  0.20676261838648208  0.21838691356253873
  0.22959670320422593  0.24042452592420552  0.25075927826577443  0.26076900547487741
  0.27100983927633582  0.28109356382280104  0.29110868490233122  0.30102264378529497
  0.31114158343525911  0.32182275224894408  0.33286293673251260  0.34391747709824838
  0.35448545068623993  0.36447844002651586  0.37403703265313781  0.38355068218077182
  0.39311536381096085  0.40311233204422509  0.41252473675238088  0.42226464396133545
  0.43233531183057861  0.44265005314400491  0.45316401517599819  0.46397737528213479
  0.47496531385651480  0.48530238021768679  0.49538337699397555  0.50545655771898634
  0.51598882240149901  0.52596340061797064  0.53565753455977394  0.54544345529817151
  0.55549406383193700  0.56589512250274854  0.57608199917394243  0.58653421229662883
  0.59702875384275045  0.60749139048992296  0.61786718146958131  0.62799305432684782
  0.63797863915207575  0.64747704986705157  0.65655844927243912  0.66589096657609648
  0.67554203811110536  0.68482491266924406  0.69375804291275600  0.70261938913010635
  0.71229409391422793  0.72318873254595573  0.73418152589507812  0.74422255623845024
  0.75417506254052569  0.76446148177339845  0.77518504340586591  0.78557452398080896
  0.79557964460230413  0.80614152448867060  0.81745022813359758  0.82785440687740341
  0.83793978589554596  0.84776600741287955  0.85826285749852760  0.86855176620622976
  0.87866142748482157  0.88813654260529395  0.89761778982514007  0.90801855445691881
  0.91890457373157697  0.92948104838285650  0.94045947012830389  0.95136553343288921
  0.96214144723979833  0.97222058377526110  0.98226140553221275  1.00000000000000000
  0.00000003502211234  0.00000395591051126  0.00000753112074846  0.00001203999552054
  0.00001657932198206  0.00002138322257609  0.00002725127902835  0.00003474680582548
  0.00004433362599492  0.00005650658455364  0.00007119969607654  0.00008623587239389
  0.00010112379942738  0.00011657163909230  0.00013293329635507  0.00015039941635782
  0.00016911538467879  0.00018895229069959  0.00021038707848930  0.00023328186918086
  0.00025659228921228  0.00028023240841901  0.00030454291330718  0.00033039412808080
  0.00035821465520730  0.00038766112644233  0.00041790656631952  0.00044797295964245
  0.00047905842078511  0.00051206125660514  0.00054567430289615  0.00058161256979731
  0.00061973629481476  0.00065943041634708  0.00069759490846168  0.00073624529885741
  0.00077678453335451  0.00082107889063441  0.00086972659023326  0.00091851070257631
  0.00097070273677054  0.00102715485999909  0.00108722079266906  0.00115194272214626
  0.00120238746473166  0.00125931427818805  0.00131542159725487  0.00137421390968445
  0.00143656603543945  0.00150255103666651  0.00158049391682236  0.00166158648635848
  0.00175304295412570  0.00185208573579432  0.00194646382713862  0.00204236648739172
  0.00213829864265515  0.00223914813385399  0.00233522018138793  0.00243098255728606
  0.00253278628799213  0.00264499384097233  0.00276722890375611  0.00289710241764829
  0.00304171202250245  0.00317626173902094  0.00330678650132781  0.00343590068318790
  0.00356476409959599  0.00369062337187099  0.00380945079689930  0.00393768249566239
  0.00410252748598578  0.00429145308977249  0.00456654211436508  0.00485875394711781
  0.00521349428713870  0.00551455895667744  0.00578566644793835  0.00610147208336467
  0.00646704549904086  0.00688031592863934  0.00727106224162158  0.00764683675028094
  0.00850679648953997  0.00945239440239589  0.01043240670304208  0.01114858991953635
  0.01179180113812517  0.01229914039109144  0.01285049518008241  0.01358766875786764
  0.01445922360054119  0.01565438521949786  0.04769876422368577  1.00000000000000000
 -0.00284827127431695  0.01054566382634342  0.02133848785220118  0.03179036760470810
  0.04237675312544671  0.05285120698364271  0.06355623900935482  0.07332541210122549
  0.08308965763862620  0.09306153064249664  0.10323579324902764  0.11291628501305469
  0.12217328307901339  0.13185109164334277  0.14211270911782431  0.15260466903249967
  0.16322447733285064  0.17393453705398931  0.18482100309485305  0.19559252798987853
  0.20703411862371995  0.21934054443701195  0.23137324603906714  0.24211630256330666
  0.25275424824602616  0.26308141950910185  0.27384956212971634  0.28451009948344391
  0.29534610005807160  0.30622601461863352  0.31717513604326802  0.32799161244335251
  0.33868272596114518  0.34938092948978283  0.35997227267365584  0.37080589763909055
  0.38179839407023530  0.39297760241578222  0.40334961310388640  0.41312399402972649
  0.42306225562919803  0.43334774167883749  0.44349867731761605  0.45358336058918580
  0.46403720386714675  0.47457312922089129  0.48446312117846452  0.49400465795422316
  0.50388094488643065  0.51399985120861835  0.52417297093449444  0.53436517285277607
  0.54500955238445481  0.55621800155129064  0.56726761690009708  0.57808522695322828
  0.58872950708248428  0.59910160776684684  0.60977102013216977  0.62044414146338711
  0.63074773829501329  0.64115462093256081  0.65176646234332325  0.66276136682058062
  0.67402965958197103  0.68522014190175329  0.69621705946233370  0.70710608666933239
  0.71816314303374651  0.72905575201853345  0.73892491812868899  0.74851970277662827
  0.75811240526146928  0.76799422052376642  0.77807663486364775  0.78790735787371247
  0.79800536774559427  0.80830694555158722  0.81891066047668792  0.82946101561475527
  0.83940633930477659  0.84925986761019090  0.85887319877483725  0.86862565861323060
  0.87812587562710798  0.88832631803392548  0.89936739893897788  0.91117690039088350
  0.92263244483563434  0.93372437851550738  0.94422525821179148  0.95481786772008381
  0.96604770996832234  0.97773518934718706  0.98891743251036968  1.00000000000000000
 -0.00239303437935844  0.00957720577640291  0.02084235142086275  0.03227741884356699
  0.04431768965586737  0.05638511649958001  0.06781713975864086  0.07818525647023895
  0.08823557445886432  0.09800101977029788  0.10784749500843305  0.11771273013081771
  0.12763363012642776  0.13776744560214010  0.14810148445771376  0.15882559054634726
  0.16941311789644217  0.17907603386406018  0.18857151118600152  0.19848747179249407
  0.20893232618827540  0.21954097062206349  0.23020239969001635  0.24085278038725350
  0.25190468885181794  0.26314366484795693  0.27435787942275236  0.28499647528927996
  0.29533929974968370  0.30599811314404207  0.31684869577170000  0.32771485340759615
  0.33821577753887910  0.34804564480062250  0.35747990859337087  0.36667204289492361
  0.37588344864764217  0.38519864730848918  0.39470380982139197  0.40488112127811282
  0.41538466195775736  0.42600195948307829  0.43664504592809605  0.44745104926731633
  0.45850294580449646  0.46974381296849316  0.48064908166272358  0.49112953358981376
  0.50167343650619434  0.51271125002627549  0.52400458934644856  0.53490356328641897
  0.54555129994653973  0.55586646679202800  0.56598856863891345  0.57630430213558403
  0.58716381469470069  0.59854731525241989  0.61002579192316275  0.62174603602163170
  0.63346520233379833  0.64479503252670101  0.65604222873329743  0.66736427775689622
  0.67854813029769245  0.68932922386859385  0.70004401840763941  0.71062427504778258
  0.72136876729109023  0.73199961646814760  0.74235504568984723  0.75288198578287258
  0.76328527328171836  0.77397830022359559  0.78396801162740692  0.79367573959252558
  0.80346060468604064  0.81333465085165391  0.82336162369777610  0.83323565301476099
  0.84313943202390973  0.85302532864834668  0.86277589991058867  0.87245755551164905
  0.88224977577433650  0.89211201356356584  0.90218057387927686  0.91225362178028435
  0.92225387518368596  0.93255654020293932  0.94295705218371761  0.95351902504403641
  0.96467408246476760  0.97622829847571735  0.98838312930990468  1.00000000000000000
 -0.00306531793570746  0.01173904399431231  0.02351204191765921  0.03435443380328474
  0.04479143931607719  0.05467410612905450  0.06463014661723791  0.07446490221696606
  0.08472565428485136  0.09503794405694958  0.10564278831913494  0.11646076633180487
  0.12746237870848007  0.13846836489656564  0.14950593014211572  0.16054997553432751
  0.17179575485499937  0.18328048345767084  0.19470807843845275  0.20594916623094636
  0.21724115611603326  0.22843571342986721  0.23953075762562184  0.25052969337545050
  0.26116098621201084  0.27189200892194193  0.28327110404564204  0.29566008853030118
  0.30804993994892532  0.31989396828907762  0.33107802441006906  0.34219192871988763
  0.35384764190166679  0.36615132089682578  0.37867464044694532  0.39082558567406595
  0.40261015605223449  0.41417164271944901  0.42456879588792756  0.43453029463999637
  0.44504386858700151  0.45580206907595522  0.46542318848167996  0.47434816236252197
  0.48389138220336625  0.49498109584126260  0.50595361634587366  0.51634046522838972
  0.52674247468169078  0.53743241273688580  0.54775729505301241  0.55769816320623478
  0.56760346753934821  0.57755700501196150  0.58740744847070947  0.59703902969859135
  0.60703467725617433  0.61788811637051355  0.62875857350496844  0.63920950403521726
  0.64954325215432107  0.65983648966900110  0.67032543737602734  0.68110041342303884
  0.69205145699473736  0.70330416609496793  0.71408906372586456  0.72406427787323824
  0.73401834484138850  0.74339053203732641  0.75286233120688228  0.76270094036876213
  0.77298290357372634  0.78381914051460611  0.79443554899235436  0.80470806901121172
  0.81464452733297421  0.82435686391915075  0.83407985716384214  0.84398390392387024
  0.85414340471332828  0.86468100803075898  0.87496656562029584  0.88469541570570676
  0.89441607115890776  0.90429495711909025  0.91430895560784609  0.92413302951444531
  0.93399521089047777  0.94379436705976061  0.95366474581108440  0.96299754285983163
  0.97222353304080178  0.98159966535971455  0.99074362412902817  1.00000000000000000
 -0.00201594187821100  0.00981527456383825  0.02026763871972471  0.03086168146781738
  0.04099455140813740  0.05072278054665274  0.06055976454864440  0.07088983575345331
  0.08127471757371407  0.09223781683306674  0.10327635327638254  0.11438030881418104
  0.12542665834934832  0.13652488588186940  0.14812330193203874  0.15990118743986964
  0.17116383322401929  0.18196012907460177  0.19268265336908250  0.20349110704154885
  0.21426960854273774  0.22491450337844060  0.23580835987426205  0.24638711510484021
  0.25652524220508538  0.26647062934294785  0.27653149029539664  0.28618818398644930
  0.29596073630753378  0.30602961740651324  0.31644882243091854  0.32651219411634430
  0.33663847532756069  0.34751573994387880  0.35860435951682679  0.36951344532319086
  0.38009760996148118  0.39027829448741330  0.39996996989464839  0.40943093643688888
  0.41933805612774949  0.42966511494250120  0.44043044435940820  0.45143448923446361
  0.46224248003351415  0.47295089392903344  0.48346624872334937  0.49340773476079564
  0.50259677106644829  0.51145968724849433  0.52088034009945317  0.53147426319738666
  0.54275870492443246  0.55389595701285466  0.56496388780138773  0.57636985856911005
  0.58805709401585771  0.59976301920974440  0.61120544374885577  0.62189189156783264
  0.63228488448725562  0.64264856708614004  0.65321921446440923  0.66410969799577535
  0.67467859881849490  0.68519344892891321  0.69577098639974544  0.70634117614988334
  0.71710876280498781  0.72765016648564229  0.73835112110375467  0.74905557474856044
  0.75965627317458650  0.77021384526818182  0.78026138367940645  0.79024276654876358
  0.79949751094327448  0.80892667354513226  0.81913802915467648  0.82983997441612622
  0.84039513225209073  0.85014470339227877  0.85977928503364420  0.87018229076127829
  0.88120677564252514  0.89316190936272088  0.90424969344288475  0.91590081949201874
  0.92654138533050934  0.93762308474550637  0.94848026769150262  0.95966024344397571
  0.96978090195498168  0.97952780145991836  0.98958392659980254  1.00000000000000000
 -0.00293618829229268  0.01037160448899098  0.02137626368984442  0.03214045025893717
  0.04291921074201312  0.05386015232893146  0.06446023934995133  0.07451129249280963
  0.08456744886635335  0.09457530995180641  0.10413780429906305  0.11307710982874529
  0.12184682169141559  0.13125113528271345  0.14159840028776313  0.15246372925393839
  0.16326435302489464  0.17392680803079441  0.18454116030490564  0.19513807698522573
  0.20568448558759039  0.21619146611989695  0.22658360619956858  0.23718359515030910
  0.24756859963783001  0.25747795779374461  0.26725765619077896  0.27683050644297236
  0.28646119481061122  0.29606407344728242  0.30579686100734416  0.31553643356917327
  0.32534793098903547  0.33504794075300937  0.34456123298225244  0.35370954891438716
  0.36264596889282524  0.37197706679859155  0.38193019839825015  0.39265171585189684
  0.40300713193508075  0.41364552481322087  0.42415232743558368  0.43433060425699926
  0.44429670231823676  0.45450356358403998  0.46559494742641472  0.47805712741907275
  0.49051073121482736  0.50287830997259420  0.51413765627372476  0.52540711156551423
  0.53623787123684374  0.54681797651177133  0.55732635209417769  0.56823494336165958
  0.57951133409435773  0.59051486861972913  0.60112661233168618  0.61156499318923319
  0.62184734503228289  0.63252888295827614  0.64329184655271954  0.65427336449647999
  0.66509752063549621  0.67569853804961222  0.68617376696079280  0.69661410557599635
  0.70774456900954130  0.71950456383661832  0.73061158436259621  0.74118295574398330
  0.75177042007087436  0.76312658517031950  0.77409452652819821  0.78463148468175137
  0.79519693466616370  0.80596709125980004  0.81645883467734304  0.82715453166157227
  0.83773444232258398  0.84801292575531884  0.85849013450785883  0.86956060730495954
  0.88108996484376401  0.89193709801936594  0.90283172305144699  0.91386530023066770
  0.92526130368175685  0.93651887884909923  0.94751979551818677  0.95875179820678835
  0.96991306578274938  0.98075713368806261  0.99066216462568413  1.00000000000000000
  0.00186862435979019  0.23536297096465653  0.31737258492283710  0.34630286054289211
  0.36730204726024884  0.38511513021230470  0.40077631482641446  0.41489099213933611
  0.42820219999023901  0.44094318555208462  0.45311682814395704  0.46522015708150738
  0.47690237302339838  0.48794378713233683  0.49830342410141215  0.50829340062345085
  0.51799812100227505  0.52768271069837525  0.53739104874134069  0.54680968345738512
  0.55633171249806368  0.56566083940289391  0.57477281446019624  0.58343864330185824
  0.59163007932337774  0.59947526913044669  0.60716246437556964  0.61480944300246976
  0.62255130218826638  0.63017685274733626  0.63771470231036886  0.64509610146546614
  0.65275869219709703  0.66049289037209391  0.66805680528562039  0.67564201764636744
  0.68306217562349947  0.69053059767041325  0.69801820309776252  0.70529858045999516
  0.71211118787724903  0.71835915677238937  0.72450007444656572  0.73075542032964524
  0.73704780453765006  0.74333063523956355  0.74942339248878564  0.75535653578801787
  0.76129246093762082  0.76739831909209899  0.77352825163930061  0.77954106674937995
  0.78536501325094021  0.79107855830646323  0.79669950167527481  0.80219932478102518
  0.80757824832539871  0.81283315084242092  0.81807655804880475  0.82341428876889211
  0.82888075800483274  0.83430376738474088  0.83976622264865453  0.84519908745171080
  0.85059733611444521  0.85588130077854740  0.86099957015645701  0.86599359971859269
  0.87089786568528360  0.87576732374518507  0.88080896034020051  0.88588576454852019
  0.89099690574178303  0.89613906421302347  0.90116003229505359  0.90619277381663144
  0.91141273611650375  0.91665383264727995  0.92170651850314156  0.92647966600917553
  0.93104787945346523  0.93556514839350324  0.93989945767658067  0.94425620985633263
  0.94877782215855022  0.95318284290335553  0.95740316832291694  0.96158891679666358
  0.96574018853659660  0.96978292785362896  0.97374008381520183  0.97781057751277922
  0.98256131183935136  0.98758801369170512  0.99372362344787102  1.00000000000000000
 -0.01982152656063342  0.12864880762638242  0.17604472107240163  0.20497617780020991
  0.22822966870722011  0.24861824356869899  0.26644625309595382  0.28286848818459387
  0.29747848926357268  0.31041716271836950  0.32262325735626446  0.33432769922144606
  0.34517426295195186  0.35575491387585911  0.36587804146974040  0.37569095804985408
  0.38562485165919280  0.39545617078453538  0.40519438024512994  0.41414440319664075
  0.42325062428793603  0.43225047411509387  0.44093904023381303  0.44932291053224899
  0.45729780613350657  0.46473934131908168  0.47194035204099727  0.47911693722308696
  0.48624657708825608  0.49346431668169272  0.50063293390158170  0.50746350170535481
  0.51401165864084097  0.52044157849535233  0.52691614735709069  0.53362075533748199
  0.53991096464037380  0.54621443099994693  0.55240497937906974  0.55852421781582806
  0.56492728252682245  0.57131497143531973  0.57786349429234585  0.58434096700446214
  0.59050001604249813  0.59642341670813437  0.60242210589171852  0.60858180336373469
  0.61481291352555456  0.62081676888115855  0.62673017507588313  0.63233441387073652
  0.63823807725826776  0.64400055768003628  0.64941086319108221  0.65457114333468402
  0.65964183453758241  0.66470340611153933  0.66980138016520885  0.67503234914929522
  0.68027464690370820  0.68565565234801817  0.69119168537030196  0.69671320283539573
  0.70233333251599162  0.70793268523082697  0.71365122787721025  0.71923549935500986
  0.72444100283069934  0.72950588123820259  0.73476427469137129  0.74024763125039650
  0.74587252674961024  0.75152138298233950  0.75702005842091491  0.76241568020106476
  0.76767872264584036  0.77284424863002288  0.77816157436909339  0.78357099430247601
  0.78934700303868566  0.79521686870973685  0.80120070296890089  0.80744995553207355
  0.81432084147063222  0.82202338135645225  0.83006308670089957  0.83816681327592446
  0.84667883517118436  0.85571831818326405  0.86556172192135661  0.87669726810106285
  0.88961752094275170  0.90645003920452794  0.93396080544517690  1.00000000000000000
   1.0111030438242761E-013  -1.0000000000000000     
 F F F F F F F F F F F F F F F F F F F F F F F F F F F F F F F F
  <DiscreteSampler_grid>
  grouped_processes
  1 # 1 for a reference and 2 for a running grid.
  10 # Attribute 'min_bin_probing_points' of the grid.
  1 # Attribute 'grid_mode' of the grid. 1=='default',2=='initialization'
  0.0000000000000000 # Attribute 'small_contrib_threshold' of the grid.
  0.5000000000000000 # Attribute 'damping_power' of the grid.
 # binID   n_entries weight   weight_sqr   abs_weight
    10   10   6.666591037309387E-002   2.484304716772640E-002   6.666591037309387E-002
    11   10   6.666591037309386E-002   2.484304716772639E-002   6.666591037309386E-002
  </DiscreteSampler_grid>
