  0.00307847223799917  0.00852422850125137  0.01502162583639307  0.02307934832954013
  0.03393096064796185  0.04461504557031925  0.05545596412278202  0.06607649954168066
  0.07649654915956983  0.08666650459311723  0.09657950040313390  0.10658085948565005
  0.11662777094572516  0.12667422845254128  0.13687039910497378  0.14723883988506659
  0.15813243717308975  0.16906191344463128  0.17993537209893995  0.19115606288805531
  0.20272496456393294  0.21431901282865495  0.22552788531902523  0.23643680933472316
  0.24742965263331176  0.25834188644033440  0.26919381266465925  0.27967594783302174
  0.29013393895722345  0.30082864991067793  0.31170392060662311  0.32263788746205319
  0.33347936450240012  0.34406897046170287  0.35439622087168204  0.36467351951176635
  0.37507071931457397  0.38577508755041523  0.39674213377416756  0.40800210497570388
  0.41937114647573032  0.43055866657664998  0.44135175295095835  0.45185507011853915
  0.46233398484803262  0.47277735971073831  0.48310038617586171  0.49333042972599328
  0.50358594256932010  0.51400527767734705  0.52446693455745885  0.53481809075387543
  0.54507743534754227  0.55539752083892935  0.56600143798428848  0.57694617579923424
  0.58798860137329301  0.59906565328173389  0.61019095044374128  0.62126885297677781
  0.63194606855214808  0.64222067182821552  0.65258191100027074  0.66319502571212041
  0.67369820824706916  0.68391800743337861  0.69403919221693766  0.70440031245113921
  0.71471377965953509  0.72497555879288222  0.73505253471691756  0.74509794133350771
  0.75515292495615283  0.76518601505661143  0.77538245351173052  0.78576638274109656
  0.79657252394653655  0.80722705724286214  0.81764216611438789  0.82770735390382466
  0.83796285600819431  0.84886839436222161  0.85990097279555677  0.87129331796469922
  0.88220248433789938  0.89281936705206033  0.90345506540091880  0.91408890753841210
  0.92456457849348372  0.93487325941868260  0.94520221126870607  0.95601823555107623
  0.96684877061807073  0.97802101063571867  0.98892561834715553  1.00000000000000000
  0.00953685565500815  0.01632374650887125  0.02610069381693626  0.03777405689931918
  0.04844186215131628  0.05875819544623339  0.06920659893906042  0.07925806157984557
  0.08691243109514041  0.09432019175780641  0.10159603255228855  0.10891078387959952
  0.11916332294480855  0.12974804342808113  0.14075745457296890  0.15144024763761252
  0.16189492599133484  0.17222700539783864  0.18236539656403661  0.19224129576174445
  0.20210844843990070  0.21224124325146790  0.22266996573687342  0.23303269432339374
  0.24341623074675425  0.25381956155852486  0.26456920538368844  0.27539561093388948
  0.28604450285995120  0.29656190772296964  0.30706119377311830  0.31762934526658415
  0.32819134119991006  0.33883921120258348  0.34964524391458601  0.36028655168650386
  0.37099705241079017  0.38155714321580098  0.39220663220256574  0.40270816033516627
  0.41369697581248926  0.42464532925308646  0.43556922579074941  0.44663100831573260
  0.45774508403267367  0.46815642755798598  0.47840896588339699  0.48859973621866892
  0.49883189747569939  0.50882400026159480  0.51880079353569275  0.52904330104576502
  0.53926978993286478  0.54963047855746550  0.56002794487994978  0.57062668416078399
  0.58113922065754142  0.59155904946219340  0.60194905175826374  0.61244729810605492
  0.62304403707614442  0.63381726643058856  0.64460168579110710  0.65540646083494136
  0.66594054013239723  0.67612028086237219  0.68621677896798194  0.69632259698629362
  0.70639570696299137  0.71664070005766500  0.72712154845986265  0.73807811742161300
  0.74928835924686554  0.76011235989371384  0.77064332398738467  0.78060282071161646
  0.79079955704792748  0.80095555988804257  0.81124899579173282  0.82171420303871856
  0.83230794530813323  0.84303082392092021  0.85365269795360066  0.86441470708339296
  0.87545457336608812  0.88628631538324554  0.89714913143332764  0.90739316503464307
  0.91791783255162118  0.92810358985348895  0.93811039293953546  0.94834104320272794
  0.95886473138285444  0.96956004143373453  0.98032214008323471  1.00000000000000000
 -0.00177825043132462  0.00815392266042327  0.01712796350270330  0.02619636784018340
  0.03511832672642442  0.04411946880885034  0.05326659456515782  0.06243438270717535
  0.07161869525863084  0.08086491439000026  0.09049418384267315  0.10025428392042685
  0.10995479126174894  0.11950635499462360  0.12907123876541027  0.13702073207513293
  0.14468813711976752  0.15252936390323538  0.16054593892336383  0.17111225918644221
  0.18226176008249523  0.19372840143402664  0.20544820744873452  0.21698532920506669
  0.22852033110576925  0.24047502410072255  0.25265258506599159  0.26502691066219847
  0.27747077229591272  0.28972070502942560  0.30149980045622643  0.31291101942686883
  0.32494953223589884  0.33730198637553344  0.34984157040956781  0.36244058240091093
  0.37502018525009534  0.38746088277326746  0.40015387724016471  0.41341797167290645
  0.42678351938697257  0.43957991071133096  0.45192655210940630  0.46413477177948592
  0.47638567968611112  0.48872346935735905  0.50106178181124861  0.51342025701700611
  0.52620988357060061  0.53917452227761409  0.55198985628204655  0.56448429732850047
  0.57719512830445097  0.58968939691987310  0.60200893957264290  0.61427355822988927
  0.62681195587239313  0.63927021472550338  0.65121691507372748  0.66269311034403666
  0.67422684979172454  0.68592958204709353  0.69738973654714675  0.70868894219942680
  0.72008971754837758  0.73142199680949793  0.74256617602813280  0.75335644729847073
  0.76371615772294599  0.77366134192114433  0.78333799772826307  0.79294904308486935
  0.80254808306759740  0.81212946769605610  0.82169837955521741  0.83128998076952432
  0.84078103860565179  0.85009203705428371  0.85921872557936274  0.86814202284797082
  0.87704596360324871  0.88583606142979654  0.89452433926702313  0.90308986687372039
  0.91142206451838603  0.91967813874237336  0.92788632861460008  0.93603567938006504
  0.94410027288976539  0.95211104717745931  0.96016894092284943  0.96823858405585017
  0.97626602662737916  0.98423029261575257  0.99212257723897679  1.00000000000000000
 -0.00186879888697594  0.01102645166812573  0.02176840577090355  0.03285676572124790
  0.04345136849663802  0.05426705998396488  0.06509503507369592  0.07641949528406985
  0.08757887107756521  0.09852036619589506  0.10940138216771801  0.12048082382175694
  0.13122388650017502  0.14165296854848547  0.15198393555877118  0.16251564446499694
  0.17290030282981225  0.18311091098366603  0.19342103030590951  0.20383305663020532
  0.21444797446053043  0.22509668507046476  0.23577049673540651  0.24648501928216410
  0.25726595696735943  0.26820289116926604  0.27892038629496774  0.28961232933035147
  0.30025166998690223  0.31082439534497336  0.32159066204297365  0.33246600465562298
  0.34359085582439242  0.35422362548352182  0.36458677024250791  0.37483100242885437
  0.38513095872609882  0.39561939154572667  0.40604443230043608  0.41649128558265552
  0.42711369021409651  0.43786511050157806  0.44871024649406888  0.45925654737277871
  0.46972617005279815  0.48035945732201424  0.49121429585792370  0.50200676826383428
  0.51229488330113215  0.52251020390726877  0.53274669505815098  0.54302026743037035
  0.55334665416373596  0.56370230504199703  0.57442051994009047  0.58534853034696721
  0.59579245052901686  0.60484238457907546  0.61363673257139473  0.62251823059776012
  0.63272296000330042  0.64360507080350926  0.65402701167751931  0.66432697595010537
  0.67478536286205715  0.68532378644502956  0.69592708958347294  0.70671188238476357
  0.71781716564430398  0.72884716906565328  0.73956104370637699  0.75008433380757644
  0.76063595174914200  0.77115081994275225  0.78155669914967552  0.79214641452418622
  0.80279525034089816  0.81365360005166865  0.82434729513609473  0.83494859395196785
  0.84541777913863392  0.85565963963181746  0.86607469333163056  0.87654765483286157
  0.88701440016028521  0.89714985067280240  0.90721778508455908  0.91720816291668616
  0.92748854289832783  0.93794695383745985  0.94860648679840809  0.95924432710770569
  0.96956710617374386  0.97986987724968444  0.99009745389846349  1.00000000000000000
 -0.00221064022943882  0.00991525532956640  0.01999563127544304  0.03051862800147907
  0.04106117475275872  0.05219125310560812  0.06337654366411676  0.07451446963104762
  0.08530337679087374  0.09618734167525604  0.10719957990393723  0.11860917822398838
  0.12964780381100921  0.14035469433076356  0.15065816672416626  0.16101710111732717
  0.17109747588825405  0.18084403271764463  0.19045724928264021  0.20010511112460783
  0.20997634223755929  0.22023582849526738  0.23054869586670018  0.24092458042240447
  0.25131514666618848  0.26164064208262977  0.27208617754710540  0.28221759218491188
  0.29256280659325423  0.30270547858601166  0.31296490497125240  0.32321569543452433
  0.33356488970835824  0.34388935693544515  0.35444241319776598  0.36518953863666537
  0.37596098009041445  0.38652421752484550  0.39708085984507502  0.40748306653816324
  0.41770578229262956  0.42784700214382160  0.43822268166671047  0.44905876488518959
  0.46010186326263525  0.47111193231724058  0.48194300850198557  0.49269871362782564
  0.50212226467868160  0.51049781237618952  0.51883196862951320  0.52722646083319569
  0.53762496092422996  0.54893916148577448  0.56005459933052593  0.57077358501686848
  0.58127260213876464  0.59185567774388059  0.60244375558441055  0.61270296436051463
  0.62286046679266893  0.63319311088574626  0.64373577547584049  0.65441247185485285
  0.66508494421999365  0.67609058978778047  0.68712357758111220  0.69851047292753543
  0.70951865747493836  0.71979072950655676  0.73020954724377096  0.74085174608863891
  0.75125222927251600  0.76114651717852722  0.77108393999552116  0.78181838202641885
  0.79272850692032515  0.80375101105241709  0.81455137551791634  0.82541700390900263
  0.83633228656033753  0.84738997728483190  0.85859817052327403  0.86928377911105048
  0.88030758349097027  0.89106920701946135  0.90172805192140226  0.91244156933487253
  0.92346716648649763  0.93468838008972055  0.94544514497001819  0.95618420643423085
  0.96723722262530598  0.97826845580888466  0.98932754913460308  1.00000000000000000
 -0.00211825903779740  0.01008203943959613  0.02024851806806852  0.03093291835192355
  0.04138261901017097  0.05207947344973712  0.06266484744451546  0.07335482962691982
  0.08406004925816747  0.09474113580677411  0.10542611190670195  0.11573563369271793
  0.12589614588230669  0.13612982436368226  0.14649893269319639  0.15724570690087633
  0.16796407126930671  0.17861467079274176  0.18903442305911700  0.19932180820111242
  0.20978238236131241  0.22040328060397807  0.23124641272098234  0.24224675727170647
  0.25291828950008410  0.26342818066899992  0.27404048090630789  0.28495479155003889
  0.29587121841469877  0.30684569561257802  0.31786419093974938  0.32883837298885649
  0.33915878016704054  0.34904764480495143  0.35902846369384639  0.36929835132391953
  0.37970884824362722  0.39014348720641162  0.40064296024952289  0.41133138651077228
  0.42204275792788343  0.43262200390527900  0.44309876516100988  0.45368997673651623
  0.46446208699305908  0.47523101726860623  0.48574217414342263  0.49621128412320320
  0.50677370088257934  0.51748344629680076  0.52817650678144645  0.53890396109654026
  0.54949774257344819  0.56023638522916297  0.57115977979316046  0.58212925455139841
  0.59300782525800710  0.60357685221512025  0.61392486965785031  0.62414124641013979
  0.63454584703942285  0.64532685780103871  0.65614970134940231  0.66692905210110931
  0.67761615814252285  0.68831855571633649  0.69921845423143403  0.70999482193343366
  0.72053881162700362  0.73120300697586738  0.74203915766925399  0.75287792674978438
  0.76340106937856178  0.77391048509073046  0.78459763341462641  0.79453431325152202
  0.80345594188014602  0.81244132889451681  0.82115918662490217  0.83117072100423772
  0.84169755552722680  0.85199612095609600  0.86253977870100618  0.87303112774382829
  0.88357406523746673  0.89409721744101800  0.90454543478648353  0.91497758314934374
  0.92578683252981353  0.93664773947575031  0.94765906132628475  0.95836281206390239
  0.96863798561058345  0.97889879449435824  0.98925513628576978  1.00000000000000000
 -0.00204045957221250  0.01130517737391273  0.02320572405202486  0.03573144196293448
  0.04824242174276663  0.06057516825647003  0.07280261372808187  0.08487760823454783
  0.09672073083080450  0.10842294899987112  0.12015919130739762  0.13186643513129187
  0.14354494835303769  0.15525042237418071  0.16666692261790234  0.17775668893122012
  0.18877554606763106  0.19992686092685025  0.21085353151240491  0.22140026351234232
  0.23179417910229302  0.24216911370695771  0.25252931110583410  0.26286627403001506
  0.27325099957488880  0.28265627058776294  0.29085736213373725  0.29873380567068503
  0.30663320744731687  0.31577064198045612  0.32587691209788938  0.33598156708290633
  0.34583854042502332  0.35539755328254435  0.36522635492526750  0.37543864733120441
  0.38590543313875564  0.39623538695176053  0.40635772362388606  0.41617367815265033
  0.42585344456404384  0.43564648117552224  0.44552527157849092  0.45546686726969243
  0.46547568239895321  0.47542072317130318  0.48514830173398532  0.49467113287527498
  0.50427653454767174  0.51394195725485947  0.52354835598892979  0.53302701176814948
  0.54251087242142149  0.55211792089991973  0.56179667064713457  0.57162396642407942
  0.58146173297860215  0.59133253659232432  0.60131828339626847  0.61147868591723686
  0.62179890026963525  0.63210007799644086  0.64241295152016409  0.65263835227841371
  0.66282523820518569  0.67298536301146705  0.68281342533823464  0.69237814453716962
  0.70198461490062325  0.71212751179480360  0.72240086208032239  0.73229792044903075
  0.74185881217779193  0.75158672651625902  0.76168888312066185  0.77207689525272705
  0.78256551784291006  0.79294173569431836  0.80332202054060597  0.81385250981536861
  0.82446894634910906  0.83509337186899202  0.84594338969612992  0.85720195464638616
  0.86882876450070490  0.88019949791034546  0.89119819937967126  0.90207100196767742
  0.91313240899519366  0.92454221042265594  0.93636019111356394  0.94879438374377967
  0.96113700731927865  0.97330088436804274  0.98619024452968218  1.00000000000000000
 -0.00238100907374323  0.00951405977803866  0.01926115509473753  0.02958802707928800
  0.03963174283611779  0.04997652465409361  0.06019945224291862  0.06839255247179439
  0.07668665496058438  0.08502594836471819  0.09393256647343262  0.10473902207336840
  0.11546055181469415  0.12629375598345186  0.13718752307778087  0.14817715798453493
  0.15885854297521942  0.16934114535021538  0.17961610799590033  0.19000032346973256
  0.20059810465017933  0.21135386817779897  0.22229487889867711  0.23324402910735687
  0.24442698688648445  0.25550843832555215  0.26612091071846222  0.27662714575210717
  0.28732016824146978  0.29809199456046104  0.30894734597879620  0.31998510542379632
  0.33100675115941747  0.34154794023567031  0.35169369521434113  0.36206159476616251
  0.37261655077275901  0.38312552333057698  0.39352109311837785  0.40384004449900218
  0.41431729630071046  0.42487869011185803  0.43548128885647353  0.44608458642372550
  0.45649470931341524  0.46702550421899786  0.47748616857192250  0.48769895427374538
  0.49762377464968149  0.50764126190413328  0.51781253942061578  0.52822027197196808
  0.53869637683588179  0.54940835861492066  0.56020342200744688  0.57077803879133715
  0.58119047009950164  0.59101324554746371  0.60074209613486884  0.61097154274438625
  0.62167994525937065  0.63258175744493461  0.64327613656079341  0.65428720650865246
  0.66536227525480574  0.67677383423722970  0.68793165800380807  0.69867072945121100
  0.70972511450316544  0.72097058156656568  0.73223130044543383  0.74294839586447659
  0.75356836664290106  0.76426859189400886  0.77533171184773175  0.78642956939288500
  0.79725041723805457  0.80768083668573309  0.81795693647498002  0.82835943470720985
  0.83859376262512253  0.84882243359552700  0.85953734410166616  0.87062681346608883
  0.88155722886910581  0.89243042610340162  0.90355880532974919  0.91492506070268298
  0.92597430710830120  0.93688060663384920  0.94774324237316576  0.95852379611791205
  0.96909590216468211  0.97944802877077375  0.98984772669373078  1.00000000000000000
  0.16964521361946788  0.17344964702964893  0.17725408043983001  0.18105851385001107
  0.18486294726019215  0.18866738067037320  0.19335795956471544  0.19959324508893814
  0.20582853061316084  0.21206381613738354  0.21829910166160624  0.22768474171037936
  0.23631140238905599  0.24641666740580775  0.25820072008526707  0.26923483000169590
  0.28046844370810003  0.29187385643439506  0.30374028437584338  0.31574321163770674
  0.32696397657351439  0.33710075565206593  0.34613948918496262  0.35447585605929782
  0.36218186137285241  0.36950259465998103  0.37658631687601851  0.38349593341683574
  0.39032728976662412  0.39708587851995258  0.40366602712406419  0.41012498016689591
  0.41654029348781274  0.42290865859004134  0.42933813192290537  0.43573856476367318
  0.44217055741148714  0.44857797962511442  0.45494020266294194  0.46126839595777941
  0.46764240256705997  0.47402045627151213  0.48036881154409317  0.48675958738358860
  0.49314629823121314  0.49955485898351931  0.50592275441585455  0.51229328915410965
  0.51866461281307730  0.52504055099507108  0.53147252564945680  0.53795099289947146
  0.54444493274609651  0.55091847416162509  0.55740123721501489  0.56401364191603942
  0.57067042389555800  0.57725842434511176  0.58393245185327947  0.59067948111576174
  0.59748851352464039  0.60424624712600661  0.61101949304516290  0.61794367932459515
  0.62492531937885099  0.63208965416876051  0.63924954422483571  0.64650515474254489
  0.65380002226607703  0.66114320641549118  0.66861498739384306  0.67638453869583404
  0.68428616654953822  0.69217894677868141  0.70014287534228159  0.70814687991923819
  0.71624943494407667  0.72452544601476809  0.73317452198165300  0.74215392715371331
  0.75138689353055965  0.76092304256994192  0.77084285099931582  0.78142468861617942
  0.79243274408859188  0.80382447922024147  0.81573360670501971  0.82825478642987438
  0.84133751505414822  0.85509256429153979  0.86982801557109790  0.88567703668042452
  0.90337383361463819  0.92417806637034394  0.95248798462055617  1.00000000000000000
 -0.01767756338473651  0.10877437342484972  0.14212109387395833  0.16345970812888294
  0.18138859179381947  0.19675181878102124  0.21028914522082820  0.22253160512643100
  0.23378004490885801  0.24436904931848349  0.25272682284888026  0.26051535300505513
  0.26809431413956369  0.27541730734771325  0.28418200089509965  0.29273101865542950
  0.30101930898820251  0.30910088113811784  0.31677779860746597  0.32415320798077379
  0.33145230265689996  0.33864321467816050  0.34542864538804013  0.35210598445452507
  0.35855572280363579  0.36508789907930755  0.37166914502457982  0.37824564896767776
  0.38469154112395232  0.39093879673824311  0.39702029125806509  0.40293600620935754
  0.40883936744086530  0.41471987457138670  0.42042174157039391  0.42602560987133242
  0.43160278136605162  0.43721675958324391  0.44279090464631538  0.44837056915359391
  0.45400246880000589  0.45967673323922698  0.46562013119653550  0.47147070236321842
  0.47717780337571530  0.48281648448220593  0.48844790548451805  0.49405226320401885
  0.49972206811783054  0.50535243200820912  0.51096342675306217  0.51655556186136631
  0.52211092488595878  0.52769707079763972  0.53331679756813066  0.53902619114280392
  0.54491283510064326  0.55078940555770095  0.55662314983081762  0.56246084983405775
  0.56834928523375783  0.57432088679949878  0.58038293879896286  0.58650398270003479
  0.59272406507228892  0.59903295467300499  0.60540061819969282  0.61183226967523252
  0.61827574529460527  0.62470471876085376  0.63118930596097211  0.63776090336467617
  0.64440655856491125  0.65126035136218074  0.65815362988973503  0.66506765309693272
  0.67222409891598356  0.67960694171712510  0.68714622522167779  0.69490951690459946
  0.70273089242627229  0.71079252239022306  0.71912160483298226  0.72771795720441768
  0.73689809421754082  0.74636836019280561  0.75645764776437596  0.76708336476580785
  0.77853520583901692  0.79093213177596777  0.80449967062186800  0.81967463098144344
  0.83732437690696560  0.85909591754330705  0.89345006558331574  1.00000000000000000
   1.8676132542426313E-007  -1.0000000000000000     
 F F F F F F F F F F F F F F F F F F F F F F F F F F F F F F F F
  <DiscreteSampler_grid>
  grouped_processes
  1 # 1 for a reference and 2 for a running grid.
  10 # Attribute 'min_bin_probing_points' of the grid.
  1 # Attribute 'grid_mode' of the grid. 1=='default',2=='initialization'
  0.0000000000000000 # Attribute 'small_contrib_threshold' of the grid.
  0.5000000000000000 # Attribute 'damping_power' of the grid.
 # binID   n_entries weight   weight_sqr   abs_weight
    10   10   5.012565327642802E+005   4.727452014177782E+011   5.012565327642802E+005
    11   10   5.012565327642801E+005   4.727452014177795E+011   5.012565327642801E+005
  </DiscreteSampler_grid>
