  0.00929691491165510  0.01625178754604371  0.02631946831362173  0.03726870876745806
  0.04743783884658413  0.05766576707512656  0.06820786950696618  0.07887454806900442
  0.08975302748645460  0.10014504672814439  0.11056646769037889  0.12085816710649228
  0.13192393394800148  0.14298903283961928  0.15342808654048706  0.16390852376177009
  0.17438131100833257  0.18503164050403106  0.19534434563832631  0.20541748051990530
  0.21563761249971791  0.22589568885806657  0.23659280071625144  0.24699964320620860
  0.25727846825330736  0.26744954623784073  0.27789349841383448  0.28817105706542956
  0.29827818028787284  0.30813060170785289  0.31823167473747732  0.32844004633528279
  0.33858223627255574  0.34880103601450591  0.35909552088267283  0.36943308313384066
  0.37975667230385729  0.39033718105296927  0.40086772996922582  0.41097433431117913
  0.42095052658663273  0.43121435721963702  0.44170670921129390  0.45214532443398803
  0.46269251170113218  0.47331078743339750  0.48344849471015838  0.49330174341771232
  0.50367904860064083  0.51477592523439919  0.52554671948769149  0.53574934722859058
  0.54606519798255571  0.55651822949856944  0.56693184894542747  0.57711364062736026
  0.58738632841826355  0.59775348386913396  0.60807571077095257  0.61828511146583975
  0.62846304105158990  0.63861373404176369  0.64851152935717349  0.65817355770395625
  0.66782649302766617  0.67759271633634421  0.68726467176157624  0.69693393875758436
  0.70691154766096431  0.71762768815943023  0.72830336094118986  0.73839912337149982
  0.74833209290994385  0.75839104725931894  0.76856845789131290  0.77854298183789961
  0.78859938396625073  0.79912106299820740  0.80963960859026274  0.82003343509959903
  0.83041239799355138  0.84105104543529241  0.85203826058249876  0.86333494832065505
  0.87490219858832441  0.88637240044333510  0.89740228188170779  0.90803072460130041
  0.91831226668701116  0.92851844383847826  0.93893290017944819  0.94956641030651856
  0.96038730233913383  0.97075412482804846  0.98179446457953934  1.00000000000000000
  0.00000245490947999  0.00000283109178699  0.00000314631374454  0.00000342659730512
  0.00000368337222873  0.00000394322987277  0.00000420669213989  0.00000447240946236
  0.00000474369311394  0.00000502129586192  0.00000530239312064  0.00000558398247893
  0.00000586623112906  0.00000614928693325  0.00000643370540945  0.00000672288215508
  0.00000702547373736  0.00000734887798412  0.00000767099752383  0.00000800780677138
  0.00000835883171064  0.00000871907592104  0.00000907681523614  0.00000945279965944
  0.00000983101465970  0.00001021386545397  0.00001060386226216  0.00001100829452024
  0.00001142718957893  0.00001185218564029  0.00001229286261342  0.00001275362694593
  0.00001323199154696  0.00001371615970497  0.00001421084332222  0.00001474444639400
  0.00001530672333944  0.00001589154270926  0.00001648734415811  0.00001713600519609
  0.00001780311992975  0.00001848603818988  0.00001919396352674  0.00001993704472411
  0.00002072168913797  0.00002152935542408  0.00002235726857921  0.00002324427037167
  0.00002416845866717  0.00002510745983493  0.00002606743564875  0.00002717641009568
  0.00002834447080409  0.00002955611786603  0.00003083034116143  0.00003232541176820
  0.00003382545463968  0.00003540546852841  0.00003711450775756  0.00003895681102763
  0.00004085003915690  0.00004303049158606  0.00004535106236854  0.00004785374452015
  0.00005058266735573  0.00005350407672585  0.00005663370762337  0.00006011990104010
  0.00006379854968321  0.00006800185085248  0.00007247020994908  0.00007739042028973
  0.00008287101100455  0.00008902537171727  0.00009584160971967  0.00010330790317227
  0.00011154826424450  0.00012083904682686  0.00013133219907139  0.00014308681136109
  0.00015619827641419  0.00017138592089099  0.00018951324439966  0.00021234022095442
  0.00023941897812921  0.00027281540964609  0.00030912328350355  0.00035132630781897
  0.00040718550889621  0.00048293406514226  0.00058000809177277  0.00071034281316435
  0.00090182225926165  0.00115694610800142  0.04226923168045359  1.00000000000000000
 -0.00266181439781846  0.01020341873504552  0.02097681918745464  0.03193266721636277
  0.04269772125508748  0.05374803452088266  0.06480809643003026  0.07608203196536931
  0.08714983587526881  0.09822484841205895  0.10906310112445149  0.11964205362852032
  0.13012236967451227  0.14063065524016649  0.15113647486357740  0.16181092119771637
  0.17260824675490649  0.18363392465894326  0.19474103081736874  0.20576168946667822
  0.21657352813103181  0.22713039242926292  0.23744190035725446  0.24763628629769208
  0.25745511040951591  0.26718721765230230  0.27686172158081496  0.28686675726737437
  0.29718687982039482  0.30760618381642502  0.31805053363761249  0.32857334657346648
  0.33890005732259237  0.34885127173281988  0.35889817173503047  0.36924939918614802
  0.37972841748505270  0.39008064900782696  0.40035014676533154  0.41071779997230540
  0.42091128180516990  0.43093659945638202  0.44115722038528304  0.45142002955995553
  0.46189003170235426  0.47242810165178217  0.48294641439673863  0.49374374395332171
  0.50437043137277549  0.51525466895392580  0.52611331205798595  0.53692029576727529
  0.54760493955654610  0.55784098147527328  0.56831801116644032  0.57863617686960112
  0.58882374628244005  0.59879708201856952  0.60886861444275742  0.61918361546763245
  0.62963933841372144  0.63998439643672622  0.65025777677181340  0.66038706714003781
  0.67043825341573127  0.68050387768103204  0.69082472951442730  0.70145861309725666
  0.71247856314621327  0.72361880681287705  0.73485467248723324  0.74601620400847435
  0.75761331490665462  0.76939332914549741  0.78083957261634418  0.79200558133035370
  0.80285297435316483  0.81313611976277533  0.82293638466959462  0.83274694512631742
  0.84300442545234133  0.85342168685857689  0.86387307056307894  0.87446664030874977
  0.88536184749194791  0.89631325932984995  0.90677947480340282  0.91719007775318062
  0.92730287442048109  0.93759556554631351  0.94774025643123527  0.95820241040663967
  0.96858828191998625  0.97882123140777322  0.98948886217319942  1.00000000000000000
 -0.00201107101561348  0.00928497026905876  0.01841983913623055  0.02877900105447306
  0.03894355351621603  0.04917834086123411  0.05910643031349262  0.06936027809061031
  0.07981137231847527  0.09035411308978755  0.10077339061252943  0.11119435859640341
  0.12156797388991805  0.13210567866313566  0.14282129458839474  0.15356145416296116
  0.16422491548765697  0.17478184415697423  0.18524061736501629  0.19564315653630732
  0.20624424606742453  0.21674385808416893  0.22742386012050153  0.23859519078337721
  0.24961466178147632  0.25994384830759792  0.27007618317162430  0.28027843833325594
  0.29058926351221337  0.30109822221208404  0.31178065205998579  0.32240027930716614
  0.33309062279344015  0.34395685556873712  0.35520017548605520  0.36632302713321596
  0.37740834486040581  0.38865458043093470  0.39967955958337154  0.41067759023644490
  0.42141127189830357  0.43204608234249725  0.44268220093381505  0.45318114381135466
  0.46386488027821032  0.47458646610502131  0.48561888813763876  0.49688422551465455
  0.50775368584480862  0.51840822403912956  0.52901518773709721  0.53979327943666466
  0.55015911632965264  0.56047504638301759  0.57102597468469507  0.58186796153376219
  0.59242573249644370  0.60272972744392617  0.61299515050722231  0.62341052039064715
  0.63385506672761349  0.64432459522575425  0.65494688882184071  0.66572933448544691
  0.67639081248747224  0.68717042918962534  0.69808599466127874  0.70894406541709787
  0.71931036968013162  0.72973606374635946  0.74058875420432879  0.75123954367750845
  0.76137696307443559  0.77154365625531229  0.78207993261225539  0.79286431228463883
  0.80278295276149025  0.81270452946282401  0.82252077570872806  0.83234953119879151
  0.84204352692803719  0.85182979630887734  0.86196330456872161  0.87251794450885534
  0.88319333013642642  0.89398653212626322  0.90452525232503200  0.91514027170683288
  0.92563362003091065  0.93607941180940490  0.94652212246502754  0.95710426163483919
  0.96805104276490994  0.97899109142628460  0.98962782163601004  1.00000000000000000
 -0.00266167969234387  0.01025316463628959  0.02091228603665559  0.03178648075240573
  0.04242488027654702  0.05312749433551760  0.06364782167415277  0.07412260282640189
  0.08462383554186202  0.09538090101122673  0.10601672203804620  0.11667814868172366
  0.12731268127573817  0.13804509466490855  0.14838464591295891  0.15843479771501942
  0.16826207529159393  0.17833147237685071  0.18843909864462041  0.19876043567161000
  0.20908654927851247  0.21938650085662004  0.22936186829900507  0.23924600030760432
  0.24926171909731692  0.25987962440141515  0.27065939048738330  0.28135770057832221
  0.29198841033471673  0.30272698251650171  0.31368908957432406  0.32503109238067596
  0.33638309814022960  0.34787921661238236  0.35900859085131948  0.36968283039751054
  0.37997747696983725  0.39055368894414672  0.40169703522916539  0.41304464909960359
  0.42399368693623374  0.43468825569450154  0.44540875539854047  0.45616213137931488
  0.46677471411829163  0.47748218454675134  0.48875079112115222  0.50011295611082585
  0.51070751882058485  0.52159296944739808  0.53239825708303978  0.54269217166567307
  0.55222387849216148  0.56179022504883813  0.57212708476394314  0.58266758978146282
  0.59294564198850008  0.60327521986992694  0.61388053229263162  0.62439566057290763
  0.63454629141774155  0.64439788612121773  0.65425790881868806  0.66437987548549571
  0.67485306585444405  0.68551361809788058  0.69588536327452877  0.70613145216970796
  0.71646569459629339  0.72690234231003958  0.73718033101109104  0.74750468550981031
  0.75796724266561089  0.76851860202609512  0.77914528171057285  0.78971539927490197
  0.80011363224568699  0.81075253629032606  0.82158847192692464  0.83241868875888791
  0.84273665939924436  0.85300085004793369  0.86375351486485863  0.87466625353175853
  0.88583552522371345  0.89697861662344902  0.90782934428713058  0.91865375890860834
  0.92879003381052216  0.93896681115170277  0.94872874874831481  0.95851552722291655
  0.96835653825063106  0.97837973246810095  0.98897737356364224  1.00000000000000000
  0.02150951150292383  0.02815912387313017  0.03369867331720847  0.03907865065858279
  0.04465484588131406  0.05048678597890759  0.05646539523658990  0.06235189088906325
  0.06811163853367742  0.07373401275590023  0.07933245459353698  0.08489336622347261
  0.09039192943154228  0.09583260434620365  0.10124572528739197  0.10666174357622786
  0.11215723204509495  0.11776411438464883  0.12353105522839730  0.12936041339935844
  0.13531469713146138  0.14127362561997672  0.14726909361953741  0.15327323927508163
  0.15932527321931902  0.16543565209184136  0.17152701726371136  0.17763643783598379
  0.18380726584269200  0.18993749805560806  0.19607178056579624  0.20215950104258776
  0.20831458113651813  0.21455384264700997  0.22070605707125129  0.22696012000097840
  0.23334326789341789  0.24010761778056175  0.24681120789566366  0.25368125905080224
  0.26055727278099011  0.26752468226229986  0.27459987934379682  0.28187783250673548
  0.28922715159366891  0.29665323129977744  0.30407582773064878  0.31160237980720423
  0.31938633716417619  0.32728976354499528  0.33524736491196899  0.34325243313576304
  0.35140238247244732  0.35979446201007781  0.36839244224020978  0.37714255754789505
  0.38604260859592004  0.39516628639011636  0.40447076308421814  0.41388881927824850
  0.42342368329942681  0.43302067271370653  0.44270726620716960  0.45254518946164141
  0.46250765430959573  0.47262520289709958  0.48278012340444909  0.49292773374621912
  0.50324381937407836  0.51378277712407794  0.52476539427593982  0.53632185966285217
  0.54839445605974801  0.56081946687120443  0.57330433365824607  0.58580092888749946
  0.59821497980875871  0.61076371977773636  0.62354125734088495  0.63693743117350787
  0.65101525194988941  0.66545726742048295  0.68017138314850989  0.69515785999346913
  0.71089831060599562  0.72731288274296368  0.74460535497506519  0.76262719747656171
  0.78196561412533394  0.80248178243117663  0.82350963976702796  0.84594472670471255
  0.87125985464052658  0.90222847412256924  0.94149321407971831  1.00000000000000000
 -0.01776477647399580  0.09971938716915572  0.13543343618267295  0.15875314336718321
  0.17712731060982825  0.19266328603443866  0.20657395254119090  0.21938253416483411
  0.23095878157868685  0.24144920511608364  0.25137695316020642  0.26101020706092048
  0.27015933455645857  0.27872351800720230  0.28693358453027396  0.29501157902388320
  0.30287762467885287  0.31047308429666598  0.31783200096158076  0.32505728748138335
  0.33222219133823822  0.33925152704215794  0.34617264678186244  0.35299298862516010
  0.35970369061604646  0.36628059971290583  0.37276555817942747  0.37906595613080812
  0.38522441890957776  0.39132352398679687  0.39739613354282793  0.40344228818744882
  0.40944442871568842  0.41541323535428437  0.42133572426567228  0.42720984392054495
  0.43294142143595610  0.43849856274602694  0.44395821433893945  0.44947114328200971
  0.45509603210715255  0.46090158243454932  0.46669619929135880  0.47238245140658036
  0.47793264379161854  0.48334853251579296  0.48872957016131546  0.49414590494510674
  0.49967766264518804  0.50518161693670849  0.51072384098660162  0.51620826111509166
  0.52173634559633042  0.52749907757228287  0.53328658806135265  0.53912147749537065
  0.54489841922868731  0.55060529679213999  0.55637297946351394  0.56217473473042823
  0.56799106284452605  0.57376250797325035  0.57953296731421555  0.58537384596192688
  0.59147486154021900  0.59760894432376821  0.60394372068653324  0.61047443866685580
  0.61716330549079701  0.62399842018756901  0.63093769939983735  0.63797675902161521
  0.64497915187782962  0.65169417180001921  0.65837389463941953  0.66510475210277975
  0.67203728591760736  0.67916769544250144  0.68644135061921208  0.69407199363438687
  0.70191070351676266  0.71012562982276384  0.71883028553527417  0.72784608761370118
  0.73720087773975473  0.74695844237438380  0.75748285392690706  0.76871050870332036
  0.78050777658357828  0.79308936718779388  0.80705223575943275  0.82257947166611978
  0.84057319901939831  0.86214836649323556  0.89546674883687449  1.00000000000000000
   4.2461877687157011E-006  -1.0000000000000000     
 F F F F F F F F F F F F F F F F
  <DiscreteSampler_grid>
  grouped_processes
  1 # 1 for a reference and 2 for a running grid.
  10 # Attribute 'min_bin_probing_points' of the grid.
  1 # Attribute 'grid_mode' of the grid. 1=='default',2=='initialization'
  0.0000000000000000 # Attribute 'small_contrib_threshold' of the grid.
  0.5000000000000000 # Attribute 'damping_power' of the grid.
 # binID   n_entries weight   weight_sqr   abs_weight
    10   10   8.488116925493561E+007   3.000600421406515E+016   8.488116925493561E+007
    11   10   8.488116925493561E+007   3.000600421406515E+016   8.488116925493561E+007
  </DiscreteSampler_grid>
