 -0.00241122849126860  0.00949335609392548  0.01956348624698311  0.03024801139963059
  0.04106558596834531  0.05186060703212737  0.06253038603816692  0.07324436056668664
  0.08379892807132595  0.09422890633932431  0.10482271358467218  0.11547572367046809
  0.12604524860092955  0.13641140459619486  0.14679685310174181  0.15737266064380018
  0.16787207540790239  0.17839272903723843  0.18886096803519642  0.19949899772309904
  0.21012955741313319  0.22083001259679871  0.23139682134230785  0.24192813799349511
  0.25233521250717778  0.26276908064202142  0.27329225259688938  0.28366406615736794
  0.29405130771617266  0.30444287241975276  0.31502457146829799  0.32559565685202912
  0.33609172912688068  0.34667065900573452  0.35740024714016133  0.36811558268291111
  0.37876499438070144  0.38915442028189640  0.39960860847535712  0.41013875754554874
  0.42069682560595173  0.43133415634425015  0.44187410166141855  0.45239692141980864
  0.46284802503599914  0.47333560236556133  0.48396551186448772  0.49449687045316559
  0.50505979705309345  0.51555402645320481  0.52605585187498871  0.53661235503836147
  0.54718694344728658  0.55770819013029538  0.56814665649742446  0.57871626470860527
  0.58930479453819595  0.59994181925144852  0.61056589831440544  0.62124598035614231
  0.63173370562578945  0.64209665931921867  0.65250443565548399  0.66296714112097355
  0.67345602161893836  0.68385337920315392  0.69435097428936110  0.70492590201665895
  0.71569072233993902  0.72657995652242091  0.73742352042633774  0.74825269397167182
  0.75871151298835182  0.76931564104442285  0.77993288446047038  0.79067946864676375
  0.80116789172939840  0.81161961848998188  0.82204119479878879  0.83239650526957287
  0.84268543654806549  0.85293463267266667  0.86340083357359954  0.87388047503503197
  0.88419271039144076  0.89459025968276429  0.90503991524720817  0.91544413298637650
  0.92574456468254251  0.93605167195784400  0.94668841501399348  0.95731248075168263
  0.96787276241769515  0.97849301953238721  0.98919772100805192  1.00000000000000000
 -0.00238710028576274  0.00981419210505592  0.02006588917105271  0.03071441544830086
  0.04131582326823070  0.05171723957018035  0.06209576156901854  0.07255417644343591
  0.08300105347663390  0.09339681944012627  0.10380240359981850  0.11457344522156349
  0.12534505862451858  0.13632396180455358  0.14703115239431430  0.15771051655249405
  0.16836837369133395  0.17911581623607351  0.18990374006416491  0.20059949616710082
  0.21122203143524884  0.22173698614714410  0.23241017621577564  0.24303329266477122
  0.25360933042477135  0.26405764990201563  0.27460326858168882  0.28521647585116455
  0.29565386628969470  0.30611661725638922  0.31653643688570882  0.32699588443461353
  0.33735248771084203  0.34762058539935931  0.35789759788141351  0.36830954234601543
  0.37882807662979667  0.38941009445058505  0.39989618685011341  0.41052892543516650
  0.42109274431586008  0.43159340145370034  0.44196071972661294  0.45240987723468135
  0.46292838910171158  0.47337049481212606  0.48388171673468394  0.49437747272504307
  0.50502672422804218  0.51567813871563439  0.52631660940762526  0.53687094484029219
  0.54752915600115548  0.55836288065130246  0.56919959333107895  0.57991833270107296
  0.59040737840815460  0.60095342541300845  0.61127181964202926  0.62170486130815505
  0.63206035975767616  0.64262819977123742  0.65292712631354122  0.66325677600285560
  0.67370134278250016  0.68420290423390706  0.69457746584764424  0.70481825276003685
  0.71532137932605122  0.72588325260171105  0.73652203713525444  0.74705714566893855
  0.75764341717536310  0.76804109677030119  0.77851374891814995  0.78901266830109806
  0.79966255518260820  0.81026518319030616  0.82071371683474315  0.83114466521472730
  0.84157928282848593  0.85201176758452857  0.86228991040908565  0.87252711184488985
  0.88288896489829982  0.89340182891923925  0.90386162913984003  0.91435538510287240
  0.92478165096170017  0.93525951859768786  0.94581028397560640  0.95614628528905121
  0.96701275048927626  0.97785830168666166  0.98906920928205244  1.00000000000000000
 -0.00240333310672152  0.00969193702292079  0.01984412761559313  0.03032574006566805
  0.04071086262137238  0.05102151943244815  0.06124601290012611  0.07173841537522027
  0.08226934320730574  0.09293638878953267  0.10359760619379688  0.11420247271124652
  0.12492577587099955  0.13546741701168455  0.14623402753599349  0.15689417929793936
  0.16761345103209960  0.17818897067705849  0.18864777926692544  0.19912715562187366
  0.20966326849440992  0.22033536738371318  0.23099979480167487  0.24173450955263387
  0.25239036439631002  0.26298691143728858  0.27350884713957335  0.28392747810910174
  0.29430161203102861  0.30469299581828962  0.31505574403401149  0.32550381350356300
  0.33586074161917379  0.34632816875685529  0.35676694783181434  0.36721081797856919
  0.37768635764132757  0.38805098018144446  0.39850404005904994  0.40897698568258450
  0.41950038287491825  0.42983444996466647  0.44026839438957854  0.45073366099540102
  0.46132763321779485  0.47178254430928812  0.48238533736925976  0.49298152869803746
  0.50348966702016329  0.51385716603996201  0.52434453354680444  0.53505844397434998
  0.54580116531246858  0.55649360904670653  0.56699942695085837  0.57756221270206132
  0.58822851806773491  0.59905714760923356  0.60971266469066376  0.62024602268184204
  0.63080651999633608  0.64146514821298739  0.65197620730842354  0.66227246607232115
  0.67262946403749369  0.68301465061248801  0.69350276684170375  0.70399374945426163
  0.71467302460338333  0.72541566998718221  0.73592806710086267  0.74635190051475142
  0.75678210881702745  0.76739832957295862  0.77782213941152445  0.78818057793356788
  0.79853293529094671  0.80894821757971380  0.81950185878938286  0.83011163341644723
  0.84073099704582432  0.85129698000785148  0.86183277077677478  0.87252899507270265
  0.88317160800696393  0.89366537117258515  0.90418461446791598  0.91478434463579883
  0.92536117944968566  0.93603274207401210  0.94663447729784966  0.95722046123679594
  0.96775855656533349  0.97833371913674561  0.98914866779568389  1.00000000000000000
 -0.01766830416265445  0.09937221596497797  0.13357756662786771  0.15516362131944750
  0.17310026891549934  0.18860156380836318  0.20253188987774842  0.21526851779585621
  0.22708443057933433  0.23812908371774896  0.24857475317696215  0.25847404754134951
  0.26793853460428663  0.27698577285892279  0.28569908740158595  0.29412877733102460
  0.30222276320776847  0.31012602343640056  0.31777057911992546  0.32521088151177385
  0.33254455962471258  0.33962955388785104  0.34661003028666315  0.35347317343965035
  0.36019353361125966  0.36680918955966552  0.37332701385293121  0.37973747665123603
  0.38606408611131765  0.39233647568959990  0.39853418247415023  0.40462208745128880
  0.41066914186776277  0.41666722665374684  0.42259615066567324  0.42848633392802438
  0.43435424015155527  0.44018253809361713  0.44595662188513963  0.45171560557978369
  0.45745022384719419  0.46315441738923319  0.46883971645609385  0.47451691078749147
  0.48018667564334505  0.48584466055681763  0.49149348942269633  0.49713341255072857
  0.50277237435302935  0.50841798108618641  0.51406622871701535  0.51972049898218475
  0.52538688471078365  0.53106394617054231  0.53674937585372173  0.54245333894696102
  0.54818451816545999  0.55393778391007831  0.55971297785974028  0.56553151162147386
  0.57140070229379170  0.57730139968652494  0.58323780989538543  0.58924368438156516
  0.59528992962961202  0.60137570403847185  0.60757780250277305  0.61384973188857017
  0.62017786488155213  0.62659769549032807  0.63313234734857515  0.63976377850018995
  0.64649452058595891  0.65336352674804066  0.66034676943433845  0.66744691266172784
  0.67479121079346327  0.68225152368807906  0.68990231514746314  0.69780515414288646
  0.70587886382959608  0.71429605093438153  0.72299996680221823  0.73205150482392733
  0.74150648352832504  0.75138838350078208  0.76182749869624700  0.77287147452057636
  0.78469072095972936  0.79740786512130912  0.81131636259299278  0.82681626764156702
  0.84465643419112846  0.86622964586951856  0.90034320899852327  1.00000000000000000
   1.7775059336837881E-005  -1.0000000000000000     
 F F F F F F F F
  <DiscreteSampler_grid>
  grouped_processes
  1 # 1 for a reference and 2 for a running grid.
  10 # Attribute 'min_bin_probing_points' of the grid.
  1 # Attribute 'grid_mode' of the grid. 1=='default',2=='initialization'
  0.0000000000000000 # Attribute 'small_contrib_threshold' of the grid.
  0.5000000000000000 # Attribute 'damping_power' of the grid.
 # binID   n_entries weight   weight_sqr   abs_weight
    10   10   1.187437452622409E+010   2.086083823020956E+020   1.187437452622409E+010
    11   10   1.187437452622409E+010   2.086083823020956E+020   1.187437452622409E+010
  </DiscreteSampler_grid>
