  0.00282801413408870  0.01234640479565208  0.02285181730731660  0.03306550673884942
  0.04324619726278331  0.05363377823396048  0.06410650930781592  0.07497195238915029
  0.08559032510229164  0.09606331260612455  0.10658061007569877  0.11702373685368782
  0.12762513654558671  0.13807762593034098  0.14854198656775081  0.15917001992603133
  0.16966880519052238  0.18051381465317595  0.19127226658193788  0.20203120938094371
  0.21258850535779447  0.22306113723210971  0.23355683115432799  0.24409231829390740
  0.25447513447052700  0.26490654590280155  0.27534541064725654  0.28592514151851034
  0.29630542286737566  0.30665962728603829  0.31747831020058775  0.32840831772137602
  0.33927049850114993  0.34980960362831970  0.36041737639589511  0.37096783935352234
  0.38153691282353086  0.39221365526680546  0.40288262848378859  0.41334521747370662
  0.42339310392043378  0.43346925532150066  0.44366055957191125  0.45405046609666583
  0.46441454923959008  0.47463350321659437  0.48501968872413392  0.49567964742202980
  0.50656066093792473  0.51754913274874348  0.52821714364498884  0.53881840007604009
  0.54955425706557670  0.56016899959891409  0.57101075346393648  0.58183577878638792
  0.59280391038100322  0.60372852569899882  0.61453448579852332  0.62529596106934981
  0.63589329949457685  0.64629541464944451  0.65659983574691871  0.66691349581001569
  0.67702027067918624  0.68734950985680920  0.69761525219637910  0.70797670681442193
  0.71816384992560889  0.72831346992148249  0.73887602938726260  0.74938831582852594
  0.76008228160696800  0.77071360973282188  0.78175917964051211  0.79263801186403604
  0.80343885279001825  0.81389071350541775  0.82447145243815401  0.83499596173506885
  0.84554448587000042  0.85591387327044965  0.86625761439682036  0.87657381648097643
  0.88664004423970111  0.89667321448629389  0.90698144214882925  0.91744580282211308
  0.92803408169402246  0.93856230358455861  0.94879384452523619  0.95908081780787957
  0.96952603290905304  0.98001998128265011  0.99013928149461117  1.00000000000000000
  0.00929401691219509  0.01713084838222264  0.02666216344828243  0.03761374476402397
  0.04805664922119061  0.05846937122087452  0.06896072992161928  0.07956710032095253
  0.09011428254011888  0.10058394279565627  0.11108778097634855  0.12164791514138984
  0.13219475933646033  0.14276788346111025  0.15344274206271644  0.16420582417317092
  0.17487808307873773  0.18547939908098762  0.19602076383058181  0.20642999294689574
  0.21683233706703645  0.22736166468687183  0.23797698970960507  0.24840689825175744
  0.25871143618461667  0.26900472299135075  0.27936386142922376  0.28965688640148479
  0.29994807897519621  0.31032819864420114  0.32073257448068843  0.33113084140959020
  0.34147256732083292  0.35187027923325931  0.36234309797475089  0.37274873216089377
  0.38316062552149327  0.39373482513229724  0.40452891378850941  0.41534552123751362
  0.42618930221503093  0.43705686606801736  0.44798693300861619  0.45895850597619614
  0.46994406503415270  0.48085648881085680  0.49159823192561403  0.50219669890110485
  0.51264332204138452  0.52301915748195960  0.53353478105683205  0.54426066308690624
  0.55506186484282138  0.56568797164465046  0.57627215832932688  0.58703664644099407
  0.59774216025051985  0.60838064540780945  0.61892678886530206  0.62958314072106702
  0.64021619265826823  0.65089804842670118  0.66158960441499559  0.67195429102340087
  0.68213992635913723  0.69249822168647901  0.70308303729547661  0.71363998856920297
  0.72419610072096074  0.73455399184725712  0.74488736345204276  0.75517323596320374
  0.76558709185930673  0.77602259291487719  0.78638860322482018  0.79675942223940288
  0.80720737371421525  0.81762772528374006  0.82796468990263283  0.83826534148398768
  0.84829349409453392  0.85853184289645523  0.86878045801196602  0.87919504566012663
  0.88958448445697347  0.89991647580932810  0.91019209367498655  0.92049406461790129
  0.93096439586148383  0.94124485679786452  0.95155788153360510  0.96172686572878863
  0.97222329633524229  0.98184331239922928  0.99142189379509871  1.00000000000000000
 -0.00165640962317187  0.00684210523729740  0.01454520728355977  0.02274448772185600
  0.03121035462207805  0.03982429931632202  0.04854056773294091  0.05735394443292591
  0.06626161530740897  0.07534354788480493  0.08446454285695938  0.09376928083019180
  0.10318439034728989  0.11277584436089420  0.12259524507950306  0.13254241566312833
  0.14251434099431590  0.15242019275901855  0.16244070198974686  0.17268408646311625
  0.18311575882606348  0.19390206158239925  0.20494215601632992  0.21622510557472882
  0.22776462819702539  0.23962842868361633  0.25153164908576620  0.26324248718824972
  0.27494269388783804  0.28674703944543434  0.29885927013691699  0.31108844447605472
  0.32334857320945382  0.33540445323848628  0.34759911088337203  0.36015125958068167
  0.37308128973825339  0.38594397985976853  0.39883245871605905  0.41182064559758541
  0.42481984961244723  0.43784964295588025  0.45124403190680779  0.46467799169491431
  0.47788581477451836  0.49113379390649786  0.50439233264623895  0.51761013837887104
  0.53081335286638798  0.54398894917782359  0.55708400912962852  0.56994118281993755
  0.58255898807478945  0.59494857991072769  0.60741134062813529  0.61987325112838942
  0.63207044133832591  0.64395028911170649  0.65554835422286262  0.66718298070706261
  0.67884510657969077  0.69049852339426943  0.70191836503627125  0.71322607094213963
  0.72460563137897871  0.73576078204121786  0.74686902109942521  0.75785905497056982
  0.76855972718935661  0.77887851894363214  0.78891649362080518  0.79884219555398217
  0.80874111294298789  0.81863464567176514  0.82838003651939685  0.83774197278512730
  0.84676046223682888  0.85566501427760799  0.86455343540343799  0.87344216634024174
  0.88222988232645128  0.89085900740696533  0.89933128247757133  0.90760289465004729
  0.91576636624016317  0.92381099924210464  0.93171637681817454  0.93948422466541193
  0.94712375734153664  0.95470557235632647  0.96229718465685254  0.96987649726998604
  0.97742914549173254  0.98495614344865379  0.99249808982658605  1.00000000000000000
 -0.00249255978216905  0.01009901663314791  0.02085042614474693  0.03164980056730268
  0.04242544019700313  0.05280670879903272  0.06325148039066807  0.07349538465509398
  0.08396992015706109  0.09443175917410487  0.10500954783550555  0.11569133919267752
  0.12638736604373296  0.13705805716006750  0.14768459898859165  0.15828584652707625
  0.16874084098141898  0.17918178125797093  0.18990090665680429  0.20054527004300116
  0.21098496086740470  0.22125029074947702  0.23166330266513221  0.24219353360515578
  0.25257044992166561  0.26318557976864360  0.27399444614796054  0.28495701125143891
  0.29564899438636277  0.30631866889195497  0.31667836720402581  0.32724214272153496
  0.33766536592138813  0.34806755820072377  0.35843831352243610  0.36861194928222490
  0.37904265274376514  0.38941262812187927  0.39997509684034699  0.41049009102710343
  0.42099437777330928  0.43150868128357189  0.44190982981849647  0.45229508628416526
  0.46278112128416521  0.47353939344330903  0.48436853977102556  0.49518044549296047
  0.50564319776924926  0.51613350718103390  0.52647036351608489  0.53693311770572538
  0.54751394715239865  0.55813694493646304  0.56893486372501068  0.57952088058549422
  0.59030008127626410  0.60104425467073208  0.61151419377965721  0.62182222541465715
  0.63195865092619941  0.64208810569003327  0.65211502678352173  0.66214271697071958
  0.67228414008673354  0.68272456309898311  0.69318066638777587  0.70363053737155734
  0.71417535055139958  0.72485779195694233  0.73559293507728662  0.74596102596878489
  0.75645130799608873  0.76694038536143272  0.77745035686099129  0.78787534727000597
  0.79838347972285550  0.80917319177907998  0.81984362801916877  0.83046839327232413
  0.84106796214946000  0.85160917232699684  0.86220238929048365  0.87261979860688843
  0.88310074968794994  0.89352101252419436  0.90411032567705452  0.91465595374724418
  0.92512209169679438  0.93562821418937903  0.94621321196651043  0.95709755488181192
  0.96777087755650493  0.97872353630838949  0.98935008817615555  1.00000000000000000
 -0.00247228893577106  0.00970789588944989  0.02032990333917346  0.03054781812836544
  0.04098528692881664  0.05144120529098286  0.06204211144306641  0.07260108230063887
  0.08294365092654277  0.09396794890384229  0.10482373576837491  0.11565894826004768
  0.12649613574230947  0.13717226829148360  0.14797362249337895  0.15858368635945144
  0.16925259956663374  0.17974018961827734  0.19016135179707652  0.20046502515579795
  0.21080616275451275  0.22147450195265730  0.23227607055211155  0.24299680725432771
  0.25363017794984921  0.26390613086391157  0.27418406539361584  0.28450448887413754
  0.29500738824992812  0.30527160160470068  0.31548610909356040  0.32564569058972709
  0.33577576461868341  0.34602812044903863  0.35657456696785039  0.36728164415427472
  0.37806226686590616  0.38872732715820019  0.39951662800819920  0.41025140582242320
  0.42086647633969637  0.43149325338187244  0.44215916672741512  0.45281475548361289
  0.46317693011831035  0.47327711076792528  0.48343701370058817  0.49368032092091302
  0.50385568947029480  0.51405988919128587  0.52439590417443527  0.53469072875769796
  0.54485427009998777  0.55491566987687591  0.56535086753325159  0.57626870554379817
  0.58719273818458995  0.59779231952168210  0.60823628375476146  0.61856743165132433
  0.62890928530515344  0.63919558580023939  0.64962995426450920  0.66036337259440325
  0.67117320447717876  0.68212332078782878  0.69273693306481521  0.70327968738286684
  0.71379603476304354  0.72438294690148619  0.73509018186320862  0.74582259524865102
  0.75661961052940518  0.76729288861219136  0.77793354878399701  0.78851045007895870
  0.79911630754416074  0.80984818951093962  0.82064831170533914  0.83129160860257367
  0.84167980716366431  0.85208471781795914  0.86236963704077130  0.87274521182609888
  0.88312479782024067  0.89352574275528274  0.90371893734302122  0.91399816805993472
  0.92436369687964193  0.93528657883378052  0.94607288900608388  0.95684734425496254
  0.96753740579145342  0.97820100182459657  0.98907622077783874  1.00000000000000000
 -0.00251930079274718  0.00976388717326316  0.02025904399339721  0.03037479128763760
  0.04073363798710081  0.05107788612541236  0.06193444620864737  0.07234197661734931
  0.08264884544874961  0.09295223335356735  0.10315715174721114  0.11327593279381462
  0.12337829760914903  0.13375578159719254  0.14431002981347307  0.15496476730042244
  0.16553551808763792  0.17610399755751618  0.18652590240378675  0.19693685502807121
  0.20751072878713467  0.21815153719940850  0.22900045523605358  0.23955299824922999
  0.25050026175528251  0.26125665481513943  0.27220335395597550  0.28268848727992579
  0.29323136281931017  0.30368997175791246  0.31402563022236074  0.32467544162282042
  0.33537574788066449  0.34623710508436234  0.35690468170129686  0.36729540795095428
  0.37769104734360548  0.38784980883316089  0.39810139850609350  0.40867425024921400
  0.41920893634024720  0.42984587897154442  0.44047438751729551  0.45153049444577603
  0.46228467990057887  0.47262067154403198  0.48298988831931550  0.49354767713627234
  0.50430103801691006  0.51497239930859018  0.52549220224076254  0.53598735647133855
  0.54628587982116417  0.55691489259515192  0.56754666985270075  0.57818741049374400
  0.58859349667996452  0.59901582587719082  0.60954378744443705  0.62001111727638181
  0.63078558182017908  0.64136358916812941  0.65221964886592221  0.66317687201378384
  0.67415778189874598  0.68510632839811092  0.69600517322273492  0.70709432251313020
  0.71716459611642158  0.72718687235875945  0.73729165879982561  0.74751593593192556
  0.75776871015068070  0.76770266840013257  0.77822910757629071  0.78872050780982395
  0.79952626144341754  0.81034136576346982  0.82106859853441949  0.83156572926160732
  0.84182019108659256  0.85194834583825207  0.86245921185463137  0.87314837892508268
  0.88414018912395564  0.89497285437738883  0.90572444525430373  0.91633076896269694
  0.92680306131928802  0.93743308089411126  0.94801301326376064  0.95857644441499323
  0.96898751553643081  0.97950100074351720  0.98983764631694060  1.00000000000000000
 -0.00287387374428904  0.01212685876319838  0.02474335508941795  0.03768523290573436
  0.05038986015165900  0.06290964259752996  0.07494031277503223  0.08681909981412596
  0.09834618845382863  0.10989823059112891  0.12127236692417606  0.13244746827675555
  0.14332989800332099  0.15428862018475248  0.16517236917012071  0.17594515200455998
  0.18674680095060164  0.19785580288598825  0.20909490274320150  0.22008369162465086
  0.23083145168431748  0.24143069553699789  0.25185264822208991  0.26205884242469446
  0.27222234353520630  0.28241762740410797  0.29259490678814176  0.30256524500784515
  0.31224821999539626  0.32175294217712036  0.33112317810305736  0.34049174798296600
  0.35002639809518649  0.35973074662918852  0.36958173057188948  0.37936137445438989
  0.38914477047221441  0.39888540288887386  0.40858777968530519  0.41812722101896882
  0.42740912376177276  0.43680063892897508  0.44625772888776111  0.45605296670779394
  0.46557909214083376  0.47501372913149015  0.48433231870085791  0.49386228477218136
  0.50329222563146947  0.51275055978086514  0.52226717868732564  0.53184160478364406
  0.54135469267508374  0.55064135413833815  0.55991448040501057  0.56938807211410203
  0.57907127681173143  0.58887165487515081  0.59883343951395707  0.60869142242080043
  0.61846508044884485  0.62832729633958895  0.63828631072071773  0.64817483460842118
  0.65797594244169610  0.66785342945506321  0.67784954962345934  0.68793068900692156
  0.69802692524139909  0.70821680678800103  0.71826331269923793  0.72824346599687473
  0.73817933999214680  0.74833658730230435  0.75877521768344092  0.76926858033647461
  0.77974357684766094  0.79015759314702372  0.80064582911535220  0.81126417036017051
  0.82196094453060253  0.83273885288672844  0.84367577640288249  0.85482293996372483
  0.86611868650871049  0.87748433548276339  0.88889824262948669  0.90044363780689607
  0.91204948526191287  0.92396086902440422  0.93613384682272249  0.94846206757189011
  0.96082519281906875  0.97361101560668784  0.98675089040130692  1.00000000000000000
 -0.00236868177779305  0.00933937433065557  0.01982623169175699  0.03060357607765523
  0.04165692436972090  0.05275705001839540  0.06355742453648949  0.07385087533460098
  0.08418686869693481  0.09461998930115766  0.10507638160861375  0.11541518920344974
  0.12595439705340591  0.13678180853012209  0.14757023233361782  0.15812379633633705
  0.16868043220451950  0.17912505633356687  0.18940510233499525  0.19986100825955785
  0.21052248038651278  0.22117227321257191  0.23179656964944509  0.24236098416725169
  0.25283497004642663  0.26307588517092928  0.27323327788154206  0.28358260752624498
  0.29396792346384637  0.30436977765849871  0.31478172938257687  0.32525513525962552
  0.33562752461911888  0.34617529238149292  0.35684206613841724  0.36745599060432932
  0.37798513096404340  0.38867443542076779  0.39925627524115587  0.40978425460429474
  0.42016925083336792  0.43092309829839892  0.44151879577454789  0.45165429572468191
  0.46221176900962657  0.47291376059048690  0.48375789893975080  0.49403761771994209
  0.50438943752039878  0.51503769949002354  0.52553254586352760  0.53583977255101245
  0.54636996546030459  0.55711493264857337  0.56793002133057169  0.57870690909044487
  0.58939328397568935  0.60031458165125096  0.61097603604351425  0.62190374335150811
  0.63219818038809328  0.64255925339877096  0.65301215574628768  0.66371346332341496
  0.67416009560790857  0.68436072471367138  0.69471726789050980  0.70513971796918307
  0.71550693188528480  0.72576641644045758  0.73625825498855779  0.74695325711994531
  0.75762802850279387  0.76840262884238608  0.77899925669492476  0.78965419971858497
  0.79997927703912441  0.81017580424542912  0.82045840674890280  0.83077122384720181
  0.84152229244990828  0.85206199491688206  0.86296614785926051  0.87348772115383766
  0.88410322741230762  0.89448749688645512  0.90493521250499565  0.91531109632774321
  0.92581025160892760  0.93626379766358792  0.94667227345107463  0.95705692668560360
  0.96751570132973630  0.97827410629776368  0.98898828929679483  1.00000000000000000
  0.20515137931045224  0.25132231434549079  0.27503163229585759  0.28345855075316934
  0.29378720414742510  0.30431286240193289  0.31566287868791199  0.32692006918109762
  0.33695690230261577  0.34579648343202324  0.35387680401157678  0.36139095180571790
  0.36858116646873601  0.37558589697468969  0.38233610084562225  0.38889045113680187
  0.39531526090778113  0.40157382265690111  0.40771883131384107  0.41377806500444825
  0.41978014860602886  0.42568322007351461  0.43147005215458500  0.43715788067648714
  0.44279974574812947  0.44842955826537467  0.45406328867865819  0.45971037958770589
  0.46538180219248826  0.47109456303473279  0.47682911454292071  0.48254283850534002
  0.48820680850646259  0.49383471538105161  0.49940050505157457  0.50495511034103557
  0.51047013543720754  0.51606846546728580  0.52174463253235670  0.52736820757567970
  0.53298918647307725  0.53852316585447668  0.54405209353624184  0.54963140615562345
  0.55520672558083828  0.56088430222457786  0.56667818560429739  0.57247218591101323
  0.57830139897132316  0.58405932884701584  0.58988215904938168  0.59578406719059129
  0.60177756438931262  0.60770998634800222  0.61361130476320080  0.61948162533447604
  0.62535089414623968  0.63127043741602895  0.63724434381611350  0.64330845225521371
  0.64943538734575135  0.65562342140256979  0.66187028694138972  0.66825183916956987
  0.67470949434724381  0.68119740822386265  0.68772696670234867  0.69445474353166214
  0.70132303236938054  0.70814321259472546  0.71503733970611383  0.72202812992686782
  0.72915451033543055  0.73641259995283359  0.74372541271933423  0.75118779382083201
  0.75884310788904541  0.76667928759032844  0.77486201388690434  0.78323555734844452
  0.79173903913860855  0.80038942297019744  0.80936044431552856  0.81856081668243252
  0.82797906517622388  0.83766364167173224  0.84763928679201017  0.85818163302258954
  0.86916943673489266  0.88093976194838775  0.89368855774945222  0.90770520599823801
  0.92307296482418433  0.94056726483299513  0.96385560844358420  1.00000000000000000
 -0.03094679686428713  0.15763978982831436  0.21044652465489100  0.24552854076717684
  0.27303285266332550  0.29696387972488836  0.31814342234544285  0.33717712630537028
  0.35443549576815236  0.37014805915138849  0.38482521998188335  0.39861008427706279
  0.41155410380297863  0.42378211779285280  0.43551501622303901  0.44676818840034344
  0.45751221373104134  0.46778268546750013  0.47767312086082470  0.48713481828863786
  0.49618454970900305  0.50487745880281187  0.51333646553891910  0.52169124608274953
  0.52990106380295809  0.53792138860157501  0.54565985832644393  0.55314851460536663
  0.56047903660233067  0.56765139680180021  0.57468326397051139  0.58156091639047180
  0.58827650489836258  0.59481742798237425  0.60124229992172040  0.60756004625581306
  0.61380599512920375  0.61994265796345516  0.62594918400501209  0.63171010031292996
  0.63739925626837390  0.64315615812794136  0.64878024882350904  0.65436405621572813
  0.65982199625665239  0.66514346135322444  0.67036971872966700  0.67553787556753642
  0.68066057611876640  0.68572793787815656  0.69067522996780517  0.69553177877136885
  0.70036907051755426  0.70517418399924992  0.70993026332889064  0.71464486329089139
  0.71936578337433810  0.72406506937907067  0.72874967506978394  0.73336905911959394
  0.73791995917245234  0.74241223662251532  0.74687214475094810  0.75134894877212488
  0.75578489318248865  0.76025281850046456  0.76470322132144730  0.76911422509019400
  0.77353697091139229  0.77799017182415109  0.78248176433576677  0.78706022691287880
  0.79172233624103339  0.79642318204791474  0.80110668527864815  0.80576100902622905
  0.81039738969753983  0.81512497232459491  0.81998131747108427  0.82492916550002338
  0.83001132288470192  0.83522023113042088  0.84050850272370614  0.84585380707270030
  0.85130171419041789  0.85698145967958295  0.86292551858419264  0.86912639250164592
  0.87573414608448286  0.88290720255205712  0.89073775576246328  0.89955798024447331
  0.91001503448427923  0.92341402532458861  0.94473001009237834  1.00000000000000000
   5.0147545235280996E-007  -1.0000000000000000     
 F F F F F F F F F F F F F F F F F F F F F F F F F F F F F F F F
  <DiscreteSampler_grid>
  grouped_processes
  1 # 1 for a reference and 2 for a running grid.
  10 # Attribute 'min_bin_probing_points' of the grid.
  1 # Attribute 'grid_mode' of the grid. 1=='default',2=='initialization'
  0.0000000000000000 # Attribute 'small_contrib_threshold' of the grid.
  0.5000000000000000 # Attribute 'damping_power' of the grid.
 # binID   n_entries weight   weight_sqr   abs_weight
    10   10   1.416018785283780E+006   4.435894503373907E+012   1.416018785283780E+006
    11   10   1.416018785283780E+006   4.435894503373908E+012   1.416018785283780E+006
  </DiscreteSampler_grid>
