 -0.00251395334322817  0.01001201140757366  0.02046867695993467  0.03108980792249858
  0.04166629691136809  0.05237923663360601  0.06305310562994584  0.07364443321279847
  0.08406953188490024  0.09457307159533522  0.10513721098037489  0.11567503896806078
  0.12612710245273195  0.13662304676239709  0.14723679074978857  0.15783660950792278
  0.16826540201060583  0.17871243840668277  0.18929093725546189  0.19992864335496352
  0.21059330362524298  0.22120720206327421  0.23173545721116451  0.24207265272453488
  0.25237416617244757  0.26266744098608819  0.27297255780655655  0.28338745430339890
  0.29380383140804073  0.30416207948284385  0.31439161455213849  0.32465512300178662
  0.33488147220163528  0.34501025525295509  0.35524511307020162  0.36564737752006782
  0.37608806785129556  0.38645829421367089  0.39699153342884108  0.40758923231988436
  0.41810205072871742  0.42847699819158908  0.43877481034901494  0.44917747121519874
  0.45961165242578572  0.47013634288496392  0.48066177790466985  0.49111115977770664
  0.50156057325467807  0.51201950480111291  0.52243184703816159  0.53289329544616915
  0.54342559101067978  0.55423774000846582  0.56507664454044848  0.57575385366267262
  0.58632822337755952  0.59685409683919677  0.60749708695907156  0.61805822620603312
  0.62872771936254812  0.63933203117546589  0.64986212854750702  0.66030623554475520
  0.67081218892042815  0.68145562126951520  0.69214419089657997  0.70286403982576806
  0.71356363526986533  0.72433994401476298  0.73498487591836237  0.74562281974230782
  0.75619142680410523  0.76678152493455842  0.77738029288756627  0.78787484780016004
  0.79843764032386255  0.80901430690772891  0.81965822221959572  0.83020525224355357
  0.84085516999897114  0.85155915860851428  0.86236664416316877  0.87304148763918799
  0.88376945701948939  0.89445966064845028  0.90526489144154787  0.91602022405751904
  0.92674618535097397  0.93739837042238494  0.94778926323259127  0.95815300680271864
  0.96853485033086728  0.97901410681955303  0.98951745995940854  1.00000000000000000
 -0.00248436538531719  0.00924036681848806  0.01935886510838779  0.02968824898918200
  0.04012105539180713  0.05049453062613433  0.06091739532997369  0.07144726573574270
  0.08196492198631471  0.09244710301990287  0.10280883853095206  0.11334276395469682
  0.12387520432205065  0.13446042857642129  0.14482554683279616  0.15530861862563949
  0.16578736314896272  0.17616883861406260  0.18660061372731981  0.19717433833473516
  0.20775943743835096  0.21845568143439989  0.22914534270570266  0.24004264024956529
  0.25085312113915231  0.26164156782317111  0.27237165159311827  0.28306284928844694
  0.29361572061999569  0.30412888337766292  0.31460659985759754  0.32507243272394593
  0.33561651392033026  0.34610463635953642  0.35667466306584394  0.36709816831760933
  0.37764802316795071  0.38814505421217471  0.39867365041255087  0.40915581368528531
  0.41970911295035079  0.43031643530558461  0.44080973774617555  0.45121382684125649
  0.46161945632922058  0.47213003611338644  0.48265901322217469  0.49317430463245354
  0.50376607062898837  0.51434911424695806  0.52488016174230467  0.53536271216739983
  0.54598882767098422  0.55661973619899818  0.56714907633630218  0.57750975502068613
  0.58786047402749508  0.59829598610084989  0.60868697912616676  0.61907144863513108
  0.62937944888816977  0.63961072600477753  0.64987965158624150  0.66030216642905504
  0.67088561075375319  0.68148877389128026  0.69216139035326774  0.70298724468201101
  0.71370088172156021  0.72436278492682282  0.73497633532589268  0.74564772415664626
  0.75616057859284291  0.76671016997915642  0.77729139992843210  0.78794392848814132
  0.79851939178585007  0.80916735525054861  0.81989513850741913  0.83057933050060861
  0.84133882870033883  0.85193763102629683  0.86236219354712551  0.87271968136834832
  0.88341063719603441  0.89421741761088769  0.90472287095939297  0.91530410895997594
  0.92609167991506802  0.93690717096488085  0.94727127552240387  0.95761972983876742
  0.96819681146690517  0.97881923779029145  0.98938755402905787  1.00000000000000000
 -0.00261568193483763  0.00967940458182335  0.02040009130674389  0.03124367237039282
  0.04213451244582859  0.05290104498426575  0.06356135655190472  0.07415442674494342
  0.08464024468682052  0.09509640324379745  0.10560084505709783  0.11605182147562255
  0.12649731416259419  0.13696481206759759  0.14748593078914832  0.15803641638925778
  0.16858884216664879  0.17912927318603863  0.18967262960692649  0.20014576378824037
  0.21059325783414165  0.22087222267363410  0.23119204940660276  0.24169412500355950
  0.25236211097921718  0.26306067319760812  0.27367259665896093  0.28432974947717032
  0.29489181139680515  0.30539967772296595  0.31590769119528450  0.32636802616338501
  0.33688951252668620  0.34739215221388853  0.35807454346702039  0.36875123508432206
  0.37963311569162195  0.39054269693848281  0.40144632949885717  0.41209780590229794
  0.42252771534918110  0.43293606898303605  0.44330743473759443  0.45376140815205923
  0.46402069123573203  0.47433783795971080  0.48468077253662761  0.49507982954830215
  0.50548488171263350  0.51586632888483419  0.52628056414953350  0.53671188748884391
  0.54713060595685770  0.55754245720194928  0.56779983917129850  0.57805033687274010
  0.58846749708374579  0.59910258325497823  0.60978606734840213  0.62044394319404750
  0.63089935550057585  0.64141026535153767  0.65189575017073398  0.66244244004247488
  0.67288504766406065  0.68320644588200929  0.69353414195418628  0.70386933740040203
  0.71431153469106079  0.72478844079845373  0.73533192632679301  0.74587015767383458
  0.75647056219505682  0.76702077951956671  0.77770279069172088  0.78832948518926815
  0.79910044037032135  0.80986859689989799  0.82049414923645958  0.83113867695362520
  0.84165103389387241  0.85217659489423137  0.86253235558149910  0.87299659183945921
  0.88362098564508573  0.89435860337148709  0.90504232982281385  0.91574324043518474
  0.92638316658870778  0.93713856615526137  0.94782971877104538  0.95852495147119887
  0.96895276733594649  0.97944075650440832  0.98974376505766815  1.00000000000000000
 -0.01797000182258319  0.10001195913974339  0.13388597986080905  0.15544100384590748
  0.17329001076903044  0.18874514824054320  0.20265456390373879  0.21539400105428763
  0.22722739544047488  0.23829506743625559  0.24875618924481768  0.25865518679565563
  0.26810978171027366  0.27714037292879617  0.28584558725422277  0.29427293541638649
  0.30236786906609675  0.31028385688309107  0.31795133668109465  0.32541673811730182
  0.33274476813896425  0.33982574497621137  0.34679452222814461  0.35365606936130761
  0.36037477316689398  0.36698898966232579  0.37350663813575630  0.37991656296382798
  0.38624757327068499  0.39252827758668807  0.39873628697248575  0.40483320601076594
  0.41090718261719850  0.41692987946834242  0.42286385034629770  0.42876052897735584
  0.43463143843057322  0.44047177937288434  0.44627397661250656  0.45203689152468846
  0.45776724077884218  0.46345266182334127  0.46910793925723937  0.47475621752757580
  0.48038872897299928  0.48601133395206314  0.49163666810688922  0.49726262693548784
  0.50289527111222765  0.50852982756970111  0.51417634808181067  0.51982803024505486
  0.52548776758533000  0.53115182531658300  0.53682296936562512  0.54252300295197131
  0.54826464099587846  0.55403445464608592  0.55982543207324309  0.56565483421676876
  0.57152761280872844  0.57742352431783794  0.58336831999768202  0.58939457891124936
  0.59546646013985693  0.60155754939860329  0.60774878150589728  0.61401915138092389
  0.62035802530557116  0.62679179460029721  0.63333191093451235  0.63995893879903110
  0.64668407595654054  0.65354300431030921  0.66049524581024355  0.66755237737702855
  0.67486196950871535  0.68230972952816060  0.68997164311214931  0.69788961071332489
  0.70599137631140951  0.71443521246715558  0.72316345915442160  0.73222523198285028
  0.74169993808020118  0.75160769960262808  0.76205878653826797  0.77310966367148382
  0.78493441339253278  0.79767906871868499  0.81161306813194689  0.82711187977689427
  0.84507343174078142  0.86690123359623839  0.90115972911387254  1.00000000000000000
   1.8017113287280822E-005  -1.0000000000000000     
 F F F F F F F F
  <DiscreteSampler_grid>
  grouped_processes
  1 # 1 for a reference and 2 for a running grid.
  10 # Attribute 'min_bin_probing_points' of the grid.
  1 # Attribute 'grid_mode' of the grid. 1=='default',2=='initialization'
  0.0000000000000000 # Attribute 'small_contrib_threshold' of the grid.
  0.5000000000000000 # Attribute 'damping_power' of the grid.
 # binID   n_entries weight   weight_sqr   abs_weight
    10   10   1.419133855894629E+010   3.600153711129406E+020   1.419133855894629E+010
    11   10   1.419133855894629E+010   3.600153711129406E+020   1.419133855894629E+010
  </DiscreteSampler_grid>
