 -0.00246249740705817  0.00931378059463572  0.01935287824356079  0.02984647102201590
  0.04032504613148082  0.05075570299039801  0.06109541620617192  0.07141753186254381
  0.08162437368948378  0.09205905633410284  0.10242347967503700  0.11292853027109420
  0.12345785047074258  0.13431001618781671  0.14507013228759455  0.15580409333053952
  0.16643998340125105  0.17725040390323571  0.18787319525249227  0.19842274784965966
  0.20897108688795427  0.21974782484857291  0.23044875989180427  0.24114360625595252
  0.25180279866077437  0.26273159693861986  0.27366294523303525  0.28465426499061086
  0.29568193288905220  0.30664363205997169  0.31743508596909004  0.32798767769196141
  0.33851281509975584  0.34892013761786000  0.35928444759600003  0.36967417092969440
  0.38005646324188652  0.39048677482388605  0.40087551360563684  0.41134531881148223
  0.42172041259122850  0.43198715811173943  0.44230491534723693  0.45272208197267838
  0.46306575370988345  0.47343876889410957  0.48397929168882126  0.49473502692578625
  0.50557713804827853  0.51637070694637410  0.52726283806416552  0.53807122405749308
  0.54875214117914062  0.55933242732481658  0.56997151656469724  0.58069835836747452
  0.59137245239867808  0.60213900345715055  0.61304189252667973  0.62387777694171120
  0.63440489580626858  0.64482562443196989  0.65522170079403241  0.66565166373615214
  0.67604973701312943  0.68645201803364964  0.69689886461899775  0.70740217467886579
  0.71791293610518470  0.72843752617682778  0.73885214926472131  0.74927176086336289
  0.75971812038972986  0.77020824584857461  0.78063096183430236  0.79105420175536079
  0.80141477580001119  0.81177465925844994  0.82211016731753117  0.83248484241479981
  0.84296100296223342  0.85343138101705951  0.86377099895121190  0.87404262126339538
  0.88437343279937464  0.89464057025160959  0.90487522982985935  0.91505631890851746
  0.92566735706099834  0.93630253299964250  0.94704724973568610  0.95772000088451026
  0.96836076358554757  0.97903764272762184  0.98947190720769662  1.00000000000000000
 -0.00245970572813273  0.00951579889702962  0.01936762996233429  0.02980228100001639
  0.04016603639895439  0.05077844412275340  0.06128288196042970  0.07188803284246181
  0.08260286684819458  0.09320504741850447  0.10378223022860901  0.11419350418852593
  0.12450678779749060  0.13501083382596327  0.14538615013028319  0.15594309151274358
  0.16644068548242441  0.17707979309682761  0.18777133130003182  0.19836730835471464
  0.20892548317752080  0.21938910983478516  0.22978109527030824  0.24021176197635774
  0.25044905396490152  0.26092870921778322  0.27140618356132890  0.28190160344813026
  0.29234057547870435  0.30285531986279124  0.31346540580479565  0.32404059846430300
  0.33462667203226198  0.34511599227000089  0.35575035768731694  0.36624992408215790
  0.37675520143519586  0.38736591735511677  0.39807990022872319  0.40893327538299740
  0.41983738149754640  0.43068840634682065  0.44145446139780858  0.45196803412024616
  0.46255260491541100  0.47309988017669946  0.48360394438857657  0.49405494941913641
  0.50443187109294230  0.51481275675141558  0.52518212935000441  0.53554086092493292
  0.54586552990845094  0.55632603777969081  0.56691703903062685  0.57763243139066556
  0.58816818050686015  0.59864496817325841  0.60897999826981941  0.61937175409924650
  0.62976507468982112  0.64020958687206386  0.65071309596086013  0.66120246724384557
  0.67168936885274899  0.68209776537491629  0.69273762891701995  0.70357535206686284
  0.71435159746761545  0.72511395425585423  0.73573929951941019  0.74637026607126056
  0.75692488635132427  0.76750315760200016  0.77807589057211934  0.78861366701209035
  0.79907405563686884  0.80957859956389089  0.81999742767743156  0.83033402479439855
  0.84085463965301876  0.85130717259385358  0.86194047906409521  0.87252163335679789
  0.88321980199075245  0.89388503948354359  0.90451572033803129  0.91501614007925958
  0.92539082482359658  0.93570280623398128  0.94625626637896809  0.95687245382930908
  0.96776689754916823  0.97851463148682682  0.98931904806507498  1.00000000000000000
 -0.00234137883259239  0.00921133486218946  0.01908789301056806  0.02950632359919298
  0.04003307208487378  0.05042171931551579  0.06076890108269108  0.07102482580164285
  0.08137911794303571  0.09182527264946072  0.10238999093445524  0.11303985365975233
  0.12373209204271898  0.13458894351845666  0.14538655486094157  0.15594154361632312
  0.16638803823946616  0.17688029382142278  0.18741597908377877  0.19780751204705274
  0.20816982047277893  0.21854371510165224  0.22900410788761574  0.23943445261128760
  0.24996753190184354  0.26057167564533062  0.27118875544279208  0.28172897620269788
  0.29229830054213241  0.30287424544723596  0.31343984273012970  0.32392461147940765
  0.33445719123729012  0.34491435530217884  0.35539433045710511  0.36594146777088232
  0.37649615107866879  0.38690968314831375  0.39723609551533356  0.40746747663566130
  0.41773381179116342  0.42804226719317606  0.43848838952826036  0.44897704658870746
  0.45944893295711298  0.46980249792734541  0.48017263861041753  0.49056577479271435
  0.50123826265656968  0.51196310668546430  0.52258371386241531  0.53310693300171796
  0.54362549533853088  0.55427816706026445  0.56488998481306685  0.57547136759497153
  0.58602319446044604  0.59642075079990498  0.60680509239889213  0.61714559981371575
  0.62756411257189582  0.63803629821374941  0.64855959013357400  0.65911027408866951
  0.66974826335057525  0.68026024769143700  0.69073637454275005  0.70112598869916809
  0.71155979576190986  0.72211311613981988  0.73275560414537821  0.74361388414000029
  0.75446042895771948  0.76515206743488529  0.77592758602324374  0.78662869648820599
  0.79722722562447568  0.80767815393360609  0.81810988378511196  0.82876938845808157
  0.83941181093697204  0.85016727541748971  0.86091906089937931  0.87173896958357677
  0.88254887703736129  0.89333515285549259  0.90423031074524984  0.91511797150376861
  0.92588391394681513  0.93652660698650891  0.94709853716920911  0.95777850545782373
  0.96829974841019872  0.97893132142473593  0.98948884774608847  1.00000000000000000
 -0.01735476573229236  0.09989434120497029  0.13387595183976814  0.15553787443894823
  0.17344220634318497  0.18888845462750817  0.20276942201632861  0.21546882229275108
  0.22726669019771345  0.23829500280745566  0.24870765376776316  0.25857826484789098
  0.26802509041348349  0.27706030047816538  0.28576787948749599  0.29418017110578021
  0.30225537669195091  0.31014996920814591  0.31780305159292666  0.32526155191432099
  0.33259676398880333  0.33968362237387140  0.34665706378917743  0.35351731494520244
  0.36023482930890027  0.36684902384290424  0.37336948691480076  0.37978138249610555
  0.38610317245968839  0.39236669046511324  0.39856140324360573  0.40465688949500123
  0.41072461298219781  0.41674826211052640  0.42267057454714052  0.42857144046121581
  0.43444461314073762  0.44028034630561080  0.44606766600441644  0.45182975236963174
  0.45756692070111177  0.46327571825106667  0.46896156754310325  0.47463369377843173
  0.48029678369239570  0.48594901591908329  0.49159144807908706  0.49722901562473582
  0.50285474198004221  0.50848994929021007  0.51412332655384885  0.51976043703018615
  0.52541069284430697  0.53107788238801157  0.53676368899878635  0.54247432296730280
  0.54821329272364860  0.55397380203539803  0.55975727325239322  0.56558895947230670
  0.57145161763878882  0.57734219555732724  0.58326773773866436  0.58928273837132117
  0.59534522289852254  0.60142807325403924  0.60762097699171214  0.61389237407285335
  0.62022753946399745  0.62665251240156838  0.63318010664164492  0.63979102742360694
  0.64650190648078154  0.65336110071471021  0.66033841851953057  0.66743979443593737
  0.67477750839896289  0.68223445141093697  0.68988325175675014  0.69778868569341779
  0.70588531339183047  0.71432568286454012  0.72305047884676532  0.73211084328989273
  0.74157972762172297  0.75148234968525163  0.76192034180905932  0.77295805847771903
  0.78476873158270499  0.79749076898794558  0.81139705611088209  0.82687291500686844
  0.84470712215788557  0.86627464211597527  0.90038757248565049  1.00000000000000000
   1.7999468947625298E-005  -1.0000000000000000     
 F F F F F F F F
  <DiscreteSampler_grid>
  grouped_processes
  1 # 1 for a reference and 2 for a running grid.
  10 # Attribute 'min_bin_probing_points' of the grid.
  1 # Attribute 'grid_mode' of the grid. 1=='default',2=='initialization'
  0.0000000000000000 # Attribute 'small_contrib_threshold' of the grid.
  0.5000000000000000 # Attribute 'damping_power' of the grid.
 # binID   n_entries weight   weight_sqr   abs_weight
    10   10   1.711254506703425E+010   4.378951449365542E+020   1.711254506703425E+010
    11   10   1.711254506703425E+010   4.378951449365542E+020   1.711254506703425E+010
  </DiscreteSampler_grid>
