 -0.00250440093632202  0.00927490521798004  0.01936480709330198  0.02994548285095572
  0.04048718528635738  0.05101865711352451  0.06162517106393121  0.07250483674072952
  0.08328809518286091  0.09393413195606129  0.10446295417853034  0.11512352846147135
  0.12582014873758909  0.13656482890144461  0.14720186239322822  0.15776301010959040
  0.16817208101021763  0.17856298244879579  0.18912546317585199  0.19993371574489011
  0.21073277909518173  0.22138603627671183  0.23194827292396189  0.24244634118356340
  0.25287238264046630  0.26329152917731857  0.27375675374505176  0.28421459651618963
  0.29461490230148674  0.30500722826640125  0.31551823569413889  0.32603348956964934
  0.33660682518937901  0.34706061925990017  0.35762469377515371  0.36807789234319138
  0.37856675434436066  0.38909110348091408  0.39970970738677719  0.41033544539538408
  0.42079135775617160  0.43121100359984160  0.44159660327505973  0.45204711315097335
  0.46256148156366761  0.47320941490488228  0.48392318746214485  0.49464468473402617
  0.50517094999909185  0.51574796315040283  0.52633745562956569  0.53681773870257399
  0.54713630709604544  0.55739053152296203  0.56772356898986509  0.57815776659413820
  0.58868733971583143  0.59933090076594508  0.60981241638737871  0.62030547380564660
  0.63075287928831658  0.64125481594106926  0.65175527927791665  0.66234633995673375
  0.67309712663186838  0.68389043174404307  0.69464045737056412  0.70542506721683462
  0.71599878307486120  0.72652045955604316  0.73709669397015887  0.74759735370739822
  0.75805371529615895  0.76846937442575258  0.77918702531701034  0.79008490165534850
  0.80077230641208919  0.81132273104096508  0.82200584889400363  0.83263992782689800
  0.84338936910385931  0.85398659766976026  0.86463565700700529  0.87511981036264952
  0.88553301896623959  0.89589468018073570  0.90628286582187600  0.91667416798565882
  0.92717550340227251  0.93753158233620926  0.94784551971311248  0.95812076041461625
  0.96856123417163342  0.97906653887598194  0.98954296334863934  1.00000000000000000
 -0.00241503127914783  0.00965475058103067  0.01975262522053960  0.03035912608774186
  0.04089238513813967  0.05149990077548776  0.06215345226183858  0.07277439034199162
  0.08335884734209342  0.09378268768140906  0.10429167290517789  0.11477539362475367
  0.12509066793515522  0.13539299794498091  0.14573862077947078  0.15630286720507369
  0.16687201064898183  0.17749479710211991  0.18825459341576986  0.19905902311605692
  0.20977608219760588  0.22043885876408181  0.23102701601948630  0.24166272402354372
  0.25227246946849202  0.26286787183322308  0.27333348109082711  0.28377197753790789
  0.29429927504989251  0.30483035611967768  0.31521994281744253  0.32555533426036787
  0.33580783139939840  0.34632268943700784  0.35685664874423773  0.36756082257689665
  0.37819552481641711  0.38883538196991368  0.39942958828995356  0.40995171624763260
  0.42056970728330645  0.43114008447776792  0.44161931837677526  0.45209768506046144
  0.46262886244112938  0.47325715637141869  0.48376761724761524  0.49433501139756447
  0.50495195414337846  0.51565159986509346  0.52643954860916742  0.53713861838142907
  0.54768085407816014  0.55808222070713354  0.56865875291337842  0.57926047213572718
  0.58975784344007387  0.60010422759266879  0.61047382740653100  0.62093651894209156
  0.63146392789207606  0.64199721881395133  0.65249335489136284  0.66283694690299022
  0.67327671112392340  0.68377887128544212  0.69441373478582102  0.70505444449732257
  0.71575564984082141  0.72667936474202877  0.73738291106435283  0.74821844893735467
  0.75873923943142108  0.76912933957473495  0.77939855328081431  0.78971871053279696
  0.80020913006134176  0.81078523473489172  0.82125723031324749  0.83166962030351277
  0.84187962936581950  0.85216919682780079  0.86270285069264507  0.87332065539519355
  0.88392129815257181  0.89462793458647594  0.90555828886598666  0.91656981651100200
  0.92728101706885735  0.93788841916663035  0.94839501100391055  0.95895175437424029
  0.96928313227200624  0.97958160767430325  0.98979192051104203  1.00000000000000000
 -0.00244858431514492  0.00959547400779368  0.01972456403093251  0.03013853709048316
  0.04050893745146877  0.05067102988008126  0.06088490468722600  0.07121971134979599
  0.08159899275747257  0.09207320832915894  0.10239189658985852  0.11309686015864379
  0.12395775371961081  0.13473964645452660  0.14547525784153079  0.15601808299243430
  0.16664657526437432  0.17721453902124490  0.18773640679059619  0.19838647540672946
  0.20917329201075860  0.21992401814365251  0.23066802436777589  0.24111535331212169
  0.25163266505057591  0.26198346047657112  0.27245076852348832  0.28294894275568427
  0.29335860803235042  0.30368371281936468  0.31405617270517938  0.32479996073107376
  0.33547864401439775  0.34610408550945793  0.35664823972210802  0.36707652846904582
  0.37750238536734598  0.38792663533039090  0.39827954418149564  0.40855032273696096
  0.41885464575184000  0.42939530907090667  0.43971969969105162  0.45021060804440627
  0.46080928630356771  0.47179721605941477  0.48242293766746441  0.49294955193325424
  0.50344852453565225  0.51403059001588791  0.52465220678846702  0.53507657935045061
  0.54558981734680689  0.55618196360609851  0.56681018077849521  0.57728966588595543
  0.58798337510265897  0.59875255119827020  0.60945553615882753  0.61991234358115288
  0.63035118949810143  0.64074277635861754  0.65098406269232101  0.66128878768896981
  0.67161110477927188  0.68199220298392138  0.69246711396499216  0.70303583101785783
  0.71376048200047870  0.72434973297737304  0.73498652236365813  0.74563228131111892
  0.75631812916708274  0.76690565510534470  0.77749313342338700  0.78804334145418398
  0.79857302043420342  0.80906471933659951  0.81963602068285379  0.83025752230117855
  0.84097374613262621  0.85159082062256941  0.86224323035215189  0.87292661194317067
  0.88373440611477172  0.89463473951685168  0.90526124647553408  0.91598402985829097
  0.92662824962889412  0.93730454749377112  0.94774985225465236  0.95832099263718906
  0.96890183931389895  0.97942572536991324  0.98972376373626436  1.00000000000000000
 -0.01780644502523075  0.09961303815587499  0.13372416477658042  0.15533122213832976
  0.17316248930376787  0.18856440896638818  0.20243512054344404  0.21514266543372468
  0.22696552284466998  0.23803116906111346  0.24850392725128334  0.25843242051092102
  0.26792169436910790  0.27697446300498596  0.28567517373473644  0.29408261232750738
  0.30216389566598839  0.31006397468681612  0.31773547436532923  0.32520619553244756
  0.33256059988432946  0.33966302137888826  0.34664509300968616  0.35351004643640421
  0.36023887894805179  0.36686995350550722  0.37340948772026794  0.37983997909740658
  0.38617840308941637  0.39245524833380174  0.39865538809154122  0.40474991864059973
  0.41081501491262812  0.41683367795811843  0.42276661001622190  0.42865941525882806
  0.43452279709089670  0.44034220889998654  0.44611298437601143  0.45186005774549648
  0.45758006057412759  0.46326979918888633  0.46894468879845130  0.47461834026098931
  0.48028709037647394  0.48594367083114015  0.49158917033719285  0.49723167840707311
  0.50286884078536886  0.50850350012748957  0.51414433277391669  0.51979459708701292
  0.52546099841326965  0.53113665119623810  0.53681630862817276  0.54250882469117545
  0.54823166021853809  0.55398925853339276  0.55977461129781481  0.56560675175820252
  0.57148154685325236  0.57738602497235103  0.58332787146908938  0.58934683384345254
  0.59540419290739688  0.60149764462581412  0.60769632678805618  0.61396790042926741
  0.62029203346762607  0.62670098110711814  0.63321811363825931  0.63982654292245356
  0.64653598376178312  0.65339300125445388  0.66036651150537984  0.66744898308653144
  0.67478934756416975  0.68224219928045826  0.68990709830441632  0.69779909019778530
  0.70586301110398597  0.71425986567147126  0.72295804469136637  0.73199690753099611
  0.74144647266036501  0.75133084080627122  0.76177395742328047  0.77282316013928365
  0.78462349767716533  0.79732902728119071  0.81124102994454561  0.82669969749682803
  0.84456797643261960  0.86622316335918914  0.90034071561656881  1.00000000000000000
   1.8068546939051192E-005  -1.0000000000000000     
 F F F F F F F F
  <DiscreteSampler_grid>
  grouped_processes
  1 # 1 for a reference and 2 for a running grid.
  10 # Attribute 'min_bin_probing_points' of the grid.
  1 # Attribute 'grid_mode' of the grid. 1=='default',2=='initialization'
  0.0000000000000000 # Attribute 'small_contrib_threshold' of the grid.
  0.5000000000000000 # Attribute 'damping_power' of the grid.
 # binID   n_entries weight   weight_sqr   abs_weight
    10   10   1.735064792704702E+010   3.775158196639994E+020   1.735064792704702E+010
    11   10   1.735064792704702E+010   3.775158196639994E+020   1.735064792704702E+010
  </DiscreteSampler_grid>
