 -0.00247750663825706  0.00957838918280015  0.01976074456352200  0.03028345358881464
  0.04081404183798099  0.05134379756011893  0.06187578823571452  0.07242576632230846
  0.08297140955498880  0.09350815737820517  0.10404240770475415  0.11458657771705977
  0.12513337599054603  0.13567826471629257  0.14622203681315432  0.15676148410699778
  0.16730549550412047  0.17784016262192673  0.18837973814193504  0.19891923472697348
  0.20946186143644457  0.22000662633982854  0.23054847652398830  0.24108658644137773
  0.25161671175277445  0.26214564058358170  0.27268286450777274  0.28322567423343215
  0.29376622319901896  0.30430639817553889  0.31484453906863413  0.32538658644334700
  0.33593044692828478  0.34647591307106568  0.35701256061246484  0.36754717484302502
  0.37807417304392521  0.38860250353504577  0.39912912510905352  0.40966142048922499
  0.42019478405648797  0.43072680864337082  0.44126695203697558  0.45181426614860154
  0.46235855802658199  0.47290354992606770  0.48344815257019236  0.49400151116461222
  0.50455440431817222  0.51510076224850565  0.52563937496367674  0.53616803153359704
  0.54670268381580034  0.55724538360486209  0.56779623252198064  0.57834527600328545
  0.58889363402175454  0.59943055759184916  0.60996438302007716  0.62048610178654906
  0.63102165034672641  0.64156231516376228  0.65210955857456321  0.66264933224235001
  0.67318962892850276  0.68372358250162357  0.69425416016122532  0.70477563358491402
  0.71530408145962909  0.72584275415522226  0.73639234151012101  0.74693672942722189
  0.75747936074193745  0.76801919360085802  0.77856548636951650  0.78911363642368770
  0.79965311403408690  0.81018894603401193  0.82072499846261848  0.83127233234900155
  0.84181995897247153  0.85236807232526657  0.86290956802086527  0.87345639077872417
  0.88399373434688266  0.89453809733569001  0.90507967736433126  0.91562800985413262
  0.92617510066042252  0.93672581790015830  0.94727842464590395  0.95782288927421655
  0.96836870994092850  0.97890667591120184  0.98945461346306562  1.00000000000000000
 -0.00252123724918244  0.00950654480554761  0.01967498781466041  0.03019272500788031
  0.04073512176665695  0.05126903985004266  0.06180293555570537  0.07234435848418018
  0.08288857772536085  0.09342931506281189  0.10397018245604385  0.11450692955564683
  0.12505334534615190  0.13560112867638724  0.14615419449398734  0.15669854987655857
  0.16724083779815757  0.17778239874859045  0.18833373887965507  0.19888099615619229
  0.20942520838246964  0.21996831020254404  0.23051586973608268  0.24106721709495713
  0.25161536191890221  0.26216635803502120  0.27270863846499160  0.28325617073707132
  0.29380184518521063  0.30434259609400005  0.31487165482201329  0.32539942643197989
  0.33593719093129210  0.34647553529125197  0.35700746718461202  0.36754017746126022
  0.37807906456481705  0.38862617360146601  0.39917788300717749  0.40972847824322711
  0.42026865212153081  0.43080422712355204  0.44133722801201986  0.45186560404677317
  0.46239346717345209  0.47292266978244102  0.48346175586479845  0.49399363696686283
  0.50453118874485814  0.51506462500832129  0.52560511426285716  0.53614785794820807
  0.54670081995008213  0.55724893633012451  0.56779378451698381  0.57832974159853079
  0.58887377567811350  0.59941995023023353  0.60997405046943953  0.62052860197863691
  0.63107637823139751  0.64161986668096593  0.65216007706922818  0.66270535835800815
  0.67325360546889623  0.68380482584428459  0.69435516653510254  0.70489744730088466
  0.71542829500266736  0.72596367880454249  0.73649689149188713  0.74704038620971813
  0.75757631281718640  0.76812506319616747  0.77867106142199183  0.78922454427883348
  0.79976418628295176  0.81030797126637055  0.82084161946929990  0.83138365904907796
  0.84192721826283268  0.85247383474466221  0.86302354430571893  0.87356921162444245
  0.88411460182960466  0.89465799613237751  0.90520540500913238  0.91575719612962447
  0.92630337375492633  0.93684812967571818  0.94739408243871914  0.95794115959453940
  0.96848799954834530  0.97899477629862197  0.98950730658587005  1.00000000000000000
   1.2077105864985421E-009  -1.0000000000000000     
 T F
  <DiscreteSampler_grid>
  grouped_processes
  1 # 1 for a reference and 2 for a running grid.
  10 # Attribute 'min_bin_probing_points' of the grid.
  1 # Attribute 'grid_mode' of the grid. 1=='default',2=='initialization'
  0.0000000000000000 # Attribute 'small_contrib_threshold' of the grid.
  0.5000000000000000 # Attribute 'damping_power' of the grid.
 # binID   n_entries weight   weight_sqr   abs_weight
    10   10   1.946898240000001E+006   3.790412756915101E+012   1.946898240000001E+006
  </DiscreteSampler_grid>
