 -0.00255491738264448  0.00959182811220637  0.01986930559410362  0.03043886016008876
  0.04095155912758398  0.05144887195220803  0.06198333485962941  0.07255790581321291
  0.08300457799570590  0.09351726561463013  0.10398157268484744  0.11447668646252175
  0.12500926379069466  0.13570337238801827  0.14636726488642735  0.15694264355088880
  0.16752705304567986  0.17800699494017747  0.18856012238340522  0.19909080675093047
  0.20959394053140920  0.21998038857048779  0.23035556838528384  0.24094958025811034
  0.25154012693844835  0.26222388030431276  0.27286907208379696  0.28356225752696923
  0.29423297354112987  0.30488223944027032  0.31554611587134829  0.32608634470897346
  0.33656381573485905  0.34698477397924765  0.35755799912057096  0.36821361338039360
  0.37895586977626622  0.38957877102026306  0.40024196471953810  0.41093563478181944
  0.42160095780195139  0.43213900057628718  0.44264591345864462  0.45316743796510245
  0.46368774300265997  0.47417873316633241  0.48460150647752059  0.49506026959574101
  0.50560803949851185  0.51620381960142037  0.52668487178357060  0.53706869558784698
  0.54733163893871473  0.55766608306418686  0.56800126017576014  0.57835075630133992
  0.58870029276814029  0.59895332711547555  0.60921627824173941  0.61946095835109038
  0.62980496114349649  0.64012536022897060  0.65050276233156457  0.66090231575732694
  0.67148760230040228  0.68223883934595309  0.69279953384820048  0.70323406520464005
  0.71354959362952031  0.72392304861040790  0.73434158590230092  0.74481345652256892
  0.75534616382697006  0.76598147772538994  0.77662533884099660  0.78727960858351431
  0.79795393840082529  0.80860942478458320  0.81920110426307957  0.82979752785585248
  0.84050855290170456  0.85124128669339083  0.86195610124234656  0.87270180477559789
  0.88366426193962078  0.89443693715181083  0.90511561733251655  0.91570036653875364
  0.92641457350479850  0.93709315919213954  0.94757510598139050  0.95820533476181613
  0.96875225959782951  0.97920306542978608  0.98952383718781989  1.00000000000000000
 -0.00246143089109195  0.00949495143219754  0.01951804255512616  0.02995790089516135
  0.04048107183692590  0.05111888034261344  0.06173106967190685  0.07224925412528072
  0.08270098847254882  0.09310976059865382  0.10339588606529396  0.11360849583104583
  0.12390359618910561  0.13439641878425335  0.14500265499211668  0.15550459438123712
  0.16599980166191883  0.17671913147320531  0.18742488435882398  0.19789026572211540
  0.20824332639879770  0.21877075054084824  0.22939075868096417  0.24007619812839678
  0.25067114304927862  0.26131592865634062  0.27187547237293602  0.28229325091930207
  0.29282239633131729  0.30317170510660041  0.31355391005592570  0.32397990168854390
  0.33438241164917187  0.34496056384068752  0.35553464071569535  0.36633930137043208
  0.37712781585354349  0.38786899307563039  0.39868588841593633  0.40939953185330796
  0.42012952004477527  0.43069289710925979  0.44128297610373329  0.45178679975934899
  0.46221382854583337  0.47261424084042170  0.48310192888847264  0.49378638997463392
  0.50441136308351064  0.51500575016782668  0.52563696418964412  0.53637055665869082
  0.54707250296315013  0.55772484954189461  0.56839005646326268  0.57909962456622288
  0.58973219737002081  0.60035561023291162  0.61102712694174799  0.62162951653762466
  0.63218547368576572  0.64260441253112788  0.65300667632527309  0.66342311374688612
  0.67389157442571823  0.68429705962870158  0.69472630895202103  0.70517037791675696
  0.71577606679849815  0.72650677339275205  0.73725610960075572  0.74788552090728522
  0.75831090828736358  0.76881177655161170  0.77940121513669680  0.79012955400067875
  0.80073615530691145  0.81148314355637108  0.82219262533977655  0.83291461465165761
  0.84350520520844618  0.85410290954794787  0.86447569468136531  0.87489385288138521
  0.88527156415749575  0.89572510178861919  0.90600450151785294  0.91628751852578449
  0.92679095703260161  0.93724651384389301  0.94771866270780847  0.95812364192246235
  0.96875473204543805  0.97917526210602390  0.98958477900176522  1.00000000000000000
 -0.00240741036994885  0.00937414231438187  0.01924385294028184  0.02943212246058772
  0.03959155781562271  0.05004552179529685  0.06048083470848917  0.07095085806146731
  0.08130067679086356  0.09175699464850086  0.10233690067095269  0.11273502119711029
  0.12309433189972320  0.13356599524012042  0.14416662458365875  0.15481694528179779
  0.16551148194535029  0.17603816165583019  0.18668582823113317  0.19706887778399063
  0.20747512962604137  0.21774309754813395  0.22811617514168378  0.23885851023581012
  0.24963143124345027  0.26029125820763893  0.27096736393129806  0.28135198603140854
  0.29179622968706448  0.30214622001442770  0.31254475073044269  0.32291421321589364
  0.33324190305756957  0.34381661842866024  0.35430800386667599  0.36485606261704173
  0.37546023927099598  0.38613389914904589  0.39672635558655384  0.40728932562203130
  0.41781362494701213  0.42827071294739760  0.43884068194709369  0.44951496906450494
  0.46027240846991008  0.47093598118586610  0.48166770711293072  0.49244776237590127
  0.50310201472073723  0.51366775962740074  0.52416229242787515  0.53461216729721761
  0.54504462171313006  0.55552600367400717  0.56608052783640150  0.57670098962903049
  0.58736180075538680  0.59805080854498194  0.60859750849680372  0.61921338877525323
  0.62980371000376933  0.64040861421467998  0.65081357038158594  0.66113282085841418
  0.67156453039103470  0.68204978782590853  0.69268495684465947  0.70327522791756858
  0.71386174336267405  0.72443176304564771  0.73494872944469170  0.74538278262734470
  0.75590593289952135  0.76640314188797098  0.77698200045948651  0.78732822473482444
  0.79782406445333254  0.80837991833150069  0.81904903426959197  0.82973847277490198
  0.84049956793410163  0.85124952141552035  0.86191823264334333  0.87263504410825909
  0.88330732082458008  0.89386606163931481  0.90441257613357517  0.91504123193229336
  0.92570373167106501  0.93634449497787153  0.94676622997778281  0.95730514464272387
  0.96787617940064863  0.97865047691507867  0.98929258730624736  1.00000000000000000
 -0.01751068134603943  0.09988679171815454  0.13385739585069131  0.15541744388381565
  0.17306923242989541  0.18834409806241423  0.20219932984054856  0.21494983694244879
  0.22679987753606309  0.23785772757302814  0.24828927136060516  0.25815944787056050
  0.26760314089351728  0.27666041707307104  0.28538474792942153  0.29382322112601272
  0.30190242749100488  0.30980246134812750  0.31746854146289527  0.32493405124991509
  0.33229024760250214  0.33939930614560182  0.34638744449554848  0.35325713611195914
  0.35997431490322479  0.36658405242134495  0.37310316731499538  0.37951670442256435
  0.38584555665164677  0.39212479793223831  0.39833668452533844  0.40444012494612452
  0.41050540388605861  0.41652646739041160  0.42246979981578853  0.42837774102466947
  0.43426361704558475  0.44010446550832988  0.44588902512127920  0.45165162576056450
  0.45739336200909181  0.46310971788813193  0.46881048184880136  0.47450090505742720
  0.48017265040740820  0.48582268902224085  0.49145624788481229  0.49708043647627664
  0.50271417784657135  0.50834877409726165  0.51398917602080330  0.51963935191845312
  0.52530526207862394  0.53098459924387953  0.53667648222930719  0.54238743236898612
  0.54812546415103636  0.55388659513730909  0.55966531543134235  0.56548886561454526
  0.57134876351672026  0.57724128778169304  0.58317331911030146  0.58917940682822356
  0.59524107443544461  0.60132858121102550  0.60752710603219273  0.61380396500559864
  0.62013819378084190  0.62656029537715363  0.63309134478684836  0.63971704822381437
  0.64644561029141590  0.65331896181001858  0.66031114444641037  0.66741637894894368
  0.67477626850640449  0.68223128273063161  0.68988181246060110  0.69778470253808544
  0.70587728797692328  0.71431745344296571  0.72303768122418177  0.73209851836298168
  0.74157386273890002  0.75147373472043810  0.76191387880830441  0.77295965448317405
  0.78477466785161509  0.79748031025341104  0.81137081693859348  0.82683856610005102
  0.84474741733246606  0.86634667530069398  0.90043508490056168  1.00000000000000000
   1.8064110183551748E-005  -1.0000000000000000     
 F F F F F F F F
  <DiscreteSampler_grid>
  grouped_processes
  1 # 1 for a reference and 2 for a running grid.
  10 # Attribute 'min_bin_probing_points' of the grid.
  1 # Attribute 'grid_mode' of the grid. 1=='default',2=='initialization'
  0.0000000000000000 # Attribute 'small_contrib_threshold' of the grid.
  0.5000000000000000 # Attribute 'damping_power' of the grid.
 # binID   n_entries weight   weight_sqr   abs_weight
    10   10   2.382461487563002E+010   6.602823891311728E+020   2.382461487563002E+010
    11   10   2.382461487563002E+010   6.602823891311728E+020   2.382461487563002E+010
  </DiscreteSampler_grid>
