 -0.00229828500754933  0.00953131559925210  0.01958375938441859  0.02990598475633654
  0.04028580325464077  0.05099851486623982  0.06189304682230320  0.07259329085173484
  0.08328958582402880  0.09390344354010335  0.10438217053083149  0.11476258563622579
  0.12514542373661028  0.13581924760965183  0.14633382892324298  0.15718886936302348
  0.16790650089291023  0.17883288562837513  0.18958234138905636  0.20018006712704847
  0.21074579502160387  0.22114344568912175  0.23162639528769760  0.24190307676777628
  0.25231046241584687  0.26277756991363088  0.27332011748828405  0.28413195811493752
  0.29485387384977269  0.30583621336222544  0.31666569575885395  0.32746824578645495
  0.33833649426558493  0.34909654227326176  0.35970376099403706  0.37013430373061890
  0.38062536280130288  0.39094575878169940  0.40134855848856654  0.41175861969795030
  0.42225097267695844  0.43254581277897658  0.44308024926988931  0.45343936169032423
  0.46374533749524127  0.47390339850600322  0.48426587335752047  0.49480876484569586
  0.50563264994000523  0.51663505996630665  0.52733720556668084  0.53785295845637415
  0.54852317617791979  0.55932640419931889  0.57003424075798481  0.58058915429651137
  0.59135933214994318  0.60202968390996958  0.61269317914689259  0.62318933158502832
  0.63357034328075479  0.64398414599069609  0.65448826609855137  0.66508706833148767
  0.67567305304219394  0.68613370096532234  0.69666786987010032  0.70717468819643259
  0.71800065760336129  0.72894975150037633  0.73998565315177711  0.75081409694578538
  0.76157467629632492  0.77210200070715573  0.78259057276297617  0.79298940472686286
  0.80336840432909251  0.81358021340848663  0.82378949214046893  0.83403771551249628
  0.84421737697257437  0.85413148404203354  0.86423096508293840  0.87455814497838913
  0.88498506480916550  0.89544563965687407  0.90596415681742126  0.91675063117293809
  0.92724128015689167  0.93762863246430295  0.94777652437689575  0.95794128172307391
  0.96836328542757455  0.97886780181368127  0.98943031990461727  1.00000000000000000
 -0.00247310605215166  0.00939341843386743  0.01967728368641754  0.02999529102919850
  0.04042140383456293  0.05063472847940069  0.06097837776507616  0.07137162769391764
  0.08176536431801190  0.09214244500203499  0.10251858635793691  0.11299260620936487
  0.12347790692428859  0.13398979662550353  0.14445732493438709  0.15479803005225176
  0.16523814313811491  0.17567805748625412  0.18609838237206122  0.19667911839387506
  0.20711147473821173  0.21780624571767096  0.22816214798210518  0.23882525441819294
  0.24941726286218260  0.26047892168496756  0.27153409971319847  0.28275180578073739
  0.29376521170795283  0.30451797866984848  0.31533006066223074  0.32621926105674898
  0.33721982217655089  0.34800616480095747  0.35880630825613974  0.36969020975525357
  0.38039693696918903  0.39097312627459363  0.40158518205552263  0.41220621035745164
  0.42265679024051761  0.43300676819206735  0.44342923565020320  0.45394543034498858
  0.46454644101041570  0.47519000862156324  0.48584796560574273  0.49628024016938094
  0.50666208481804620  0.51716286699759872  0.52766412955987485  0.53789629455094123
  0.54835574760796058  0.55888282915973897  0.56939297838531133  0.57958949420285799
  0.58964125485818064  0.59973003387144330  0.60995174344773384  0.62037195404776335
  0.63090499001590250  0.64162058742861661  0.65238789431548683  0.66310796909339531
  0.67357552015541844  0.68414575751350104  0.69446053590909129  0.70474507501945438
  0.71506124343074440  0.72534553100649579  0.73566200918734181  0.74590307183999649
  0.75654278951189646  0.76743070593134355  0.77840292305444214  0.78943189428193827
  0.79997769433433663  0.81067370794989269  0.82107937626788430  0.83166976620181132
  0.84190635740466302  0.85211580785082108  0.86240964169948242  0.87285493549970661
  0.88371869291656324  0.89474259331556072  0.90549422036013538  0.91603904451125184
  0.92644117634844303  0.93689121896174654  0.94728521443715197  0.95766025493955287
  0.96817833644051909  0.97879051266769368  0.98931083559141508  1.00000000000000000
 -0.00197949112892152  0.00927521895846796  0.01881103743536654  0.02928937081257883
  0.03955167320282300  0.05041475424598655  0.06132079049867125  0.07210592618364414
  0.08282805741489160  0.09321399476135715  0.10344120699588193  0.11365160108014734
  0.12394641063943039  0.13441662783252489  0.14475061262945296  0.15516832774863248
  0.16576749311354935  0.17647905320379667  0.18696015973196353  0.19745526814749850
  0.20802479836510268  0.21894658664647065  0.22984002921529625  0.24077153132377957
  0.25180258796872806  0.26285590483458926  0.27408338186775760  0.28523349070188381
  0.29623581199180088  0.30688128883629257  0.31744745196732516  0.32778550639491305
  0.33811121113788101  0.34830371885246669  0.35840731243542595  0.36867160176474395
  0.37912517713564803  0.38980788995535903  0.40040111968423392  0.41087138282414681
  0.42169148827227554  0.43250850876628494  0.44322717234623665  0.45377426438870300
  0.46436042927440352  0.47499523609390071  0.48557560198341798  0.49607213811043394
  0.50652181078803227  0.51689140519432686  0.52714806587016094  0.53752803481457057
  0.54797585171309304  0.55847026174179204  0.56883117508409964  0.57916305337634222
  0.58954418615202064  0.60006358448161001  0.61068064195846328  0.62135061757480547
  0.63187292816568918  0.64242681254601031  0.65296873905799035  0.66361263050612462
  0.67419856934199207  0.68487080628801900  0.69569953538410101  0.70665712039144568
  0.71739250800136567  0.72809501696806700  0.73856087362221712  0.74908146954240751
  0.75932211239305181  0.76950455750328250  0.77974174379108652  0.78994724704883468
  0.80004610496172124  0.81014344064489163  0.82066985164433370  0.83137036087622862
  0.84206557351505584  0.85281064558998720  0.86376390546293758  0.87466630372669474
  0.88504725607565238  0.89561444125851308  0.90606763588859895  0.91659902758139777
  0.92700400132581751  0.93730336797640046  0.94762493114615154  0.95784001484690062
  0.96846966689484704  0.97893526050033353  0.98940556889951170  1.00000000000000000
 -0.01952276686842027  0.11932810198078748  0.16596247090248339  0.19773012826210395
  0.22413839373509192  0.24672904027322615  0.26682823076381085  0.28516661162808898
  0.30214126803777974  0.31797890870171674  0.33296950704046380  0.34720790572492122
  0.36076144410581656  0.37376938370211193  0.38628548253087380  0.39846126444749080
  0.41022834823763465  0.42169180535228046  0.43279548061816436  0.44364367645501179
  0.45421163529949382  0.46456201807781849  0.47466194080064267  0.48454343266519262
  0.49420921647431487  0.50369570366366678  0.51300127462430400  0.52213369550851452
  0.53107302893473363  0.53986072162521459  0.54843478862236028  0.55684055909311336
  0.56508069374399439  0.57315472933233857  0.58110136447110450  0.58888073335628921
  0.59652780105901326  0.60405145062034526  0.61139931843063267  0.61860775097408882
  0.62569008907167900  0.63263542123518146  0.63948668952091203  0.64627337558081022
  0.65288589105533190  0.65939443357052985  0.66582435441266496  0.67208331189692938
  0.67825348422807019  0.68434308613591321  0.69032463963705815  0.69619724014477669
  0.70201662735238324  0.70776330552880906  0.71341064157886569  0.71897923964807620
  0.72449099360614111  0.72992881496356843  0.73528268790150941  0.74057454316928795
  0.74583844749997075  0.75100667973349411  0.75609963093087063  0.76115836715423923
  0.76619930439272554  0.77121539718116450  0.77620068382392293  0.78116025840500325
  0.78610235773172532  0.79102983091091439  0.79592395509842129  0.80080755438091744
  0.80568593670235922  0.81057207590061342  0.81547604770171866  0.82038870547494092
  0.82530549869582426  0.83023996260867883  0.83522449502895368  0.84031051512185972
  0.84544688324650230  0.85061630783964948  0.85595373359355564  0.86143106711941764
  0.86700421589850607  0.87268302477647808  0.87865678724959195  0.88495899826255564
  0.89151141996844985  0.89854571290164587  0.90627827174756370  0.91478797545866342
  0.92490512787461499  0.93765488055357427  0.95734751334594437  1.00000000000000000
   2.9399707285711438E-009  -1.0000000000000000     
 F F F F F F F F
  <DiscreteSampler_grid>
  grouped_processes
  1 # 1 for a reference and 2 for a running grid.
  10 # Attribute 'min_bin_probing_points' of the grid.
  1 # Attribute 'grid_mode' of the grid. 1=='default',2=='initialization'
  0.0000000000000000 # Attribute 'small_contrib_threshold' of the grid.
  0.5000000000000000 # Attribute 'damping_power' of the grid.
 # binID   n_entries weight   weight_sqr   abs_weight
    10   10   8.185753313347597E+004   8.399095768439148E+009   8.185753313347597E+004
    11   10   8.185753313347597E+004   8.399095768439148E+009   8.185753313347597E+004
  </DiscreteSampler_grid>
