 -0.00253594204060515  0.00958552910175562  0.01975878989376613  0.03030220788252911
  0.04095591271305473  0.05145801277839836  0.06195145662863985  0.07228511453746668
  0.08262237317219465  0.09297393555766026  0.10339202429693699  0.11372838426818942
  0.12409499619494087  0.13449671512882919  0.14497556819225496  0.15541638900255256
  0.16587445452017011  0.17635280940989712  0.18672104706793113  0.19708878237519939
  0.20737117610547845  0.21791449711303701  0.22847507622317312  0.23925115442563097
  0.24991069796389187  0.26049898382847281  0.27110046059526766  0.28179823541111687
  0.29241381328735988  0.30310684373384522  0.31379499750030981  0.32437082819389307
  0.33488153692040734  0.34539515587101061  0.35601547006026635  0.36654936064776406
  0.37709290717078653  0.38743565759005827  0.39773421936779924  0.40782418610565224
  0.41791896319999977  0.42818954718186492  0.43845424858813364  0.44898518102797358
  0.45948687321513904  0.47020915111399952  0.48101961360003154  0.49178298488492728
  0.50234629694837307  0.51274565761566260  0.52311804217101410  0.53343341783789255
  0.54382890427122588  0.55417849363036464  0.56456475585471533  0.57515048651307865
  0.58584125704779766  0.59676567645921652  0.60759446129367745  0.61842131339122453
  0.62929095124140666  0.64018770324385421  0.65108693385280791  0.66181392025902797
  0.67245164051768935  0.68299592615360483  0.69362569938846674  0.70424656076162684
  0.71499979262588742  0.72564985622043110  0.73635976303214323  0.74708050699609097
  0.75765226046919110  0.76816447213209949  0.77857644177602614  0.78917275979951795
  0.79981733380542963  0.81050949715341969  0.82116163293639255  0.83174933209701851
  0.84251460103087183  0.85316968879692101  0.86368576736148828  0.87412981115379484
  0.88452360889638637  0.89504504207101510  0.90530639092540122  0.91561501988597338
  0.92608228528219139  0.93645674166608805  0.94698591359789086  0.95738970188218708
  0.96814822875979656  0.97881838512206953  0.98943569194436654  1.00000000000000000
 -0.00243003942458452  0.00971208052099213  0.02000378260791578  0.03066450254998127
  0.04137539574126681  0.05213528461882215  0.06295998942112090  0.07357876145750296
  0.08421727020895010  0.09482392187258837  0.10554929502314130  0.11624502565469076
  0.12685199799479652  0.13751069823838230  0.14817374341805511  0.15891827979433040
  0.16955460437321102  0.18019391297383286  0.19072116734936406  0.20113412755418028
  0.21144829130565945  0.22180547718753918  0.23217852500836267  0.24273881501255357
  0.25330412640871586  0.26401416721355958  0.27468874818663863  0.28543005724728110
  0.29608036351830419  0.30675788074425564  0.31743267768943900  0.32813831002158983
  0.33879967208795980  0.34934566371632819  0.35989436738315433  0.37044921049902607
  0.38114082219365331  0.39180846679363451  0.40226217300549977  0.41258635020696038
  0.42306433799123594  0.43368780530039469  0.44429521432622410  0.45488177708879635
  0.46540697189670327  0.47603016934795545  0.48649859735062917  0.49714440492136663
  0.50776937743170703  0.51848788731207673  0.52924058106511418  0.54011092077010026
  0.55079769643972043  0.56149147912170605  0.57205556148901471  0.58250912624941609
  0.59289417429450086  0.60319791401150480  0.61363054926557392  0.62414811109979706
  0.63486410409392535  0.64552021871719567  0.65589236011557639  0.66635298240395469
  0.67688016938031648  0.68750685911908083  0.69804006614874115  0.70862896078740445
  0.71918632135704919  0.72963109450168151  0.73977144882612333  0.75004794273110187
  0.76041821814565969  0.77098676780762176  0.78137578481603254  0.79175130116920656
  0.80231123714006691  0.81288976400798274  0.82328552918211906  0.83363320014195896
  0.84412334623570251  0.85460727694369720  0.86498709626235959  0.87520904030394897
  0.88549436897830403  0.89579029555226741  0.90626399185694306  0.91671457716393911
  0.92712446182888097  0.93758852835382089  0.94819323472510386  0.95878620684769522
  0.96912134092819313  0.97946046977483370  0.98977359498337558  1.00000000000000000
 -0.00247977000494319  0.00946208264901551  0.01958371093561604  0.03023089880420212
  0.04082793601961502  0.05137446983438002  0.06195066133707836  0.07243495435068351
  0.08304990537295294  0.09356591054961831  0.10422061887602943  0.11474607544390532
  0.12526387625102373  0.13574789142895249  0.14627056048138903  0.15683076151367273
  0.16737978508767426  0.17768219732691995  0.18794465634532551  0.19837729674003685
  0.20885196544673151  0.21939320834066617  0.23001313708791876  0.24083297433464657
  0.25165370913804846  0.26230583821606679  0.27291714611493556  0.28339819548650269
  0.29375021089342174  0.30405141384960871  0.31431176037093450  0.32468883162858492
  0.33503759774210035  0.34556289960370634  0.35619067811728783  0.36688031789749587
  0.37754568922561255  0.38815956802067747  0.39873185400685052  0.40928999106192543
  0.41976614561251402  0.43032032263380054  0.44078939375918907  0.45142819394760775
  0.46208693074517360  0.47274060426799452  0.48319308328477623  0.49345968472475077
  0.50387580229315732  0.51434021125657636  0.52483192770416021  0.53534736074049838
  0.54589036937802982  0.55658230016152332  0.56720676088654953  0.57775444423517219
  0.58829899237888084  0.59891533639840611  0.60952355450707840  0.62002392806911322
  0.63054446736772973  0.64111400976163924  0.65198850498137695  0.66276004993758764
  0.67349675700495559  0.68413623341502872  0.69465263232938512  0.70522859542918592
  0.71573415175973953  0.72623910110123768  0.73675383433062058  0.74733307214267530
  0.75798599551689205  0.76862757319051467  0.77925618211254921  0.78995750615468974
  0.80061512047181804  0.81122112196685214  0.82185886951090648  0.83251008010919070
  0.84296354828108810  0.85336799278483155  0.86374207125281666  0.87422615998222442
  0.88461893185693774  0.89499684009208191  0.90545026026300457  0.91590066207689491
  0.92639238914124034  0.93672216783706053  0.94714820364682017  0.95762187451956970
  0.96813798373970705  0.97866749631149497  0.98927385352521757  1.00000000000000000
 -0.01738705059059750  0.09950309919828910  0.13368059723560896  0.15528538287264027
  0.17313923005875842  0.18857983134852832  0.20248762019196612  0.21521589437623612
  0.22703862136923808  0.23809204305800247  0.24853801876288578  0.25843565609162755
  0.26789475013180070  0.27693412175223708  0.28562687450648910  0.29402974089642808
  0.30209919264536106  0.30998832379482605  0.31764220705476715  0.32509786447771782
  0.33244527233413979  0.33953595443677842  0.34651188424898255  0.35337368660993440
  0.36009286488908304  0.36671011245066187  0.37323698430397240  0.37965571827115679
  0.38598039536228357  0.39224083779736457  0.39842624843111729  0.40451798589542165
  0.41058032993439331  0.41660009119148522  0.42253711461454357  0.42843354908130371
  0.43430267481009049  0.44012928110313654  0.44590368105667150  0.45165404072157983
  0.45737776900227139  0.46307430135463751  0.46875676593778343  0.47443077062002659
  0.48009070136887938  0.48573857386936986  0.49138140576081590  0.49701592933657729
  0.50265566136785833  0.50829159702470783  0.51392653906275687  0.51957343193987748
  0.52522908996047679  0.53090018671698314  0.53658677618105577  0.54229724727506479
  0.54804402671043462  0.55381955980084818  0.55961272473766177  0.56544728139518274
  0.57131847695537497  0.57721830253809614  0.58315187476891617  0.58916901667093247
  0.59522880176488968  0.60132467548795410  0.60752244391513299  0.61378469061162177
  0.62010003182547713  0.62650157815597263  0.63301419724737173  0.63961957759853671
  0.64632385022687511  0.65317153858653665  0.66014107191391802  0.66723984488825772
  0.67457732592171604  0.68204882423752511  0.68971212574732355  0.69762231339458669
  0.70570682532982476  0.71411892078828154  0.72281473555461484  0.73184855762123613
  0.74128947365107845  0.75116382492435285  0.76159942204572262  0.77264863593564348
  0.78447227243510487  0.79719650727656832  0.81109802437638456  0.82657700687251234
  0.84447380175533371  0.86618582283819856  0.90027891864153087  1.00000000000000000
   1.8008726247534998E-005  -1.0000000000000000     
 F F F F F F F F
  <DiscreteSampler_grid>
  grouped_processes
  1 # 1 for a reference and 2 for a running grid.
  10 # Attribute 'min_bin_probing_points' of the grid.
  1 # Attribute 'grid_mode' of the grid. 1=='default',2=='initialization'
  0.0000000000000000 # Attribute 'small_contrib_threshold' of the grid.
  0.5000000000000000 # Attribute 'damping_power' of the grid.
 # binID   n_entries weight   weight_sqr   abs_weight
    10   10   1.720104048814332E+010   4.279223033006293E+020   1.720104048814332E+010
    11   10   1.720104048814332E+010   4.279223033006293E+020   1.720104048814332E+010
  </DiscreteSampler_grid>
