 -0.00236139952132466  0.00937723569144262  0.01966221028419135  0.03029791522582813
  0.04098026429571026  0.05153511101551819  0.06202984739635305  0.07253393036410750
  0.08309199191961042  0.09291278079711891  0.10269563541073132  0.11249224410488162
  0.12272762243782286  0.13322067893705913  0.14371953618034966  0.15429268953368133
  0.16484012336702147  0.17534309541983517  0.18583895144196555  0.19633335538717020
  0.20684389366288286  0.21739451574622176  0.22800296110627860  0.23866059790448421
  0.24937595796196466  0.26006890233235075  0.27074676011958926  0.28144904102611440
  0.29212384025029836  0.30271089973691523  0.31316902445210937  0.32366882422251925
  0.33406086301702081  0.34437056550208839  0.35469447440400897  0.36518776206801196
  0.37573116260603401  0.38614932930663110  0.39664324682825935  0.40699515083033322
  0.41732531098081627  0.42751068795686537  0.43780437060329996  0.44822685348642960
  0.45870002214083111  0.46913465175694535  0.47958519778957237  0.49011933051386603
  0.50069246126093703  0.51135538351322629  0.52202451881982415  0.53275772169958857
  0.54352431899651699  0.55429351585154518  0.56491125657212460  0.57530290868344491
  0.58576684777935772  0.59625795702850692  0.60672832643405816  0.61712508617078798
  0.62764502659135923  0.63832122194781771  0.64905237458527087  0.65996925606416745
  0.67086553940285265  0.68168527459695327  0.69254945111348276  0.70345567053613933
  0.71426880745488619  0.72478447101564769  0.73513011107651483  0.74542161403450291
  0.75594772443303238  0.76648030246614240  0.77730003113275414  0.78810168391345359
  0.79898545013365496  0.80982928970899215  0.82065131892951360  0.83155224728662802
  0.84211129501606941  0.85270008632791527  0.86313209495576448  0.87369439431391382
  0.88407148970634941  0.89450302899067469  0.90489268767471964  0.91534865348442418
  0.92573703279456898  0.93609617654735378  0.94659236318527851  0.95707972294320254
  0.96784834320527902  0.97849907164061489  0.98932203515500050  1.00000000000000000
 -0.00255706733266353  0.00979314321199713  0.01995722251766659  0.03066803938677486
  0.04114641641720811  0.05211961096286831  0.06307920103123646  0.07403289819328003
  0.08485267007397283  0.09548715699239485  0.10614385392074421  0.11681308749792627
  0.12747849501959024  0.13803091802616158  0.14864731586472940  0.15939025611168600
  0.17012683280064764  0.18074527382000188  0.19132495566693886  0.20186388081955026
  0.21235961189519045  0.22295706793498193  0.23362390491497384  0.24426133304240222
  0.25479109195213756  0.26537162517576979  0.27598498534565818  0.28656705721653808
  0.29709380348770342  0.30760774015362974  0.31801589091981097  0.32828876768474102
  0.33866198619496146  0.34909845794975009  0.35962483118107053  0.37017347780149906
  0.38085054513296163  0.39162648060184169  0.40237599780823607  0.41312514298507774
  0.42370149238075683  0.43425683594561221  0.44484628368383478  0.45550423014339031
  0.46610286914014193  0.47665345974205853  0.48727029381793457  0.49795019622822728
  0.50863977080971612  0.51935438028865666  0.53005155699901252  0.54070841207430898
  0.55140419315342482  0.56199216380796169  0.57251853904177863  0.58302371892277927
  0.59386329520933090  0.60465908361700160  0.61528439813972946  0.62583829635052690
  0.63632471936507384  0.64672102496259098  0.65700797954086576  0.66734872900017062
  0.67782675494339939  0.68833835480891881  0.69900191474971107  0.70959049285324949
  0.72014123776241246  0.73068065615043143  0.74127690658476109  0.75182607491162179
  0.76236276652636947  0.77283717006110642  0.78321624341620844  0.79357450790459760
  0.80396418080216925  0.81440462217952081  0.82471642773826448  0.83499456182536802
  0.84540089949389541  0.85589351663983404  0.86648870706787051  0.87704443589665027
  0.88774547084568267  0.89845251172623808  0.90885472733683570  0.91840265501353779
  0.92799218978172837  0.93748921069490243  0.94792721627794296  0.95837940944444755
  0.96879146410187778  0.97930427170681000  0.98960678594141283  1.00000000000000000
 -0.00203287153637495  0.00752754021814264  0.01685232643354628  0.02682565051241343
  0.03775791563146384  0.04838303148667306  0.05888102299796028  0.06919677042208439
  0.07953546064320843  0.08987705395131633  0.10022170375792751  0.11077136505485272
  0.12136439525610597  0.13196505939313330  0.14258916268371152  0.15326215260592915
  0.16401979066154843  0.17476741815400976  0.18552628151382275  0.19632182531350115
  0.20714765778684824  0.21790170178203835  0.22847040331331220  0.23902352620081035
  0.24958793703865953  0.26024442843598217  0.27085453629931089  0.28144175669623894
  0.29202332682144266  0.30260160795857538  0.31325569560089217  0.32388018412885122
  0.33442640179260275  0.34498978077086101  0.35567905815347783  0.36635206814403765
  0.37691745145605332  0.38741487517016010  0.39795239188051945  0.40849356064150727
  0.41899120595088341  0.42948393626121162  0.44001148116978628  0.45054876333877575
  0.46101527119304325  0.47144249500606622  0.48187094091267718  0.49238548532176535
  0.50286418128934851  0.51345815821011331  0.52391690095717902  0.53433689579111299
  0.54467158389748682  0.55507626815255906  0.56554087479232462  0.57591443461011194
  0.58633877171015825  0.59672351278246272  0.60715986138453115  0.61752503194549979
  0.62785821408274167  0.63815994862594683  0.64851553299582410  0.65904013678343021
  0.66967854423591011  0.68031758885692295  0.69084318326077632  0.70136164434658088
  0.71199923594043657  0.72268914767084746  0.73338096715479140  0.74406846452890985
  0.75491989951901517  0.76573524726706865  0.77637324865880220  0.78691679357140065
  0.79763283174005262  0.80838376125469324  0.81899681483568831  0.82958074248231339
  0.84020870851060747  0.85100124617948425  0.86151281449351425  0.87190617632716338
  0.88236247832223591  0.89293600371521464  0.90366447986540344  0.91422326206072646
  0.92482037228602954  0.93541519352940761  0.94617945170131768  0.95692849036403371
  0.96768630293863123  0.97839691204889101  0.98924389293281312  1.00000000000000000
 -0.01785445668874461  0.09993376391407296  0.13400674684141928  0.15557874952414102
  0.17342964460197743  0.18887983219293170  0.20279910069819765  0.21552787322871275
  0.22735252038602821  0.23842568963666405  0.24889459376264664  0.25880479978164944
  0.26827457729761633  0.27732051490827447  0.28604948238571198  0.29447340497253199
  0.30257753220041211  0.31048182238807576  0.31814253532773190  0.32560884310482763
  0.33293842560726988  0.34004550788239757  0.34704567730698893  0.35393369339569380
  0.36067050083621710  0.36730312305216323  0.37384413925834470  0.38026919176113283
  0.38660133469087465  0.39286978488590840  0.39904989847415751  0.40512786099881887
  0.41117977016359153  0.41718907745167494  0.42312424727291709  0.42903804781235771
  0.43492448701481928  0.44076658593728923  0.44656551393684923  0.45234659927804149
  0.45813949942516741  0.46371018600521785  0.46906819580028714  0.47443734901573048
  0.47980814104484931  0.48529148730210103  0.49097767242281287  0.49661836556445649
  0.50225169147664561  0.50788541115042141  0.51353088128610902  0.51918964424110592
  0.52486000901026530  0.53054158335591328  0.53623109709706140  0.54194834339292719
  0.54770026891278190  0.55347286271387919  0.55926416374997390  0.56508935444465658
  0.57095865255615919  0.57686052441535751  0.58279254477417619  0.58882704948948461
  0.59491039833649728  0.60102375453131274  0.60723542218490467  0.61352097713572118
  0.61986430310747287  0.62629724404876630  0.63284715170062134  0.63948151696845990
  0.64620342743765191  0.65306676972234878  0.66004879297275465  0.66715595604329370
  0.67449452041273450  0.68196682269432318  0.68963708559474823  0.69755192197611127
  0.70565744023287003  0.71408161325500075  0.72281278141822303  0.73187213260378603
  0.74135096225133046  0.75126260890954888  0.76171409503915988  0.77277078073598193
  0.78458081005965163  0.79730275185121113  0.81122707442801611  0.82672439532501019
  0.84464738358201608  0.86628388560759151  0.90022296306758376  1.00000000000000000
   1.7964027615605379E-005  -1.0000000000000000     
 F F F F F F F F
  <DiscreteSampler_grid>
  grouped_processes
  1 # 1 for a reference and 2 for a running grid.
  10 # Attribute 'min_bin_probing_points' of the grid.
  1 # Attribute 'grid_mode' of the grid. 1=='default',2=='initialization'
  0.0000000000000000 # Attribute 'small_contrib_threshold' of the grid.
  0.5000000000000000 # Attribute 'damping_power' of the grid.
 # binID   n_entries weight   weight_sqr   abs_weight
    10   10   1.569690005897580E+010   3.241373443727741E+020   1.569690005897580E+010
    11   10   1.569690005897580E+010   3.241373443727741E+020   1.569690005897580E+010
  </DiscreteSampler_grid>
