  0.00953871196961622  0.01628349843652919  0.02560781009171226  0.03654775414888140
  0.04671259383466940  0.05666597240885843  0.06681640351726285  0.07700688328803784
  0.08696425953895531  0.09677072479427083  0.10672173250338798  0.11697568856110940
  0.12736703605639182  0.13764489224879700  0.14786546769883754  0.15800862244656766
  0.16815048724047232  0.17833703822762398  0.18860617450650982  0.19893513696860454
  0.20937290788088198  0.21978634439340744  0.23007932135372017  0.24021877886904910
  0.25029552765590546  0.26062734229159756  0.27114590550760709  0.28155880810904954
  0.29184765239501603  0.30185480026078382  0.31174984908312697  0.32160393842338375
  0.33150993575050097  0.34159632225294823  0.35196607341674768  0.36244773684603759
  0.37289797263532787  0.38309168713255570  0.39326866775269342  0.40371783914261711
  0.41430313535770352  0.42484406403432751  0.43535269480109912  0.44597632044465751
  0.45657240033236951  0.46701553002423712  0.47726901389128645  0.48772194512371719
  0.49857533740396948  0.50986175912262155  0.52125721011943682  0.53260342096728630
  0.54368823281326262  0.55437501443565285  0.56492375891838931  0.57548646759836219
  0.58610624117075794  0.59672521778601395  0.60707418683765224  0.61732984446615069
  0.62751989563431876  0.63773070528231024  0.64785647197818286  0.65787554243765034
  0.66813939016142476  0.67869720592710725  0.68931952551736408  0.69981177308520415
  0.71019897954011268  0.72063437748035963  0.73111782698831473  0.74160477081152421
  0.75196823938525426  0.76207661528442638  0.77206438779272579  0.78215070710632240
  0.79258202118990528  0.80337550235320143  0.81420162198832746  0.82465123781035343
  0.83493661289490639  0.84539721454427530  0.85607448398843533  0.86650045282943133
  0.87687525105223663  0.88738368029184000  0.89802061276908840  0.90837163748564198
  0.91875986463150783  0.92920007255833681  0.93979044971346748  0.95048696299499991
  0.96094826289581614  0.97099550304756888  0.98097304929667528  1.00000000000000000
  0.00000228011469958  0.00000291296206029  0.00000325239689724  0.00000356001847115
  0.00000385724096201  0.00000413886666053  0.00000441882669414  0.00000469901325970
  0.00000498229590177  0.00000527385765861  0.00000556818483107  0.00000586747511360
  0.00000617438375369  0.00000648382889494  0.00000679538662788  0.00000711070482508
  0.00000743292935652  0.00000776012229142  0.00000810539668496  0.00000846340104177
  0.00000883066025787  0.00000920600638038  0.00000960736853069  0.00001001385509442
  0.00001041453860819  0.00001083031508245  0.00001127859543451  0.00001171417469676
  0.00001215133411460  0.00001261280261604  0.00001310274655966  0.00001360298691228
  0.00001411967445529  0.00001467281804688  0.00001526366349125  0.00001587497340874
  0.00001649327176361  0.00001712945852398  0.00001781636205269  0.00001850817121098
  0.00001923148089290  0.00002000472864353  0.00002083452241515  0.00002167154166053
  0.00002254916985395  0.00002349142492326  0.00002448232453531  0.00002550342392170
  0.00002658942069322  0.00002777881095691  0.00002902709332986  0.00003032203710367
  0.00003174928787142  0.00003329419406836  0.00003488027763606  0.00003665118622184
  0.00003859319314989  0.00004062334754230  0.00004283477649888  0.00004527617108834
  0.00004779659014391  0.00005065771089074  0.00005362872212339  0.00005686228283033
  0.00006030684062449  0.00006403442546053  0.00006815735583009  0.00007275259860298
  0.00007792005140723  0.00008386788016468  0.00009041955097762  0.00009758300084156
  0.00010571561245411  0.00011443516015074  0.00012432722995163  0.00013510967452658
  0.00014766485309955  0.00016211733219202  0.00017859355894148  0.00019840513198359
  0.00022222337998464  0.00025041262917755  0.00028478611181767  0.00032461386039754
  0.00037406084645856  0.00043884407171309  0.00052165292665892  0.00061832066083814
  0.00072485044403030  0.00087006845910072  0.00106324155746644  0.00136725130002912
  0.00191388485147078  0.00308136059804394  0.09503527194078271  1.00000000000000000
 -0.00259436747493165  0.00963962299547466  0.02002672235288925  0.03042766810276467
  0.04091512503559509  0.05142726471314800  0.06208061591610819  0.07260948014347579
  0.08297630463082131  0.09328715031765766  0.10355576575256414  0.11377359164086101
  0.12394135953249297  0.13405432662216873  0.14424430226602200  0.15467863484494324
  0.16531618884926019  0.17594729483374424  0.18636501432313862  0.19642426023949114
  0.20651365469818608  0.21663991842865260  0.22667937769301161  0.23692794174770032
  0.24726781523730174  0.25771131362499700  0.26811000989066658  0.27848421914723542
  0.28895755255584299  0.29913494517296629  0.30915458798057099  0.31937832798064586
  0.32964531773842587  0.34005828362576906  0.35066021924802743  0.36126475315281614
  0.37178811032361242  0.38217920674398997  0.39285347490448769  0.40354300598810133
  0.41440616111604445  0.42531949496604121  0.43620745275778883  0.44711478510485497
  0.45790267215958247  0.46845566745264067  0.47886142970554435  0.48910488523296985
  0.49952327814444863  0.51020143592803435  0.52078806174361281  0.53137246599743659
  0.54170166227335070  0.55213531857869047  0.56239806628305389  0.57223809664554826
  0.58197495293761936  0.59201586341155155  0.60243234867109019  0.61290921405628451
  0.62339840489665732  0.63386655096254485  0.64434042795631419  0.65461225737414785
  0.66501789053175919  0.67592896959358206  0.68682703982186344  0.69781686144886867
  0.70877633187486988  0.71991221022649077  0.73101402794226045  0.74225992366413074
  0.75321403458365144  0.76438476529444177  0.77518669736239987  0.78613920623719291
  0.79683835630303224  0.80745812082101831  0.81831484826069967  0.82931208654611677
  0.83996793897015543  0.85039734466919581  0.86055172591266482  0.87053617940857320
  0.88084649128789272  0.89115481745076364  0.90191892929916284  0.91278597237259518
  0.92398955934114424  0.93548252047684555  0.94636051852204350  0.95754946268776153
  0.96853399694630504  0.97927873466275095  0.98969595836424240  1.00000000000000000
 -0.00238165796500434  0.00922077111443253  0.01932822569423688  0.02927476732553379
  0.03960009533905008  0.05049978343083146  0.06135357618282609  0.07182046003359985
  0.08223219175697559  0.09325479196942703  0.10456441881050636  0.11543263881643594
  0.12616261652250566  0.13700439031180967  0.14785899511985540  0.15859735956007001
  0.16928760777044588  0.18001944145631482  0.19052808403183955  0.20073755127580728
  0.21106548090980870  0.22162860470067805  0.23226915701187562  0.24271309650462009
  0.25302238576921532  0.26331920764212735  0.27378892302226815  0.28449492130946685
  0.29533085597308245  0.30623460574901373  0.31695203892917895  0.32747814484235499
  0.33770355612369657  0.34793645288004416  0.35827847787998479  0.36875134043853625
  0.37920429668209749  0.38963349363141991  0.40026195567314926  0.41087567136761338
  0.42154052535117187  0.43198578190086540  0.44228302700251310  0.45264257906351951
  0.46291694273593342  0.47339598215685313  0.48395836804160491  0.49448577074471028
  0.50474464104741135  0.51487673167917725  0.52510063141790819  0.53557247246450135
  0.54595198221535302  0.55628481813938091  0.56651032170275539  0.57658568348004791
  0.58674001088586214  0.59702237217427290  0.60744468361470350  0.61760705001271110
  0.62755780771002445  0.63751739174065136  0.64764350690483696  0.65794601328100710
  0.66834099624421228  0.67843004107809457  0.68859760968555117  0.69885489221556718
  0.70937587738086449  0.71998887675755152  0.73063733459407298  0.74131442332030051
  0.75201852061793983  0.76268931500569281  0.77341903561614067  0.78398283612065300
  0.79457376580574135  0.80519856866911854  0.81598787031791076  0.82719608571042147
  0.83831040363120768  0.84945395972579285  0.86022934083790104  0.87093862537301847
  0.88173233541645957  0.89293870189449309  0.90383265239459609  0.91435618666824148
  0.92465218974725494  0.93487642671217142  0.94510753206332743  0.95543770221036994
  0.96637020178714050  0.97753068820033495  0.98885530284878909  1.00000000000000000
 -0.00241531192240437  0.00916614886088445  0.01952673342708458  0.03047774997551920
  0.04156751049520907  0.05232483297833738  0.06289112514220464  0.07347371931830700
  0.08411785295701404  0.09509334805674290  0.10602379913596294  0.11700417375104172
  0.12770055884335949  0.13830678887902442  0.14864202075010871  0.15869051735491402
  0.16876075608165181  0.17885840186728785  0.18924868901728653  0.19985756480127820
  0.21070366763174583  0.22162523321117264  0.23227997648949325  0.24275868093606925
  0.25314244267256247  0.26368671216086115  0.27429170537469133  0.28492589272304264
  0.29543395216023599  0.30563690220025119  0.31593928419236050  0.32644308381556963
  0.33693319513676934  0.34760894252418423  0.35793067669663686  0.36825718792570017
  0.37836847117897981  0.38858863444404335  0.39886368576559078  0.40901250928899979
  0.41924754922524315  0.42942021787814116  0.43982420310370546  0.45039479329885979
  0.46091792238272961  0.47144462329819947  0.48183791646830421  0.49235512679719107
  0.50269251573274865  0.51272768402811353  0.52272972340843893  0.53282252401179631
  0.54305290707419418  0.55347591938455176  0.56388090069483376  0.57413738543507675
  0.58428528008572234  0.59435056125587238  0.60441917160707381  0.61452806144369987
  0.62463291360029982  0.63506137465204182  0.64556598667674236  0.65637294503383470
  0.66715094581261625  0.67796469448539620  0.68905260453990058  0.70034155664971576
  0.71183119925391170  0.72290346308404752  0.73379045267286347  0.74445318223036216
  0.75537419084337409  0.76615454217695822  0.77657492107606929  0.78670853076967673
  0.79730972010295453  0.80829696421975805  0.81895133873704895  0.82951902510500752
  0.84006695036421153  0.85109254588490979  0.86185455124712529  0.87290175519377311
  0.88390028846384461  0.89488936785895312  0.90553369622168278  0.91633191938262437
  0.92725671947053101  0.93804662108173953  0.94859625216734100  0.95906954172224301
  0.96918330057390767  0.97945357759121421  0.98977952168231775  1.00000000000000000
  0.02672510510598626  0.03230435730819627  0.03627267319404570  0.04017562737493957
  0.04520610429535178  0.05048869026537884  0.05566503041690151  0.06075230812668179
  0.06579992466120753  0.07085341527195210  0.07600450348948025  0.08125517239300789
  0.08656872627571849  0.09179068493201444  0.09695719426241883  0.10225942835063574
  0.10779078511501244  0.11348733770936176  0.11923330800585398  0.12501015271776808
  0.13084408926644500  0.13674763944360502  0.14271553585497784  0.14877632151813663
  0.15500923389499058  0.16121363227850768  0.16742441207671971  0.17369640172848771
  0.18004957399412427  0.18645313652131110  0.19296162560189126  0.19944500231865575
  0.20593917959688152  0.21252236768007576  0.21916310358052551  0.22583217648600964
  0.23258190331358222  0.23944492334768488  0.24643327923915237  0.25346932885175022
  0.26060418175685146  0.26778717277121428  0.27490203092833909  0.28211583738710455
  0.28941631622729119  0.29693233467691277  0.30446168250103361  0.31211899168281076
  0.31999665507895808  0.32809991139818534  0.33625453457490895  0.34444259879762995
  0.35265528572560506  0.36084085585586373  0.36929161354844769  0.37787053074641708
  0.38673208051889857  0.39542434868413273  0.40424727067379240  0.41318202983190244
  0.42251251243646143  0.43195987269406833  0.44174066858577682  0.45184735216226729
  0.46205189705373800  0.47224116544246003  0.48265892300727747  0.49339943508098416
  0.50434465274249618  0.51536503800354461  0.52659106199557382  0.53797804961170648
  0.54968858371766061  0.56153687183607481  0.57354249182623573  0.58585828250664451
  0.59876578383512402  0.61192195757046297  0.62532508319428581  0.63926098042823476
  0.65354517135559409  0.66812472537634615  0.68309193959959402  0.69876884909150283
  0.71494954490630880  0.73164951024744851  0.74883526584034699  0.76637117247663722
  0.78548630463905666  0.80632201493818167  0.82829477296883136  0.85151390933509896
  0.87658081693483236  0.90543837245829140  0.94256068260709380  1.00000000000000000
 -0.01805546698225128  0.10231060091703610  0.13675046262527399  0.15864356583799188
  0.17643165253492721  0.19172990784106253  0.20525448251985809  0.21753305750979393
  0.22895613998905712  0.23965126385425817  0.24972280215825507  0.25934280969560936
  0.26868641844797270  0.27788602693261621  0.28684406314799948  0.29551750883561750
  0.30387974012410834  0.31198729612842341  0.31977580546507128  0.32721529245146752
  0.33446557520341280  0.34132477441311720  0.34816973912570182  0.35485939654371657
  0.36141768094262161  0.36795704878384877  0.37446445332773259  0.38087788577031090
  0.38716796476024662  0.39332027793887975  0.39932102463738323  0.40524319205565434
  0.41115750073111085  0.41706549995770126  0.42295688526272313  0.42880935805943210
  0.43450922492452509  0.44019049227433332  0.44582575380944794  0.45140929069132091
  0.45697396154341641  0.46271215284275846  0.46851032050267405  0.47431195641182683
  0.48013471465443580  0.48593071773900465  0.49173251917722505  0.49757307867522282
  0.50333744370517797  0.50905495459789929  0.51468454591694990  0.52030527430133100
  0.52597871135568475  0.53170225657238945  0.53742953018114337  0.54312574010206105
  0.54879242173036880  0.55446427416357480  0.56020603423179227  0.56606705708817517
  0.57200669127284054  0.57798837221157240  0.58399538245720306  0.58998505747729291
  0.59596250751463398  0.60200814245703038  0.60812707613827144  0.61438272643645686
  0.62072136471977191  0.62712239826297944  0.63356572751714968  0.63999771755290380
  0.64646867846854783  0.65302266535448306  0.65964372097850643  0.66641392396228527
  0.67350425197168051  0.68088248492888603  0.68851197544615872  0.69653956523002891
  0.70470583191151726  0.71309344478465897  0.72186827738103487  0.73097989929277107
  0.74046983889295814  0.75038282495678621  0.76085029450269748  0.77194290326672854
  0.78374986035294114  0.79645340779190144  0.81024755606350107  0.82519255733551167
  0.84230708531629384  0.86307070755454740  0.89656555530911552  1.00000000000000000
   1.5778225731503310E-006  -1.0000000000000000     
 F F F F F F F F F F F F F F F F
  <DiscreteSampler_grid>
  grouped_processes
  1 # 1 for a reference and 2 for a running grid.
  10 # Attribute 'min_bin_probing_points' of the grid.
  1 # Attribute 'grid_mode' of the grid. 1=='default',2=='initialization'
  0.0000000000000000 # Attribute 'small_contrib_threshold' of the grid.
  0.5000000000000000 # Attribute 'damping_power' of the grid.
 # binID   n_entries weight   weight_sqr   abs_weight
    10   10   1.266609569053687E+008   4.608172850912946E+016   1.266609569053687E+008
    11   10   1.266609569053687E+008   4.608172850912946E+016   1.266609569053687E+008
  </DiscreteSampler_grid>
