 -0.00254914207608548  0.00944510713328361  0.01955003266358859  0.03001617821009243
  0.04053484678867519  0.05109093693857151  0.06163406715135983  0.07226956526766891
  0.08283694445879142  0.09347466759573436  0.10415806766952415  0.11490605880316861
  0.12565748551837985  0.13611959436983265  0.14654306319883384  0.15688277965752917
  0.16728390850133731  0.17757360872602174  0.18782579058982374  0.19833829382388524
  0.20910035480823452  0.21981780652958344  0.23040535636499748  0.24082364161243011
  0.25135638249489051  0.26182586944059272  0.27242219044440780  0.28291807534263580
  0.29338535486612832  0.30387466541762448  0.31449923083842596  0.32517852811043918
  0.33577755665478909  0.34612782873876485  0.35645128691236733  0.36671819579822373
  0.37704487403286141  0.38758822058141446  0.39810487428859259  0.40875924813784259
  0.41936539575176973  0.43018047311610819  0.44087748075953637  0.45147390157686684
  0.46207487417413623  0.47276707819965702  0.48340739427521062  0.49385601138790541
  0.50414066237030908  0.51436430291456514  0.52470533987162227  0.53507328459698034
  0.54545704234928716  0.55606135144661384  0.56668906132770913  0.57737155364187254
  0.58804894846834899  0.59878196084473467  0.60948567750003402  0.62006895497176662
  0.63070651523288790  0.64123964449065163  0.65173065930420127  0.66218583590496405
  0.67277680635600334  0.68332464895525113  0.69382457546255294  0.70438592025848601
  0.71493946142799480  0.72554281982651136  0.73593369339171977  0.74636837673298650
  0.75693302771069915  0.76760145821245851  0.77829812605594917  0.78907100647742423
  0.79981447342757950  0.81066114719922266  0.82113968291125872  0.83166781668852596
  0.84205561910996796  0.85245707765626511  0.86289427477437275  0.87311995424351529
  0.88345837331528831  0.89369507936080006  0.90411206428557289  0.91459465040398991
  0.92527299151875053  0.93601308912647752  0.94675133496137298  0.95743780601514383
  0.96827896003920666  0.97890880134871328  0.98951860742611886  1.00000000000000000
 -0.00241184127115715  0.00948289888366980  0.01957511968697802  0.02996827771643941
  0.04040814784062872  0.05090180265955752  0.06131363348129483  0.07165304100128053
  0.08187517203421806  0.09234013170042528  0.10284603260697764  0.11343008945015198
  0.12388583488027509  0.13444964367539733  0.14478701051985118  0.15541697639286720
  0.16587445730790790  0.17646260291204630  0.18685820516066948  0.19739321619201844
  0.20792593873041734  0.21839567696467871  0.22889058226026429  0.23930348422335662
  0.24976964740273780  0.26019959809280041  0.27076175197107399  0.28118022858269981
  0.29150325762598339  0.30204668298710818  0.31260950045732205  0.32324384476424783
  0.33398829774233635  0.34468448686053654  0.35545462344587514  0.36591743405113081
  0.37643548183641062  0.38712200594613966  0.39772375842136731  0.40845845149603655
  0.41903013871808442  0.42961445861665948  0.44003907415743115  0.45046800438505763
  0.46097098736973585  0.47164744549164378  0.48230004343134542  0.49300718311521485
  0.50363639114601677  0.51430332907479370  0.52491972858036928  0.53561260463888105
  0.54613206196242481  0.55655646857291996  0.56688710668167153  0.57720037179598549
  0.58748546577987881  0.59772160454897716  0.60801179547537854  0.61840454721943772
  0.62880611071263515  0.63922663668160551  0.64965090257158131  0.66008644079290912
  0.67060709329041490  0.68111627276694653  0.69169772130336438  0.70222694353173098
  0.71278786168461938  0.72323352966099630  0.73374819519044576  0.74419034032916898
  0.75472242568519443  0.76539849634942103  0.77621177525129414  0.78709434617970853
  0.79776685689420579  0.80840613404040751  0.81894704406765617  0.82944106005789731
  0.84001772305420697  0.85061662315524444  0.86115844218693338  0.87170585877625328
  0.88231835503053158  0.89299139927618199  0.90364429616026232  0.91430830590491485
  0.92511272488386342  0.93587113362294316  0.94657814548037289  0.95722735209073617
  0.96783111522311649  0.97844971060862362  0.98918141287730177  1.00000000000000000
 -0.00255497026298534  0.01011346820991850  0.02058480863003029  0.03130573366281397
  0.04204937880869395  0.05287498056490145  0.06363366527607521  0.07429102499249990
  0.08491413804525826  0.09551231255439026  0.10610740598659385  0.11634106888749882
  0.12645144313164405  0.13667994780879425  0.14708001223641193  0.15746592629982190
  0.16776546303719569  0.17816695521392675  0.18852905420508589  0.19883569295025930
  0.20911988218617833  0.21962285707337084  0.23011327574598392  0.24069509011564960
  0.25119347137164844  0.26173393313629023  0.27222729824609132  0.28268791078022248
  0.29313513791594759  0.30375008129957920  0.31453399127988152  0.32536410199738186
  0.33613438374453097  0.34671054437730270  0.35720473273305803  0.36748570606278336
  0.37791759334511199  0.38839832043188049  0.39893415723122977  0.40932569761991711
  0.41967190769321117  0.43000117483205591  0.44049184626234800  0.45102253187048957
  0.46165754952990479  0.47215563818965800  0.48246963257624470  0.49274224290864277
  0.50306812171807325  0.51365281375718808  0.52423175678713896  0.53491509344847610
  0.54549918308413603  0.55612827246480134  0.56659103842851655  0.57694315943825980
  0.58724506651385988  0.59748178727548007  0.60787281799610648  0.61829524016566417
  0.62893526914211684  0.63974254384786022  0.65047122763172471  0.66099438301087732
  0.67139733186178807  0.68197502205994065  0.69262207975364465  0.70333190019840353
  0.71388765869173998  0.72439099694578524  0.73487524091491052  0.74536822601092390
  0.75611181115426940  0.76691238829828301  0.77774639874161433  0.78849353127509525
  0.79930731845405101  0.81031037813009332  0.82086521199019602  0.83148357077124613
  0.84214126866684291  0.85282305250890966  0.86327119628751303  0.87362599897011606
  0.88414538020981326  0.89470111547971531  0.90513423796886738  0.91551781456089265
  0.92577285009420918  0.93602934272868432  0.94644408610481956  0.95700731416666018
  0.96774029086746327  0.97838979226402845  0.98919069017103345  1.00000000000000000
 -0.01755425197225686  0.09940614579669443  0.13340850652701319  0.15507698501827982
  0.17294003571342381  0.18842229341610767  0.20232409219177894  0.21503876307967573
  0.22686231853436267  0.23793353382120858  0.24839949701751188  0.25830435006303448
  0.26777046932896748  0.27683110542821310  0.28556033949325305  0.29400788464676192
  0.30211931666846853  0.31005339198948861  0.31773535723506818  0.32520716278818607
  0.33255638273441118  0.33965693645063860  0.34664350396249716  0.35351566327172029
  0.36024078507141105  0.36686581502862603  0.37339720848316910  0.37981945947417145
  0.38615420528170741  0.39242475971843094  0.39861758390626634  0.40470424885749334
  0.41076688547885759  0.41678677228170419  0.42271573258913420  0.42860512055438349
  0.43446831403913927  0.44029834495804737  0.44608707432703487  0.45185373547441687
  0.45759697648760406  0.46330455180271368  0.46898708646626686  0.47466011911233225
  0.48032243800323354  0.48597762617120133  0.49161970632476581  0.49725621695444078
  0.50289264350295659  0.50853417446531235  0.51418227464977595  0.51983306650015682
  0.52549506610431362  0.53116778576158841  0.53684736355583884  0.54254604234674764
  0.54827602020284116  0.55403174778595021  0.55981389355115596  0.56564517822136573
  0.57151951065092410  0.57742050297022063  0.58336153054211026  0.58936841832193665
  0.59541938999027633  0.60150669166085835  0.60770476425408415  0.61397500853240516
  0.62029607197592496  0.62669839424831741  0.63320218121458116  0.63979195050630910
  0.64648264813676937  0.65332820137129732  0.66031017200477005  0.66741886150201379
  0.67477392567851580  0.68223992026251457  0.68990443395104339  0.69782349679665501
  0.70592071224859354  0.71435050655822485  0.72304732490301882  0.73207901833454769
  0.74151288760525058  0.75139006718936852  0.76182099741780329  0.77284597007955835
  0.78463090840213023  0.79731898866012840  0.81119396789805820  0.82661820830532307
  0.84443084265207047  0.86600189053865917  0.89985387921096027  1.00000000000000000
   1.8015596991585587E-005  -1.0000000000000000     
 F F F F F F F F
  <DiscreteSampler_grid>
  grouped_processes
  1 # 1 for a reference and 2 for a running grid.
  10 # Attribute 'min_bin_probing_points' of the grid.
  1 # Attribute 'grid_mode' of the grid. 1=='default',2=='initialization'
  0.0000000000000000 # Attribute 'small_contrib_threshold' of the grid.
  0.5000000000000000 # Attribute 'damping_power' of the grid.
 # binID   n_entries weight   weight_sqr   abs_weight
    10   10   7.717587833514482E+009   1.596379412623928E+020   7.717587833514482E+009
    11   10   7.717587833514482E+009   1.596379412623928E+020   7.717587833514482E+009
  </DiscreteSampler_grid>
