  0.00971273233771163  0.01488591283110242  0.02327858223147531  0.03303598948429286
  0.04278409664221480  0.05267189627439234  0.06264658388728250  0.07272998982644191
  0.08291016538827657  0.09321006116892325  0.10369078463405934  0.11422796875767553
  0.12498453499677335  0.13556521888368564  0.14612497032326399  0.15667967508107231
  0.16720631403687447  0.17768367814955832  0.18814071791742748  0.19845821587217630
  0.20885507873315154  0.21927831135236900  0.22999595771305939  0.24068182968948776
  0.25122269298650957  0.26169117262548269  0.27215122571021377  0.28268095852884451
  0.29339976410862600  0.30434275141258688  0.31524963888150465  0.32590601081836085
  0.33607056577782174  0.34599478412045309  0.35606328758900513  0.36643559718033053
  0.37679988040719781  0.38716706587844874  0.39743411488864583  0.40775055673045291
  0.41802965396929104  0.42821016481635260  0.43853427766563674  0.44902887686017479
  0.45964667367231393  0.47026229619427379  0.48055458501494436  0.49075494654719271
  0.50089857364443247  0.51129513178973252  0.52156324690403744  0.53192596113259194
  0.54245389555786139  0.55306224009778238  0.56361103973099858  0.57379792878651414
  0.58406581209900899  0.59421506222523190  0.60455105041223078  0.61521495378052538
  0.62601465916047982  0.63678265141088719  0.64738841424086346  0.65820092428144517
  0.66916122684684076  0.68004398245109898  0.69103648412732299  0.70201806100058417
  0.71292130169764978  0.72372911948755436  0.73438032629485961  0.74480024799584088
  0.75502971312342182  0.76525454968438333  0.77540667240730221  0.78545919826855704
  0.79570712810370592  0.80622224458403302  0.81673961576383358  0.82707622762494715
  0.83739853531314046  0.84770540267961336  0.85774789130610574  0.86735646032212710
  0.87707203053153138  0.88715303316633976  0.89733624143891133  0.90729689371497624
  0.91734327688937500  0.92792521394166705  0.93843432628403267  0.94890607000664207
  0.95933728957175479  0.97005665512778838  0.98066869190665207  1.00000000000000000
  0.00000263996497397  0.00000283959633452  0.00000296786487726  0.00000309438690456
  0.00000323636423413  0.00000338714554026  0.00000353525863585  0.00000367762941274
  0.00000384762072350  0.00000402806573944  0.00000421261020752  0.00000440397394270
  0.00000459929309028  0.00000479609683785  0.00000499671198309  0.00000520629128946
  0.00000542579993637  0.00000564817315083  0.00000588218993407  0.00000613395125551
  0.00000639243874026  0.00000664998908132  0.00000694112421577  0.00000725077878241
  0.00000756547249563  0.00000788928976958  0.00000823800694104  0.00000861065673665
  0.00000899292422183  0.00000939563342825  0.00000981720973503  0.00001024424960691
  0.00001067960168269  0.00001115101001306  0.00001163218894363  0.00001213201154213
  0.00001265840771255  0.00001322311545861  0.00001380161679281  0.00001441023525798
  0.00001507307650940  0.00001576441136995  0.00001648035999416  0.00001723652737550
  0.00001807111380454  0.00001890302146541  0.00001980976278936  0.00002077071524207
  0.00002175207765570  0.00002277614587065  0.00002391392478538  0.00002508062697257
  0.00002631916832819  0.00002766094342273  0.00002907957697211  0.00003056680020213
  0.00003216719441651  0.00003385565873042  0.00003561170774143  0.00003762664719387
  0.00003975209616260  0.00004204823130735  0.00004448712742324  0.00004706835334606
  0.00004982823682390  0.00005296601655533  0.00005623825723229  0.00005995110650198
  0.00006378162752984  0.00006821992501944  0.00007293089616408  0.00007820773950454
  0.00008402097427205  0.00009057865797834  0.00009808742078735  0.00010641792263184
  0.00011586460345073  0.00012646192475216  0.00013872882058896  0.00015274085793364
  0.00016901359338363  0.00018762148132005  0.00020920053422386  0.00023514902186474
  0.00026952120228365  0.00031635724605056  0.00037664108927980  0.00046224725605884
  0.00057566155773571  0.00070946964932327  0.00088936515626226  0.00119903593282353
  0.00167867496780808  0.00249989523187295  0.01472535208669653  1.00000000000000000
 -0.00217347114587796  0.00984060042427302  0.01988578741604844  0.03059531549039468
  0.04124470436117532  0.05171885018484813  0.06222455724931098  0.07285375858360070
  0.08352062273059868  0.09442007044650254  0.10522728991116774  0.11597942186949146
  0.12676358148650477  0.13773124414248419  0.14833716110993506  0.15867480855301022
  0.16887586142099287  0.17909095913652942  0.18899916590036797  0.19892549315525745
  0.20889951005473817  0.21928953169510912  0.22983527097749318  0.24067158437830152
  0.25136816994336808  0.26199805027747941  0.27247667498452116  0.28303185640639705
  0.29364408683144150  0.30449009196985000  0.31543075832519168  0.32626652127684352
  0.33694676516579486  0.34756621232921159  0.35806615847659012  0.36838945237816717
  0.37861781292303953  0.38880028455405230  0.39893796029464951  0.40918991122331350
  0.41950125044259212  0.42999120263773383  0.44047584375448801  0.45096402362788257
  0.46136847142515619  0.47154980023898346  0.48187888458143863  0.49220030738425813
  0.50263260874725590  0.51291654256810415  0.52324281444478971  0.53371878927022087
  0.54436561565714681  0.55515332224015201  0.56597350539984204  0.57678373212996958
  0.58755118363876613  0.59838722459295357  0.60950808282757718  0.62075099809322187
  0.63183081916661377  0.64257584149184788  0.65308049780430899  0.66365662759788069
  0.67420760828574455  0.68486787038763319  0.69543363289535598  0.70604578561527243
  0.71652597977219390  0.72703738674238039  0.73799126413875449  0.74898556951626039
  0.75964162107535182  0.77015813091795959  0.78082685825022324  0.79132289301772007
  0.80140373641585061  0.81139321414502552  0.82202978056996445  0.83284225639169984
  0.84360142414756623  0.85420412076208219  0.86479511557215005  0.87531023253509888
  0.88562568223007965  0.89594955959764355  0.90642659903629896  0.91690800963818286
  0.92723656749458183  0.93774697357801318  0.94833690641375679  0.95884666822478315
  0.96884260736371097  0.97900279843329208  0.98938516305011182  1.00000000000000000
 -0.00216500886284217  0.01002748286469785  0.02028445886352636  0.03113047270271357
  0.04172437044143518  0.05251884433105507  0.06299719698771844  0.07347472185120613
  0.08392754202723721  0.09427459782185123  0.10454131419423547  0.11485802538754319
  0.12509807458031477  0.13541449215063531  0.14570966370753977  0.15616897317961151
  0.16659575582464792  0.17678474447516160  0.18681639459128152  0.19696324467050724
  0.20701523273758984  0.21767528779883494  0.22838146010857602  0.23905417435466086
  0.24956221246853075  0.25992914592000710  0.27053191089383433  0.28103102882011494
  0.29163261683752018  0.30222522322012596  0.31269573651463811  0.32312916589563678
  0.33352234091981997  0.34358168062662997  0.35389968101169583  0.36435004471482552
  0.37501725790445334  0.38553081020441110  0.39587992336245809  0.40637504843726036
  0.41683696060239084  0.42739448406514841  0.43796039696571781  0.44851175573706292
  0.45888735852908508  0.46927286545282759  0.47946906858843558  0.49026941671544622
  0.50107151598691047  0.51218693224917400  0.52326698183688836  0.53418039815261165
  0.54513244647992765  0.55563377467838238  0.56589349660906596  0.57584675678991204
  0.58600162078854334  0.59664088036844942  0.60735786423465477  0.61813274188845424
  0.62877195366613070  0.63949812502893155  0.65007052233131501  0.66099063685763915
  0.67190499636444456  0.68307951645177378  0.69426440084315766  0.70567015282605272
  0.71635713513777244  0.72693438403327582  0.73755296088608380  0.74846836581900167
  0.75918648973133662  0.76967904813404298  0.78007228276798857  0.79060512026118024
  0.80114498203290008  0.81162707840430381  0.82205238083888665  0.83247857670721492
  0.84298592443467579  0.85357031777957448  0.86418150986032116  0.87478448370052531
  0.88521273694214087  0.89563775413644087  0.90607581482857924  0.91640261593613548
  0.92691728469863988  0.93730925886320737  0.94790129284008406  0.95882797299624611
  0.96943534965970801  0.97985637432104844  0.98986243640423699  1.00000000000000000
 -0.00267416185319382  0.00974797660031618  0.02002904303727798  0.03090376950540472
  0.04191504094065934  0.05289829181425774  0.06392019290625817  0.07522578552530837
  0.08639793254897593  0.09753017574646843  0.10864805832091183  0.11988782423843981
  0.13078645123993929  0.14185568215507716  0.15295011989934640  0.16390178907735301
  0.17450860550482877  0.18493781872445886  0.19547384019458131  0.20597641975008482
  0.21642641452146230  0.22691728835654265  0.23747092008117096  0.24783666024520071
  0.25827327240046960  0.26882440997222484  0.27982149398827932  0.29090057237074601
  0.30184084921937876  0.31257498933113842  0.32283205953115257  0.33293708628243179
  0.34304179928489220  0.35338820118314379  0.36374357597573831  0.37421948039950287
  0.38527080000496189  0.39629183136986496  0.40703535618686065  0.41770050488993293
  0.42884988416513936  0.43993488685032589  0.45051835783762462  0.46091368300739488
  0.47137904574321748  0.48201959093125601  0.49263031072743091  0.50343115228478275
  0.51439068768822493  0.52517951756836867  0.53570773105194558  0.54606405769283528
  0.55630510128446320  0.56665907594224352  0.57707257258301448  0.58751618421934759
  0.59798152516272596  0.60833061198897653  0.61841477109364895  0.62830500804973366
  0.63834856229508963  0.64885319292472010  0.65968441852288273  0.67041568119920170
  0.68085925065711050  0.69119485974866324  0.70152385172658227  0.71172010395435115
  0.72196585091551235  0.73237131032969538  0.74295661091567178  0.75337467437059558
  0.76359996873229785  0.77381734937276825  0.78419702260186430  0.79455716442916235
  0.80477368098855284  0.81480049248001507  0.82474402071235164  0.83448047285474758
  0.84441431169441283  0.85438872533591503  0.86506759444889836  0.87584823116336297
  0.88651334396924031  0.89719107569886414  0.90765644392507283  0.91812538654764841
  0.92862180195998856  0.93909511287459402  0.94922302542781167  0.95928535882210697
  0.96947510328112396  0.97978722502070870  0.98993470099478165  1.00000000000000000
  0.02873553836782549  0.03444739838349914  0.04050262846261923  0.04750340296351085
  0.05549241975348228  0.06303420790179251  0.07071951519340935  0.07844752918136774
  0.08638911664360488  0.09452947012596070  0.10264893587083757  0.11093040244921508
  0.11915242111714676  0.12737179349234581  0.13559946212248661  0.14383220192051019
  0.15220786134559774  0.16071131086574900  0.16930524787566240  0.17795997479078549
  0.18668910763924854  0.19560854546731124  0.20454958588438363  0.21357350543769177
  0.22274051349479404  0.23197451882288447  0.24137616453610117  0.25075086332754187
  0.26003922001723001  0.26921823798703365  0.27840900006395480  0.28772198779344949
  0.29711739119103137  0.30636668435297426  0.31556881106390627  0.32463094281153770
  0.33371380688328323  0.34306030001363585  0.35268041522354110  0.36231555794286963
  0.37188363076389080  0.38139808609910286  0.39103161723773072  0.40067886114669726
  0.41039835213683112  0.42048903555931716  0.43095462015055497  0.44122280523533863
  0.45135048503831177  0.46137747881778574  0.47176171297645481  0.48214204131514693
  0.49244322002207086  0.50263592746214214  0.51288809133956537  0.52320626408217863
  0.53346103266276679  0.54340785103608436  0.55350190357972517  0.56365701997966899
  0.57408684807517485  0.58439339870927964  0.59473326845258900  0.60493616269897121
  0.61521795081768227  0.62545082651685868  0.63558330143179420  0.64576668335632303
  0.65606617372733755  0.66642585548889421  0.67698936297452239  0.68769995024373465
  0.69864149542045817  0.70960118887644730  0.72014828279531884  0.73039376136501111
  0.74041980903970372  0.75083168005296930  0.76155188274379548  0.77224010234303786
  0.78309708083379037  0.79403471315703167  0.80509693256569415  0.81634433110181781
  0.82779160650470618  0.83931336339845786  0.85089386759040175  0.86275382540662660
  0.87488291475428137  0.88767876565068271  0.90127912215779071  0.91564467387860704
  0.93083310957133802  0.94794181363754937  0.96983520518896282  1.00000000000000000
 -0.00991564575727958  0.05634162307381429  0.08171664778247295  0.09792969190645137
  0.11015304268853968  0.12066224593867618  0.12988557846883114  0.13827806894695333
  0.14624966712736390  0.15373418729775182  0.16104932224991098  0.16800570864525405
  0.17465043463668009  0.18113319155774524  0.18740025795967952  0.19338960595971566
  0.19924882231933613  0.20507230973239393  0.21080037867577658  0.21639752574290747
  0.22194181689858528  0.22744820627464080  0.23294334347614795  0.23836905587729787
  0.24378643735517713  0.24919636213201546  0.25467467826374129  0.26017283641633993
  0.26564297048113589  0.27107798230259406  0.27648650933681940  0.28187432503505294
  0.28725971611276518  0.29267411108659880  0.29806713449114963  0.30348620780092639
  0.30890888822301349  0.31436137434310013  0.31973492866033448  0.32508401710744844
  0.33041411163813478  0.33578883919259245  0.34128159369611749  0.34690821238900249
  0.35263658106910178  0.35841627509498014  0.36418861511023487  0.36996554841522789
  0.37574935206419147  0.38160695759369756  0.38754297412821920  0.39359302369966670
  0.39979528969388523  0.40609285945303275  0.41240328391263975  0.41873283574838432
  0.42513775618293304  0.43164059405041200  0.43822988422228304  0.44485864254783447
  0.45151552782048054  0.45820460439398308  0.46503720429254308  0.47200839281863166
  0.47909772603088430  0.48652241331330376  0.49411774450406903  0.50186422030636813
  0.50978908632216269  0.51772991447812877  0.52584844113333240  0.53405294327459718
  0.54240017801367979  0.55093806855527716  0.55967149178441078  0.56874504612633281
  0.57806789784215917  0.58759188239265270  0.59743914905072903  0.60749741027086646
  0.61783144841670623  0.62858646786407613  0.63978686211032143  0.65165349808387407
  0.66427100770451231  0.67769990826690785  0.69189341828513773  0.70681919495490364
  0.72267257125274909  0.73967889014761934  0.75859408264052175  0.78013459832488963
  0.80516988297480863  0.83531682620974224  0.87886495299723877  1.00000000000000000
   9.0550951632429602E-010  -1.0000000000000000     
 F F F F F F F F F F F F F F F F
  <DiscreteSampler_grid>
  grouped_processes
  1 # 1 for a reference and 2 for a running grid.
  10 # Attribute 'min_bin_probing_points' of the grid.
  1 # Attribute 'grid_mode' of the grid. 1=='default',2=='initialization'
  0.0000000000000000 # Attribute 'small_contrib_threshold' of the grid.
  0.5000000000000000 # Attribute 'damping_power' of the grid.
 # binID   n_entries weight   weight_sqr   abs_weight
    13   10   2.897485020419043E+002   2.045251219748344E+005   2.897485020419043E+002
    14   10   2.897485020419043E+002   2.045251219748344E+005   2.897485020419043E+002
    16   10   2.897485020419043E+002   2.045251219748344E+005   2.897485020419043E+002
    17   10   2.897485020419043E+002   2.045251219748344E+005   2.897485020419043E+002
  </DiscreteSampler_grid>
