 -0.00233493162157990  0.00940697089560037  0.01933887503451988  0.02950875039755606
  0.03979543638859265  0.04999926080565666  0.06023930953997866  0.07050808948251118
  0.08076755240535285  0.09110346327179063  0.10148097998546066  0.11169498183758836
  0.12193883816749146  0.13216781423403923  0.14250373645348155  0.15289621363164987
  0.16334866633743528  0.17393609873349455  0.18455511411862691  0.19518162001309849
  0.20586271266956868  0.21653632590575644  0.22717810498127933  0.23773118076619773
  0.24823009909722352  0.25885987690442358  0.26953372693504191  0.28029221758979650
  0.29100875652394542  0.30184872473298718  0.31270324521497145  0.32336349486696303
  0.33412174634223774  0.34478769859672076  0.35543589156150918  0.36583297042113844
  0.37631089120419636  0.38679682707105345  0.39728713330640192  0.40780174804848046
  0.41815557693345295  0.42844437052606754  0.43872723108582945  0.44916401926377564
  0.45967656282691288  0.47032605195296900  0.48077777523735638  0.49136827269389333
  0.50199315214139562  0.51274943734916723  0.52341346956636270  0.53390923229200549
  0.54441445928040799  0.55476079783772836  0.56521638682857211  0.57562544816461247
  0.58610139802809824  0.59656962846190420  0.60704891543481199  0.61766888887588689
  0.62826252217141620  0.63891169041979701  0.64954027876710962  0.66020949914956839
  0.67090179930966021  0.68156665912466408  0.69222555230020821  0.70292275085298983
  0.71372453810733250  0.72436362813607436  0.73483773757673887  0.74526049314654952
  0.75583370572329989  0.76639784995930194  0.77681097364112617  0.78714120770643092
  0.79759558958135868  0.80817649737671837  0.81876903333850637  0.82933854603714285
  0.84016562878098999  0.85104243848523142  0.86191098948032285  0.87250398682338060
  0.88326848602267816  0.89400828541910105  0.90458802736715549  0.91513956451190392
  0.92610883081907780  0.93720878166953114  0.94798262988150617  0.95864494564333402
  0.96908228618175807  0.97954464075535186  0.98971093284313827  1.00000000000000000
 -0.00243738852642740  0.00977851731421215  0.02009255326182376  0.03085385718143503
  0.04156026968909218  0.05229251912164406  0.06304675118246766  0.07369118308391658
  0.08445717706674630  0.09501280890735476  0.10555323018479690  0.11594815873616220
  0.12639615998781747  0.13686457661723117  0.14732566396991367  0.15797667215917888
  0.16851270453540793  0.17914455960740877  0.18970990006946292  0.20031978423527783
  0.21085701665626622  0.22124611096439611  0.23162546466263725  0.24201394606576998
  0.25242366244083975  0.26274152514630944  0.27300178565801686  0.28326161124741539
  0.29344524158003221  0.30370524636726054  0.31407424551218138  0.32454957060320722
  0.33494682140993953  0.34525365396766239  0.35564855272198681  0.36610583276122083
  0.37651704194551378  0.38691651671790256  0.39740106161918209  0.40793095632497972
  0.41854508788542627  0.42921469940041163  0.43996268901200719  0.45062932553901863
  0.46120660196022517  0.47176521236786045  0.48241256619033790  0.49321094476177896
  0.50396981453457568  0.51462730655715494  0.52515974956083022  0.53572320960557995
  0.54636442841830291  0.55707070862778196  0.56770514215928014  0.57830528462795616
  0.58898729518158066  0.59974458675706310  0.61046173922215363  0.62124423546471996
  0.63183785096220835  0.64237778872333817  0.65285927449245440  0.66331075252702210
  0.67379095035721404  0.68420277464106349  0.69475206241798471  0.70534019623591215
  0.71597687530245879  0.72666347129157727  0.73718444782653780  0.74786834237110056
  0.75841385874298717  0.76913009118986297  0.77968125880636130  0.79026366856312780
  0.80075901660295701  0.81131544458625071  0.82201715838287015  0.83277649628719796
  0.84334516362593981  0.85396172253769542  0.86435842772933724  0.87477194754331122
  0.88500624721499987  0.89524712396320894  0.90552957913787024  0.91582221975809774
  0.92632278509260890  0.93689727152182933  0.94732761459700676  0.95773688294465809
  0.96822507855442141  0.97886149709327419  0.98942386119390147  1.00000000000000000
 -0.00247916739828582  0.00942900740874691  0.01945265412115758  0.02985484855491806
  0.04024663628424575  0.05076834275794382  0.06137160301609230  0.07175824843114559
  0.08212449618339282  0.09248948652710945  0.10285537102158566  0.11315386302308385
  0.12358723839333641  0.13412798360227546  0.14475308931450132  0.15527313263073173
  0.16565967920094554  0.17614891559813034  0.18662285159545353  0.19714696581241511
  0.20779126185216429  0.21854357555589865  0.22938396878281997  0.24005060459897004
  0.25070401790565211  0.26130049168543040  0.27200881358657231  0.28272783556579922
  0.29353347476915803  0.30425043510443056  0.31494098630117540  0.32559230205553169
  0.33609188561943404  0.34648764365728679  0.35684729841918489  0.36722619657913258
  0.37763487103594612  0.38800492923728452  0.39842711573209744  0.40891219996224482
  0.41946822428143404  0.42997886282721481  0.44037984529740898  0.45077784362812651
  0.46114801189134830  0.47161821357561412  0.48212807138452635  0.49272792296229856
  0.50343183869233565  0.51415758476161733  0.52487877792907500  0.53551462343796130
  0.54610736660958903  0.55654795557925196  0.56693405063380098  0.57736830165624287
  0.58779441443083524  0.59828340780248335  0.60874794453268433  0.61934626778811341
  0.62993338398530563  0.64049204368608070  0.65109776297505151  0.66171312981614439
  0.67235708449324350  0.68295602058455263  0.69366047371345585  0.70427923596806041
  0.71484844199253572  0.72525534386598267  0.73581419846478657  0.74633169961863610
  0.75689134643458333  0.76738116892114161  0.77802185570335625  0.78869646641436186
  0.79929408282672465  0.80988429644822624  0.82037637456559853  0.83102725239439779
  0.84159941405061245  0.85218261933670214  0.86276922430470326  0.87333452061814520
  0.88381703459358252  0.89423616084084145  0.90469828916126571  0.91522781441940426
  0.92577023391953295  0.93621896256914694  0.94677415231281659  0.95727798301255751
  0.96808221358542468  0.97875360754248586  0.98944546750796225  1.00000000000000000
 -0.01754637449385445  0.09905336467143960  0.13340132815968084  0.15508995829682926
  0.17299114163756016  0.18850489385960500  0.20244166125254304  0.21517905247591179
  0.22698946104436524  0.23801879432419010  0.24845233094816019  0.25835236234488057
  0.26782116432389064  0.27687477570681757  0.28559772972984471  0.29405496246125973
  0.30218640705748628  0.31012366922082779  0.31779498262428085  0.32526721120301555
  0.33262450792352377  0.33974362116929274  0.34674572269907367  0.35361461828430785
  0.36032058506167597  0.36691453878101948  0.37341646248452104  0.37981476040977991
  0.38612757231959410  0.39238378659887141  0.39856823805236768  0.40464321342024012
  0.41067002519947970  0.41664459059051634  0.42254669700379960  0.42843060733650629
  0.43429833642129312  0.44012951199568395  0.44590517011600944  0.45166100029785428
  0.45739298654601140  0.46310099512979191  0.46879332168529098  0.47447291744231285
  0.48014266830667113  0.48580431848146527  0.49145647149410843  0.49709838788883565
  0.50272282505386034  0.50834328848974242  0.51397631216615347  0.51962710413936652
  0.52529567322177395  0.53097527392402233  0.53666431692497074  0.54237749080715592
  0.54812245606490528  0.55388765186360123  0.55967218080955561  0.56549014163136746
  0.57134717163085968  0.57723947989536994  0.58317966731205706  0.58921081205973758
  0.59528858162071430  0.60137619420960453  0.60755942368246230  0.61381851319595837
  0.62013960027446757  0.62655326461967731  0.63307474271083186  0.63968626531688244
  0.64640088850160649  0.65326325455813372  0.66024086471658650  0.66732653036973688
  0.67465973582071637  0.68211112268201368  0.68977624798019510  0.69769320584970085
  0.70578423226488551  0.71421176436817169  0.72292888591839310  0.73197847710700792
  0.74142990898363093  0.75130933517753307  0.76175189798010723  0.77283310348477530
  0.78470123204561781  0.79746042010904861  0.81137517472850507  0.82683432312238769
  0.84465149283450969  0.86602492461180625  0.89980104172451658  1.00000000000000000
   1.8763897633660351E-005  -1.0000000000000000     
 F F F F F F F F
  <DiscreteSampler_grid>
  grouped_processes
  1 # 1 for a reference and 2 for a running grid.
  10 # Attribute 'min_bin_probing_points' of the grid.
  1 # Attribute 'grid_mode' of the grid. 1=='default',2=='initialization'
  0.0000000000000000 # Attribute 'small_contrib_threshold' of the grid.
  0.5000000000000000 # Attribute 'damping_power' of the grid.
 # binID   n_entries weight   weight_sqr   abs_weight
    10   10   1.597259445499836E+010   3.586224670155727E+020   1.597259445499836E+010
    11   10   1.597259445499836E+010   3.586224670155727E+020   1.597259445499836E+010
  </DiscreteSampler_grid>
