  0.00913541369543202  0.01719104976676746  0.02756441259132374  0.03845891376439997
  0.04869944263416909  0.05880208090095955  0.06901515499938517  0.07945467201148036
  0.08984269272699034  0.10044715492809571  0.11097161102203788  0.12165772380733550
  0.13219233085028659  0.14276086451333445  0.15342037887074911  0.16416490242277096
  0.17499980709944160  0.18576274922730104  0.19638466920058908  0.20691214664831153
  0.21735282505544576  0.22769693573422642  0.23807062953652292  0.24863558220474991
  0.25928671011002169  0.27006426464636457  0.28067810350376171  0.29120093638831790
  0.30161650768962256  0.31198416646323340  0.32234914836633671  0.33288613851996979
  0.34365679798528542  0.35449639246603687  0.36504628836201403  0.37558451270867244
  0.38623889850780735  0.39619638402944513  0.40536499266892795  0.41466930545128838
  0.42432132566433489  0.43496270922637081  0.44564369104207574  0.45633452355452747
  0.46720831339964353  0.47811446238219152  0.48885047351083294  0.49949821004964839
  0.51052832493434508  0.52141752617656301  0.53148431757290482  0.54155299278982272
  0.55202657523218124  0.56262629061822500  0.57323556928923258  0.58352313884616225
  0.59439670392722677  0.60509436151213203  0.61573862185705430  0.62639742742267790
  0.63706921059606614  0.64774991207100152  0.65845744452550892  0.66913680131248243
  0.67977850806188744  0.69020133754111679  0.70085682544559069  0.71128371657864098
  0.72186602245971876  0.73235704579299044  0.74289682136759583  0.75329513444011575
  0.76396808773517022  0.77451693743306127  0.78502933234888139  0.79538807807961287
  0.80598580833022959  0.81629116593835471  0.82638445126343374  0.83681837560373540
  0.84740760467437048  0.85809615622560553  0.86838288192313828  0.87906296238127857
  0.88978957688714211  0.90029182413952580  0.91056722720696415  0.92094516319457287
  0.93130130525803656  0.94158299424738323  0.95188670012775733  0.96219871348825525
  0.97254800539873254  0.98205143950812357  0.99141036774083025  1.00000000000000000
  0.00000239180548269  0.00000270086656347  0.00000299062635256  0.00000325627734228
  0.00000351452711831  0.00000377297822346  0.00000403429286203  0.00000428481151903
  0.00000455989490355  0.00000482906757500  0.00000510127136338  0.00000537848221115
  0.00000566165368330  0.00000595647723509  0.00000626111543130  0.00000656721317606
  0.00000688296223951  0.00000720632533631  0.00000753461095888  0.00000787374965989
  0.00000822390738334  0.00000858332711841  0.00000894987570758  0.00000932303360972
  0.00000970416457018  0.00001009345975418  0.00001049174183226  0.00001091125529190
  0.00001134486447655  0.00001178192824406  0.00001222537269132  0.00001269470834930
  0.00001319151524317  0.00001370354363373  0.00001423654704813  0.00001479885660596
  0.00001536440274035  0.00001591936051266  0.00001648830053197  0.00001709374057509
  0.00001778874678448  0.00001850394181979  0.00001924676010544  0.00002002523897852
  0.00002085010298878  0.00002169459777940  0.00002256985322507  0.00002350318491170
  0.00002448446586044  0.00002548253911679  0.00002655015166227  0.00002771457104734
  0.00002893738072200  0.00003021185333151  0.00003158603442318  0.00003307056358684
  0.00003464088393878  0.00003633837807411  0.00003816975687480  0.00004012254670636
  0.00004224655833113  0.00004459668219093  0.00004710032665927  0.00004982863996115
  0.00005276641459772  0.00005587279113783  0.00005936615385595  0.00006303913204225
  0.00006720721819152  0.00007166537130122  0.00007671478511860  0.00008232300519793
  0.00008851328344091  0.00009539583847350  0.00010301629146300  0.00011181042341716
  0.00012152659013538  0.00013279447412492  0.00014573876187155  0.00016069556411656
  0.00017769712141877  0.00019730865728650  0.00022068558031483  0.00024817926123554
  0.00028121121696554  0.00032172472377792  0.00037083443414028  0.00043230511012094
  0.00050862450161022  0.00061062918044920  0.00077649348496155  0.00104234053415271
  0.00213223978931403  0.00787651453574848  0.01906172163007431  1.00000000000000000
 -0.00227019040188253  0.00915308120755244  0.01878185071100898  0.02920268166347451
  0.03949245104860718  0.04989753949917287  0.06037673232898456  0.07100687554646734
  0.08162533288003596  0.09204629582487699  0.10241807924426299  0.11278342382762607
  0.12319659678075190  0.13364722665469192  0.14399473733479051  0.15438128739310983
  0.16488974028744738  0.17559219468584583  0.18654869028758767  0.19737454375878322
  0.20806796220283208  0.21865493029570968  0.22927849689789331  0.23989352684322365
  0.25048940919499479  0.26124315057335645  0.27210091340569803  0.28310360683543212
  0.29424042622531321  0.30511670308767797  0.31599737605582612  0.32674313563949625
  0.33770080534815661  0.34829332048621353  0.35894360351765459  0.36952035836844338
  0.38023596271057375  0.39070107697985262  0.40119578796010974  0.41174143230160476
  0.42222717019139816  0.43290123977285383  0.44353426385470346  0.45453655175580521
  0.46515238427871386  0.47584665152981848  0.48629716373905052  0.49676302563989294
  0.50731113444367648  0.51795905946577081  0.52853164562704935  0.53895572971611216
  0.54948160161136661  0.55999870968740473  0.57039307068406164  0.58064949100603114
  0.59115452785055400  0.60183493893925732  0.61245373183788487  0.62298175337261441
  0.63340796203331273  0.64385070624285146  0.65428085900739175  0.66464954474454174
  0.67505500963884935  0.68530667335465656  0.69560792583674658  0.70607009105105523
  0.71676773261321558  0.72731469127852699  0.73779044912311786  0.74836862408503513
  0.75913124384182828  0.77000084107469191  0.78092311981305695  0.79180915255439777
  0.80260396431578540  0.81344808550807879  0.82383074994408079  0.83330506616579481
  0.84265953272330518  0.85213287925761694  0.86280962494357871  0.87350145786853561
  0.88382646961006406  0.89413515262813892  0.90451510648584699  0.91503008310365874
  0.92565528676120790  0.93607997669715426  0.94693539125484794  0.95758425379735090
  0.96818390473063920  0.97852912331436737  0.98926458163832787  1.00000000000000000
 -0.00246430333782512  0.00943077539031666  0.02000137101237344  0.02958779565253993
  0.03928126264695903  0.04906676061332709  0.05931227142926414  0.07006750962118781
  0.08067171003267452  0.09129444084391682  0.10185231115229162  0.11231013166383098
  0.12288020628169641  0.13362966915518831  0.14444234923046484  0.15511807633999442
  0.16572645446863513  0.17637849990171203  0.18705212792844725  0.19771641444969615
  0.20840481365851790  0.21923840108803383  0.23017821767467903  0.24117908088497908
  0.25216988789076583  0.26295770431927901  0.27367041922738439  0.28436429749375119
  0.29504339084458037  0.30561335667836381  0.31612698651984411  0.32665986207751935
  0.33726547675553498  0.34782301659450193  0.35828899380439144  0.36854720373050748
  0.37880981342273673  0.38923066071816270  0.39978521317056392  0.41057589644938275
  0.42138810866751186  0.43212890912298429  0.44282628834569554  0.45349735988364998
  0.46417685249603224  0.47482293636299694  0.48553741929756350  0.49628154552282766
  0.50696023053891115  0.51764914592991595  0.52824500476626535  0.53880925862983431
  0.54950842915410991  0.56038623929252473  0.57127933247483664  0.58210162270748378
  0.59286860302011035  0.60352897570010866  0.61404646228585713  0.62454428384232752
  0.63516063683766844  0.64577075745273260  0.65629465353539229  0.66671399806839826
  0.67716024546179832  0.68755206140204594  0.69778023915386889  0.70796300963771874
  0.71827066815278351  0.72874887459234250  0.73916204738464564  0.74965518670863296
  0.76015056787790369  0.77052946944104705  0.78097985068749931  0.79143630000262777
  0.80175442301697342  0.81201209839347877  0.82220701489055548  0.83254366835705196
  0.84277246966573982  0.85262127162445922  0.86335578610908892  0.87413748263479008
  0.88484053493040304  0.89559753677075282  0.90621245124257288  0.91681259327518427
  0.92719640525564262  0.93758773842714460  0.94787016505867805  0.95825815444506801
  0.96885599961062263  0.97930893814741005  0.98971410241663860  1.00000000000000000
 -0.00224489470103864  0.00906642955755332  0.01917798563406984  0.02973760993433177
  0.04065891177035116  0.05097690974865207  0.06128018704815812  0.07192610481756148
  0.08235695988569888  0.09295018765176391  0.10357736899697427  0.11446170066349326
  0.12541854454111709  0.13597537389270684  0.14652517142098082  0.15696356326807923
  0.16739858874485994  0.17770472897693698  0.18785455632512638  0.19817172251649900
  0.20852645161706959  0.21903619098575156  0.22933391012339593  0.23987555237837901
  0.25040042472008506  0.26092992815968641  0.27125897649948105  0.28165830903057731
  0.29211654106075596  0.30272773704828632  0.31317650350248888  0.32356483170367961
  0.33386812914053099  0.34434036039540711  0.35489471483253821  0.36544941494047273
  0.37611359834245262  0.38685605025783987  0.39775013896544037  0.40840525181987741
  0.41893000096202365  0.42939893841521509  0.43996773393797933  0.45072312088925470
  0.46147654619055511  0.47221554125425075  0.48280008254820433  0.49326955350953183
  0.50388127497907653  0.51464778047567306  0.52535837152737774  0.53588893967271800
  0.54642438677788274  0.55708274047653072  0.56784352498588508  0.57864856616015536
  0.58935965602313467  0.59991538958482371  0.61052534317988905  0.62127910881087178
  0.63204477166240958  0.64262152833479891  0.65308771302723456  0.66358523688428162
  0.67412886361793500  0.68463447840251557  0.69516547678924412  0.70564885985886805
  0.71611464717443329  0.72656491216083385  0.73705957261962529  0.74772782988215492
  0.75875080994082666  0.76897800410099793  0.77837637082831523  0.78758702170335959
  0.79671768389173914  0.80738127265935078  0.81813149216616476  0.82857651908331353
  0.83904110443819890  0.84931666176869902  0.85973871554272452  0.87020580906387113
  0.88072364883144783  0.89143272038140409  0.90197039084222941  0.91285519367780288
  0.92368853437939480  0.93487765531223088  0.94588042141427831  0.95685684441151464
  0.96766608628775286  0.97858744268362352  0.98930454420414393  1.00000000000000000
  0.02623172850572661  0.02688062512816717  0.02747025010968790  0.02804707033300540
  0.02908959123408739  0.03044391483683605  0.03174456038878139  0.03386051272153410
  0.03762106748620885  0.04193785252972519  0.04665085242446562  0.05149861139872108
  0.05638678587719475  0.06134451454967403  0.06640994235379755  0.07153464016028169
  0.07670709947345573  0.08196389207930868  0.08729918430004943  0.09267475922168307
  0.09804888203367736  0.10340769997743175  0.10877161128374316  0.11418223144117254
  0.11964915326702294  0.12512664834645360  0.13069637820067456  0.13632669848269535
  0.14204719610817568  0.14789980731184824  0.15388023478725127  0.15992903113466961
  0.16601754141271449  0.17211457640216071  0.17822803333743603  0.18441656073242685
  0.19072345866155788  0.19712269093906426  0.20357579317386881  0.21008494352455320
  0.21668048047302824  0.22335084570727654  0.23009777079373925  0.23697471324891714
  0.24397506968755178  0.25110408189033939  0.25838891093060562  0.26575698453739349
  0.27317312337341260  0.28071632783157474  0.28837555922036107  0.29616829971421305
  0.30418225689225159  0.31226245890727938  0.32053749481747590  0.32897776004480406
  0.33750999465353926  0.34610171840110293  0.35476457659853133  0.36356210032378550
  0.37255800450757470  0.38176419727203020  0.39115211399980343  0.40070609807583596
  0.41043114495445876  0.42032055353460557  0.43038196838544573  0.44059590649240032
  0.45103046247253770  0.46171178987951533  0.47268006919621158  0.48408020576547250
  0.49581606410549878  0.50778948655779543  0.51996140214750264  0.53246172964849980
  0.54529497733556687  0.55862727568037407  0.57239651486917009  0.58642508350882927
  0.60070615135071681  0.61543832980490643  0.63073335276670306  0.64663686560584521
  0.66320232813479874  0.68058831780855866  0.69878185927387781  0.71790795777587058
  0.73807423160188712  0.75988603503831442  0.78359312492331989  0.80959688645809680
  0.83856279881677720  0.87241133466798537  0.91890769754426516  1.00000000000000000
 -0.02775843310972683  0.12195899692695510  0.15662790386197220  0.17870738444340672
  0.19670490982235947  0.21068115303808854  0.22206618933159269  0.23269895659862713
  0.24322618665398696  0.25397259846454900  0.26392777905251485  0.27331399750795571
  0.28226443132976414  0.29087734788157626  0.29917138326102577  0.30718152103098390
  0.31493030957359908  0.32237802524974030  0.32957164916333603  0.33649410592326967
  0.34324159862689635  0.34992238478237020  0.35645054944753196  0.36281513790986503
  0.36905266421064037  0.37517395593891206  0.38120065812994441  0.38715097880517929
  0.39302366357425539  0.39885654512404350  0.40466193158414476  0.41043107881929508
  0.41616603473399288  0.42186437534540189  0.42751998431238697  0.43312702945275816
  0.43864064468882974  0.44402313439988883  0.44932692537356433  0.45461403668814604
  0.45989274420764364  0.46520294905090798  0.47055266166832227  0.47585375072182967
  0.48111727668260718  0.48627890764408510  0.49142804373054477  0.49661875372135433
  0.50176805802407165  0.50692213492050020  0.51209046741141029  0.51727295863704437
  0.52246914497560415  0.52767631599476306  0.53289857930020934  0.53817781439293488
  0.54350809102934483  0.54887737444998075  0.55428163447336343  0.55970781057243235
  0.56517621935236861  0.57067598689809695  0.57620204576595491  0.58181016330309365
  0.58743330061174404  0.59309461145033593  0.59879518357521389  0.60456559526979747
  0.61046980686570274  0.61647734848607871  0.62255838612322745  0.62873740272884948
  0.63500141142644650  0.64133090394396974  0.64780713138101642  0.65445566885811002
  0.66130515609506468  0.66831759721458373  0.67549894526872933  0.68281292749486133
  0.69025502388839766  0.69786085497179806  0.70577430399933105  0.71409869684946636
  0.72287403600208555  0.73209687155790537  0.74184547461707517  0.75214639070402289
  0.76323008980698526  0.77523790639403778  0.78852192353270834  0.80353819132818483
  0.82090093745219939  0.84236841470882395  0.87748796853331856  1.00000000000000000
   4.2425093354441259E-007  -1.0000000000000000     
 F F F F F F F F F F F F F F F F
  <DiscreteSampler_grid>
  grouped_processes
  1 # 1 for a reference and 2 for a running grid.
  10 # Attribute 'min_bin_probing_points' of the grid.
  1 # Attribute 'grid_mode' of the grid. 1=='default',2=='initialization'
  0.0000000000000000 # Attribute 'small_contrib_threshold' of the grid.
  0.5000000000000000 # Attribute 'damping_power' of the grid.
 # binID   n_entries weight   weight_sqr   abs_weight
    10   10   1.431167501880406E+008   1.071826475117637E+017   1.431167501880406E+008
    11   10   1.431167501880406E+008   1.071826475117637E+017   1.431167501880406E+008
  </DiscreteSampler_grid>
