  0.00939663778016766  0.01649873019436937  0.02573168942370861  0.03691889818284009
  0.04751864927524972  0.05798416846552620  0.06836011062153025  0.07897890087670656
  0.08963804095386432  0.10021130441752478  0.11056754925345126  0.12120748449247686
  0.13200894783856856  0.14309228585228997  0.15364158088205879  0.16436442483190225
  0.17496882681368145  0.18538545047645474  0.19569838412143331  0.20580303285581111
  0.21610436122425045  0.22635487317395339  0.23696693364699781  0.24754743830736409
  0.25809335039923853  0.26857121170338522  0.27885237937322971  0.28891474611364676
  0.29900725053031790  0.30914544660811433  0.31919639241387832  0.32917960430134291
  0.33956280738933470  0.35032791363420263  0.36081330733408451  0.37109703477141454
  0.38127098056628267  0.39136885415524686  0.40156179812380538  0.41197403798182286
  0.42270259490548212  0.43360734457279249  0.44476405490932230  0.45589689944859363
  0.46665901848599456  0.47696973975895374  0.48702864045949862  0.49706947978240618
  0.50685208995954056  0.51664789229045671  0.52647371085842976  0.53642122849343099
  0.54692078971077829  0.55769113454833874  0.56881648361624548  0.57975751882895321
  0.59061646480960817  0.60143303735871934  0.61212071652446109  0.62259988957002499
  0.63289551518214970  0.64322234941370182  0.65360697273422308  0.66399048274589845
  0.67418417688328047  0.68433777607349311  0.69437152950796888  0.70445412804191443
  0.71461018887539252  0.72470203962053625  0.73458446403025091  0.74441633262549578
  0.75444671445780964  0.76452672125271148  0.77456813027309435  0.78456943655130940
  0.79477534412234641  0.80510962456534718  0.81529728580991068  0.82535712133534278
  0.83548309956112921  0.84578821284203776  0.85621790268348674  0.86661593293232464
  0.87691202107249799  0.88723685592278934  0.89742050557705544  0.90771377943067877
  0.91802173488312300  0.92832601682917615  0.93885239270768972  0.94918075607049279
  0.95921377142300568  0.96931259342727316  0.97965378999999875  1.00000000000000000
  0.00000248711662198  0.00000288955852579  0.00000315410406107  0.00000340666922526
  0.00000366073247638  0.00000391595395279  0.00000416828811530  0.00000441903145172
  0.00000467442610009  0.00000493541899901  0.00000521920338605  0.00000550802774957
  0.00000579964051154  0.00000610301036488  0.00000641384089453  0.00000672711937665
  0.00000704923421448  0.00000737854359799  0.00000770814315493  0.00000805568520579
  0.00000841619193443  0.00000878575207639  0.00000915716050392  0.00000956284800356
  0.00000998069277217  0.00001040420490326  0.00001085298254791  0.00001134320767113
  0.00001182217254331  0.00001231225930383  0.00001282115382831  0.00001334430078123
  0.00001387942993397  0.00001444670369482  0.00001506306488080  0.00001570999363036
  0.00001636128003343  0.00001703317316491  0.00001774629635391  0.00001848133935481
  0.00001923162873579  0.00002007499546557  0.00002097368332872  0.00002190768869175
  0.00002288119650541  0.00002393780876412  0.00002504755666946  0.00002620173296521
  0.00002748637223813  0.00002885807556463  0.00003027237460296  0.00003178839481536
  0.00003341660778629  0.00003508541858058  0.00003691775207477  0.00003889789672697
  0.00004095170687271  0.00004324596887392  0.00004568194145438  0.00004827957738951
  0.00005107283676828  0.00005403607774460  0.00005726378915728  0.00006086094046519
  0.00006478519470877  0.00006911635208663  0.00007380690812494  0.00007898333519302
  0.00008491090867815  0.00009126551795210  0.00009850021127703  0.00010644203533426
  0.00011545363132977  0.00012558814492698  0.00013681755178647  0.00014929539669043
  0.00016309911572912  0.00017871238880339  0.00019630387712728  0.00021626513001578
  0.00024026158070820  0.00026808068782812  0.00029921272421446  0.00033392777831952
  0.00037308358549980  0.00042156329665211  0.00047665342928565  0.00053863592180235
  0.00062200142066634  0.00072878881048555  0.00085916082712749  0.00103450258228870
  0.00142755739035760  0.00263348343111866  0.00788317290449033  1.00000000000000000
 -0.00219976613738787  0.00936096935241056  0.01916274365495264  0.02966690571977119
  0.03977781544596658  0.05027385925261959  0.06089027045255298  0.07161053794488681
  0.08243874232977186  0.09334609848736725  0.10393264649713045  0.11468748044800769
  0.12518161238801273  0.13585962048247308  0.14649595313370639  0.15712211592838823
  0.16787385123008583  0.17831704117675162  0.18863196916658967  0.19872211569281276
  0.20889448421663478  0.21955326190438534  0.23053075198862324  0.24144374418365763
  0.25205134148794323  0.26249799352948300  0.27321103638457012  0.28378948286579553
  0.29459060454232200  0.30525319258790068  0.31622078622554428  0.32708949206971055
  0.33816095111784705  0.34955738537339698  0.36100032990587150  0.37226015990922900
  0.38314810732730509  0.39387198057525730  0.40443064806509171  0.41461533873050149
  0.42445387204002466  0.43434330290523221  0.44458020772400075  0.45494985106496116
  0.46515284179962446  0.47518140622544686  0.48530411185210270  0.49536444768116328
  0.50602434699863474  0.51672865878727092  0.52711381846328353  0.53719551589615711
  0.54710317924900087  0.55742466956677739  0.56765515672900468  0.57778248729625725
  0.58804202413133511  0.59817722611414648  0.60832264859183760  0.61865539815855952
  0.62896832783474921  0.63937423795066883  0.64960076192400207  0.66001270715862470
  0.67047028834357558  0.68076042732790754  0.69103688307237476  0.70140818598881360
  0.71201174493192321  0.72281485247312116  0.73357573663463771  0.74476024553829612
  0.75583480896026189  0.76725639231843723  0.77880119305696183  0.79029771587076114
  0.80140637191909803  0.81251655770141817  0.82352532597017147  0.83438985838341118
  0.84460415111498732  0.85486420684320441  0.86529815601710292  0.87566750429926843
  0.88585472414128019  0.89590334012454886  0.90620813086294794  0.91662451135328638
  0.92703976394894316  0.93743351344057224  0.94780069685491131  0.95795263654672902
  0.96804246856710474  0.97826232463574381  0.98903499816950302  1.00000000000000000
 -0.00192256517969195  0.00918187681883668  0.01873843825644685  0.02868543771742688
  0.03855943447794154  0.04872664566099332  0.05932078439617642  0.07017020112542253
  0.08087129787585752  0.09136728105599518  0.10188584132933468  0.11251823080088948
  0.12329222604387316  0.13424815272259119  0.14533540240467016  0.15653706768349854
  0.16749926022675318  0.17823638834420702  0.18882242108255126  0.19941829885811338
  0.20981685104618528  0.22001615743628372  0.22992714762683336  0.24030865427368242
  0.25100651224920117  0.26248558151833395  0.27392909668802945  0.28516399027830186
  0.29598021131890756  0.30705792118605646  0.31778488761084794  0.32862941044770888
  0.33906215473567503  0.34944874789126568  0.35980413911379994  0.37006812322092975
  0.38066568726317856  0.39139614273625523  0.40212781616802468  0.41277610255167962
  0.42349490078734581  0.43428262110527610  0.44475617018503882  0.45489978189552516
  0.46524927416910083  0.47584116958830258  0.48591593321368975  0.49550451261755041
  0.50528412670209943  0.51549211067355527  0.52570279010512033  0.53567429964662150
  0.54573987480030028  0.55625280959823631  0.56678701276567800  0.57751927022714433
  0.58828424672661239  0.59910673027269534  0.60988846135311303  0.62077918389014131
  0.63138968058975242  0.64179438472194084  0.65232192578917980  0.66280600508749399
  0.67315151905246329  0.68339156244898136  0.69383908587512155  0.70457785140747875
  0.71529068608007473  0.72583754946333623  0.73641574503267804  0.74682089727260925
  0.75720854412593686  0.76743172827600903  0.77750222426214866  0.78757196546847574
  0.79775202958845504  0.80832897060532105  0.81914341477776009  0.82993466002902860
  0.84071171246961685  0.85131499448852110  0.86209410534533071  0.87295069568225436
  0.88359058377190469  0.89430932648178163  0.90521366998894115  0.91620865421042241
  0.92647047366688184  0.93685610101926453  0.94763459271313155  0.95830436877025538
  0.96842724044933925  0.97861668609064978  0.98919303645404133  1.00000000000000000
 -0.00234125613618374  0.00915154007895386  0.01920141239421892  0.02985052130483747
  0.04060423305500358  0.05154512576650312  0.06253937230091482  0.07313810456747363
  0.08400761216829374  0.09496454522247949  0.10609573331746618  0.11636226393350073
  0.12679767196367123  0.13739909875863232  0.14794466921880195  0.15784508390480290
  0.16801371436799142  0.17866040307386610  0.18949862778016985  0.20018670803614333
  0.21077729134138751  0.22112104246984532  0.23128696066310589  0.24133595107671602
  0.25135401787999340  0.26150393266312810  0.27180918324703524  0.28269888307211066
  0.29359098468438299  0.30390516978207643  0.31400661922896794  0.32406372011659051
  0.33445304744415416  0.34490830743205497  0.35547281984175305  0.36609891545851142
  0.37662528582615284  0.38713822297166667  0.39776114153078229  0.40898530809608680
  0.42015513669135940  0.43106960852697462  0.44155992898397950  0.45183296489573282
  0.46205683572869338  0.47211723734625505  0.48238147916818114  0.49300891025081850
  0.50360530984790119  0.51472424057331734  0.52562310524699951  0.53679863540729922
  0.54759965200928562  0.55833196201687896  0.56876755437930837  0.57921683947784686
  0.58963155487522467  0.60012252862445004  0.61038027318706634  0.62074764053508968
  0.63110409669605039  0.64201035328058720  0.65264815310959512  0.66369750444079090
  0.67445132063647562  0.68571397438422788  0.69619582757177223  0.70645071028567996
  0.71655468586440785  0.72666255682445702  0.73710519153901410  0.74772322913941336
  0.75826104764937230  0.76863453202116572  0.77879936983302545  0.78897846197558408
  0.79900768100894004  0.80901997734277187  0.81956354938839848  0.83026000921392695
  0.84146231184528342  0.85233537935960990  0.86350702734870022  0.87459427777205845
  0.88553596767597031  0.89640426512179971  0.90719691929946522  0.91778595057840118
  0.92843202392277679  0.93867311638082052  0.94907947568664841  0.95926483952309283
  0.96962430095129903  0.97987345220638011  0.99005667608039216  1.00000000000000000
  0.02316492869431152  0.02648477697298583  0.03137341239622003  0.03669966422296980
  0.04204816614466961  0.04717558511013229  0.05241977988701659  0.05772147136080902
  0.06315983078440512  0.06871912958328505  0.07429450797784302  0.07990042922913813
  0.08554382994153251  0.09123109763565318  0.09689290412103276  0.10259884344720369
  0.10865199499597722  0.11481099649208094  0.12088638578671627  0.12686964957088179
  0.13297052265992731  0.13922999518104842  0.14566625720785664  0.15242349638567326
  0.15921304319406734  0.16582415911593426  0.17237167711672327  0.17896041493033121
  0.18573876651640081  0.19290246951239853  0.20023571904697668  0.20759054280166075
  0.21482974240963423  0.22205389073414147  0.22933123307874015  0.23675877389392130
  0.24416032581572925  0.25164461863597742  0.25923266722774135  0.26694099037904934
  0.27475836166335066  0.28268072980632653  0.29079909081470412  0.29892433269112267
  0.30700762811502835  0.31508408205420962  0.32317050277678910  0.33135724809845030
  0.33972839122048348  0.34824778401134909  0.35683412031371753  0.36558770602598317
  0.37466491911585315  0.38408400224773304  0.39361335823251564  0.40300664835882899
  0.41235920363569240  0.42205113478902528  0.43198576410014250  0.44195404396075233
  0.45170988452375377  0.46163276519105989  0.47189437742172663  0.48232016247938647
  0.49298651764801682  0.50391511775079700  0.51510305488266528  0.52622297147705099
  0.53757306598029320  0.54908317623026781  0.56077874930477978  0.57246453467616565
  0.58410450155337490  0.59577207218368500  0.60770333724363546  0.62010907842469010
  0.63278812508281235  0.64598201472258920  0.65997779305495308  0.67468309290987361
  0.68970765847527760  0.70477409526566026  0.71977548578377126  0.73500061335166034
  0.75066806134604258  0.76689346090500765  0.78392077824793149  0.80146004124542192
  0.81944484084983638  0.83841415096566096  0.85846744641169270  0.87970889039300659
  0.90243416527113751  0.92776760156211269  0.95850921560984870  1.00000000000000000
 -0.01906520055944910  0.11604188778082852  0.15918645735411327  0.18683598816051000
  0.20850645588424296  0.22709972843361378  0.24397147314536477  0.25947801776015078
  0.27404824279196016  0.28729340979511780  0.30002798001459274  0.31229074149877406
  0.32380445204078079  0.33459598532019130  0.34482379534571250  0.35473637044652634
  0.36440463978013948  0.37411181605553406  0.38391253783083834  0.39357700725416561
  0.40280830064838541  0.41178768698562684  0.42059202549815272  0.42916232177336194
  0.43754248541782581  0.44576196666874512  0.45399208568612032  0.46224951126258329
  0.47052733742179814  0.47870838644718705  0.48679894511792132  0.49482263637458573
  0.50271351894400462  0.51051417746047456  0.51830121728504275  0.52592042854200494
  0.53326169377967736  0.54043914008585914  0.54754455783022915  0.55466906040230746
  0.56170547368076840  0.56863328247009071  0.57541777654988835  0.58218860031467978
  0.58880546914775578  0.59537787441064971  0.60203601624035064  0.60860629247106102
  0.61518075055778332  0.62170118293680110  0.62807328718164279  0.63427204008023708
  0.64034079482888562  0.64636217810540253  0.65241265170943119  0.65851512729757111
  0.66450445488545229  0.67050354629811304  0.67645642501669467  0.68239679433580613
  0.68838679522115098  0.69445747509059252  0.70059512595328144  0.70669627408097946
  0.71259659804841757  0.71827063822861459  0.72385741664658798  0.72933457360830301
  0.73472403885309767  0.74009444868147989  0.74559095172903345  0.75113599797475661
  0.75664479226121684  0.76211713782882451  0.76768894735750814  0.77344726223832083
  0.77933748140984538  0.78523458970355031  0.79108545664738350  0.79701344854213652
  0.80312215784857088  0.80930059363443463  0.81577640083540792  0.82245357563039245
  0.82915698987954578  0.83599659601072007  0.84319781872940303  0.85080961172764680
  0.85900914852706656  0.86786069519133502  0.87716243957954720  0.88828062961051324
  0.90122479798489841  0.91802660249217238  0.94222992718303800  1.00000000000000000
   5.0839190570071953E-010  -1.0000000000000000     
 F F F F F F F F F F F F F F F F
  <DiscreteSampler_grid>
  grouped_processes
  1 # 1 for a reference and 2 for a running grid.
  10 # Attribute 'min_bin_probing_points' of the grid.
  1 # Attribute 'grid_mode' of the grid. 1=='default',2=='initialization'
  0.0000000000000000 # Attribute 'small_contrib_threshold' of the grid.
  0.5000000000000000 # Attribute 'damping_power' of the grid.
 # binID   n_entries weight   weight_sqr   abs_weight
    10   10   1.183456806736792E+003   2.276844508130027E+006   1.183456806736792E+003
    11   10   1.183456806736792E+003   2.276844508130027E+006   1.183456806736792E+003
  </DiscreteSampler_grid>
