 -0.00241060289473327  0.00945637264223006  0.01962164435706311  0.03003558417498090
  0.04040593882162198  0.05103129105408995  0.06184227665419949  0.07252979554888755
  0.08306654011984478  0.09368111614524034  0.10438949491410389  0.11490619282923846
  0.12556016656271760  0.13624251475084612  0.14691822587938932  0.15741422901720337
  0.16796765099331668  0.17858788807166259  0.18917278147112834  0.19944691139758655
  0.20970247969503264  0.22007756594195080  0.23048417629902110  0.24094313394455075
  0.25147249818570427  0.26207478330337469  0.27280609172672721  0.28335303992444744
  0.29389545896096864  0.30436083112174750  0.31480527298206984  0.32533635241104114
  0.33582767425744298  0.34628146412911875  0.35661569855821340  0.36700263789222171
  0.37746268857112691  0.38793117526215387  0.39839855165221738  0.40897307854723819
  0.41940569426748331  0.42980798884209770  0.44029588243698364  0.45093676533301302
  0.46145762766785914  0.47190624708699436  0.48245830410263896  0.49309119862747136
  0.50364981473617720  0.51406350314782090  0.52442847353678590  0.53485371123897929
  0.54531169975268545  0.55579047623213595  0.56631497245760865  0.57693778467066481
  0.58753200037319475  0.59803569397048395  0.60847985462187892  0.61894076624948324
  0.62951506446487837  0.64001500379104370  0.65049640823159505  0.66111442056675140
  0.67183028909624676  0.68258908587563050  0.69317450337350572  0.70384607624875395
  0.71446423239920687  0.72511707860040997  0.73577701330800960  0.74641407701734985
  0.75697403296822230  0.76756129584221400  0.77798211375862647  0.78848119867689159
  0.79910211532379449  0.80971877124103941  0.82022855969362540  0.83065053832960878
  0.84117412808637670  0.85167338536469694  0.86218191339415928  0.87264820876558458
  0.88311597838614719  0.89370501248402512  0.90437768363802584  0.91495269360445264
  0.92541376616548066  0.93590912645064062  0.94657527664206087  0.95730918356187589
  0.96813225454066998  0.97889130843564509  0.98949869246091793  1.00000000000000000
 -0.00246372818372785  0.00943792562485961  0.01967481840308046  0.03027440646228840
  0.04100010634434562  0.05170675792754894  0.06231553009213052  0.07275999652948846
  0.08332193598175477  0.09391451712778991  0.10455294189266549  0.11503447395876566
  0.12551726456001219  0.13601834735527402  0.14644750101934040  0.15694259013245276
  0.16755432222898115  0.17840590502820555  0.18918972699343292  0.19987752014203528
  0.21050551098082917  0.22124135509545237  0.23183421691717565  0.24234146094643141
  0.25292908479089760  0.26372935744187326  0.27440112606380357  0.28489842116703912
  0.29546404576861135  0.30610348303886903  0.31663868430313163  0.32707306654255336
  0.33754163020730926  0.34808725155913722  0.35855270722385102  0.36902009868362401
  0.37950451290253795  0.39006669171798375  0.40045790609321530  0.41084353077026914
  0.42129029765513210  0.43180521896666313  0.44237670010176044  0.45279528101398131
  0.46327009669973274  0.47372101951403761  0.48431817276280575  0.49491323397424386
  0.50556563346060024  0.51630026531141504  0.52696141447009792  0.53757627260132790
  0.54788328040850320  0.55811956596744083  0.56852750033061439  0.57907331629513603
  0.58967370968825350  0.60016843891232929  0.61074673004132896  0.62127626215841036
  0.63165583836165606  0.64209405111856266  0.65262502675256673  0.66321453357381743
  0.67374143892045890  0.68428600606997769  0.69471209366314268  0.70515738069225142
  0.71565651934144359  0.72620098571797642  0.73660187020735801  0.74699611121404119
  0.75742054772874201  0.76792469833306587  0.77842906478456686  0.78885422017620765
  0.79939848610767561  0.80999947776775072  0.82066298877877986  0.83128249255597009
  0.84177459083659001  0.85234989083431323  0.86290218191009560  0.87342206383476717
  0.88398965574211630  0.89453449743567037  0.90521397872746878  0.91579262496882485
  0.92637582591283718  0.93706143891624594  0.94759377487149499  0.95820963052165364
  0.96867844583769125  0.97924029523504641  0.98964370604637142  1.00000000000000000
 -0.00238664841986695  0.00977082403370500  0.01996475820078059  0.03039838654460575
  0.04075307188723812  0.05112176388551887  0.06151031656012981  0.07229275800081025
  0.08309408350868808  0.09381649293767542  0.10446686056604186  0.11505998133476571
  0.12557784749707571  0.13591782723238349  0.14626191205442879  0.15668186139836895
  0.16713062503071921  0.17751027701331770  0.18772576555662143  0.19780221965104591
  0.20791028293259053  0.21823959563093084  0.22868120845976148  0.23923212799275526
  0.24967362698562776  0.26030798195178251  0.27092245928593639  0.28158778120020428
  0.29230574647705443  0.30298755640360564  0.31356974450105407  0.32409022595845588
  0.33462780834095091  0.34523990955292611  0.35583347791274650  0.36642080772731495
  0.37702761633843584  0.38757126656149887  0.39799885616217995  0.40837131585460795
  0.41876968152418353  0.42931872518259157  0.43988542212384241  0.45043569423353214
  0.46106305191622426  0.47166322260859522  0.48219403527151938  0.49267025460217811
  0.50320117739882275  0.51382301148111220  0.52446653397309417  0.53503239023905025
  0.54558135466959712  0.55612201487522883  0.56673210754946823  0.57729058330276561
  0.58783447915132325  0.59828475210322507  0.60886867659651200  0.61943937300777963
  0.63009598791794064  0.64081492515446958  0.65144658443521819  0.66208409111740230
  0.67243128551932241  0.68280366852180385  0.69328418823392646  0.70382346509272553
  0.71429109374560518  0.72476461819617877  0.73514720274698830  0.74563175346933552
  0.75605183817657273  0.76664366250346960  0.77719668768042893  0.78787186140777965
  0.79842658955660883  0.80898737772937124  0.81951121613731848  0.83006800086198185
  0.84062647536102375  0.85100333561693275  0.86146366920440121  0.87197462941088211
  0.88249923218279958  0.89302671363345287  0.90366731575417714  0.91443480615080752
  0.92530914114991025  0.93614180407183145  0.94690381831277703  0.95761310349469331
  0.96828223433232175  0.97888532133249462  0.98944242997945087  1.00000000000000000
 -0.01866556377475464  0.10417688547948584  0.13824248948033710  0.15952522664040042
  0.17701155127798487  0.19218671305653018  0.20581530953795094  0.21830393217795124
  0.22990853295312508  0.24075326482535755  0.25104232303226393  0.26081945139616519
  0.27018354517308907  0.27911688550068475  0.28772943721227795  0.29604271226523832
  0.30407311336853632  0.31191657524825822  0.31949387857758377  0.32690676155304399
  0.33417328084203551  0.34120823187700311  0.34813946265522627  0.35494053242909424
  0.36159903189389103  0.36816562901621575  0.37463167903044525  0.38098281311262999
  0.38725604294312144  0.39347491160519232  0.39960847807194899  0.40564107510865471
  0.41164318187281002  0.41759787661366060  0.42347738417014619  0.42932056207554442
  0.43513449342588456  0.44090115942824898  0.44661997357336625  0.45231698876353726
  0.45798703531052393  0.46362753490425046  0.46924779233005254  0.47485456221618388
  0.48044907835727496  0.48603478849006254  0.49161367590721133  0.49718672110406587
  0.50275740551770720  0.50832737264052885  0.51390414455994216  0.51949072669164298
  0.52508907325117582  0.53070201840834730  0.53632232893905840  0.54196016518512380
  0.54763108399898830  0.55333170001663079  0.55905652798951921  0.56481784650107547
  0.57061824729396360  0.57645101163976997  0.58232191713339110  0.58827449875125182
  0.59427929418053971  0.60031176554864329  0.60644543443878796  0.61265542387026095
  0.61891437063610621  0.62525222433560945  0.63171203157640110  0.63828120675095168
  0.64494780344383507  0.65176041662569550  0.65871089227588142  0.66576440898734246
  0.67303203115984811  0.68044111332174129  0.68801181895873742  0.69584706648409012
  0.70388860314760104  0.71221948126595158  0.72085296238564356  0.72978189081315081
  0.73911534205720630  0.74886066864118683  0.75913658969051712  0.77000389587287843
  0.78163362239983569  0.79417535898511882  0.80786428959034307  0.82307745729037018
  0.84065945940575926  0.86216592691360561  0.89652959217691208  1.00000000000000000
   7.9160769843352987E-006  -1.0000000000000000     
 F F F F F F F F
  <DiscreteSampler_grid>
  grouped_processes
  1 # 1 for a reference and 2 for a running grid.
  10 # Attribute 'min_bin_probing_points' of the grid.
  1 # Attribute 'grid_mode' of the grid. 1=='default',2=='initialization'
  0.0000000000000000 # Attribute 'small_contrib_threshold' of the grid.
  0.5000000000000000 # Attribute 'damping_power' of the grid.
 # binID   n_entries weight   weight_sqr   abs_weight
    10   10   1.905063761364162E+010   4.454542344194010E+020   1.905063761364162E+010
    11   10   1.905063761364162E+010   4.454542344194010E+020   1.905063761364162E+010
  </DiscreteSampler_grid>
