  0.00929381463190992  0.01691304757931458  0.02649863582470776  0.03736431728231050
  0.04742043683436715  0.05748303924647098  0.06755908497101890  0.07794133300886766
  0.08858668804539452  0.09929268871719625  0.11028687668290377  0.12152373998941988
  0.13263794725883024  0.14380710039329880  0.15450190807572234  0.16539591295333481
  0.17584056633741246  0.18655780354777493  0.19706805319460149  0.20739534797967427
  0.21757763782325640  0.22778003970936542  0.23796215022697081  0.24820161950910521
  0.25849672020287673  0.26884191629837684  0.27962922775622895  0.29032248105874231
  0.30127128993368840  0.31192899330322454  0.32247953642785893  0.33275463601133765
  0.34300466419446179  0.35325737058551693  0.36328818050479228  0.37330203803320100
  0.38332616545182446  0.39361826767737984  0.40346339283832316  0.41325291818449933
  0.42286570647599625  0.43290147969749720  0.44285771356858339  0.45306310565685159
  0.46315948928391892  0.47350279091227726  0.48361102889408214  0.49374401681043878
  0.50386280569066677  0.51402362137044477  0.52435413406422537  0.53470412331275974
  0.54539907410088129  0.55596632512718491  0.56677496715833120  0.57734173992270754
  0.58787658245883445  0.59838611703161459  0.60893192735859292  0.61953523463377846
  0.63013295389730961  0.64082498695101053  0.65142295557207164  0.66206360334384895
  0.67284373686474064  0.68376475219726651  0.69434865559716696  0.70458173017152737
  0.71469567750086083  0.72464979085084702  0.73479253388782251  0.74510712159312842
  0.75577657761211614  0.76650272098060412  0.77731308231656260  0.78791779062319489
  0.79884987169113897  0.80997998677999083  0.82135988778971369  0.83266802457206557
  0.84361221153193533  0.85465563807117273  0.86555177508097947  0.87648135040671638
  0.88704606434108113  0.89783193515798854  0.90859720074071970  0.91952618850673729
  0.93036543514704595  0.94120942684244235  0.95158978532944882  0.96205614443252041
  0.97208674026610276  0.98249013925209905  0.99111110052416340  1.00000000000000000
  0.00000246037553499  0.00000283508650191  0.00000308091802750  0.00000333756103431
  0.00000360192962835  0.00000386968345737  0.00000413554019457  0.00000441309927160
  0.00000469702457321  0.00000498042835587  0.00000526618207856  0.00000555309909683
  0.00000585079791790  0.00000616934679907  0.00000649874259583  0.00000683200395062
  0.00000717175890783  0.00000751804479410  0.00000786822054737  0.00000825532382986
  0.00000864195987055  0.00000903544235097  0.00000944065525863  0.00000986931768968
  0.00001029597476274  0.00001073790539192  0.00001119322070763  0.00001165955637748
  0.00001213448728772  0.00001264860141343  0.00001320397803707  0.00001376281703180
  0.00001433271960651  0.00001492770436130  0.00001556169833510  0.00001619731610767
  0.00001685419077006  0.00001752310590989  0.00001821861131206  0.00001892342910581
  0.00001969499187533  0.00002051720809324  0.00002136129994238  0.00002223652193766
  0.00002319096352964  0.00002422300831560  0.00002526840487689  0.00002638872893095
  0.00002762422071908  0.00002893789940029  0.00003032788489459  0.00003183665174864
  0.00003348936813102  0.00003516533460793  0.00003705179543672  0.00003902463916249
  0.00004113976535576  0.00004349022728190  0.00004604975705218  0.00004880813218168
  0.00005172797083649  0.00005485638339124  0.00005822152223755  0.00006192814741521
  0.00006604113924870  0.00007069954764675  0.00007597672315565  0.00008163341350651
  0.00008784214428104  0.00009459484146749  0.00010207563690195  0.00011062186471464
  0.00011988175135507  0.00013066837152243  0.00014273590465485  0.00015598683906586
  0.00017056532609003  0.00018544639842798  0.00020302469963872  0.00022291048165689
  0.00024650883071537  0.00027463502882051  0.00030405391143446  0.00033816951278036
  0.00037917248665519  0.00042772339874885  0.00048110964630716  0.00054044698186100
  0.00061354421122202  0.00070033201640003  0.00081112979371407  0.00100795398263215
  0.00134155564172529  0.00177361872394149  0.05590176000427597  1.00000000000000000
 -0.00231315241496367  0.01001750298304932  0.02065858250883369  0.03142562180381217
  0.04178763262996366  0.05187334194781715  0.06212912934049408  0.07262536552502434
  0.08326026670264326  0.09386583466770985  0.10448684592957053  0.11533738547323795
  0.12614575333074912  0.13680351322120607  0.14748480063029662  0.15824835244549415
  0.16903480015777830  0.17958840545868851  0.19031142767606316  0.20123614569307602
  0.21241791019343131  0.22377999141817062  0.23479499954368294  0.24561247173847614
  0.25637603803278647  0.26700111459153497  0.27724644567672946  0.28727978680047450
  0.29764233754972025  0.30799885436985958  0.31820491533438700  0.32839502234847395
  0.33907116768411200  0.34967084465397752  0.36006527753200473  0.37034566753607850
  0.38117701172025836  0.39221248387734819  0.40269882574192245  0.41300282898363688
  0.42340121350992910  0.43403726274995813  0.44427816527289488  0.45435854270729847
  0.46426948081529013  0.47455944214620405  0.48531763500733732  0.49673586417181442
  0.50756201751175611  0.51823530797885797  0.52857773605588920  0.53894729986859902
  0.54871456206792979  0.55844857054131591  0.56836217049854021  0.57882275030686370
  0.58901409237414482  0.59927091572328506  0.60948635563366016  0.61982814051234114
  0.63037334954038282  0.64105168112126343  0.65226072537877311  0.66329239834695142
  0.67454723581097309  0.68552621339269815  0.69611106849826498  0.70662206818805473
  0.71739994667339357  0.72806972137119796  0.73831001400739893  0.74845975350860894
  0.75892289208759800  0.76962208392209008  0.78021314528377639  0.79052719844610719
  0.80086711056695781  0.81099573479991627  0.82110480034260824  0.83158247274452046
  0.84303552730930287  0.85471308934573997  0.86607641603813745  0.87702907155531362
  0.88775258742453456  0.89859902983446305  0.90922757203592097  0.91951883656645639
  0.92956181299646701  0.93945041436797161  0.94951530673551188  0.95941505643032210
  0.96945214309023264  0.97968364315544021  0.98987608031362107  1.00000000000000000
 -0.00235451767129820  0.01006041842662497  0.02025409003892668  0.03053750288282082
  0.04083637755689345  0.05111304720853369  0.06137344519552224  0.07193618749999178
  0.08246378833876561  0.09286740164779525  0.10318102531488837  0.11305534692851586
  0.12286121632763719  0.13252985532795483  0.14251719527901854  0.15259575987008539
  0.16291533248946893  0.17332229844399599  0.18375762583425731  0.19391001422714907
  0.20425619251893481  0.21525166359738435  0.22662626826748802  0.23747696134475388
  0.24781110980437204  0.25834036528453347  0.26905855228197917  0.27967351102559823
  0.29018060971613363  0.30091931557760676  0.31204876136163573  0.32266959564210962
  0.33319607856727601  0.34349572068257900  0.35371187689678535  0.36358951156537889
  0.37338067149301785  0.38348287053811281  0.39390836229877585  0.40438771512657190
  0.41505466332173868  0.42576958962615624  0.43632165967662800  0.44668630907929907
  0.45707103969397644  0.46759822635195175  0.47798659893309769  0.48827329700933009
  0.49859283699882379  0.50927812305638864  0.52018991151570515  0.53111865398167146
  0.54202872468315999  0.55277219283033385  0.56344115939460382  0.57400357039282934
  0.58455173144524131  0.59530946938362794  0.60617008043362697  0.61711053249074865
  0.62780897273715952  0.63835682695851503  0.64888779004441333  0.65964940948177764
  0.67038304118231062  0.68093135692271889  0.69147945970356095  0.70238930543732536
  0.71366693790272795  0.72455052465465786  0.73530455741688783  0.74589006629398624
  0.75622044674454159  0.76642568459215743  0.77688513500561196  0.78745341836953342
  0.79815301634407498  0.80868914685365079  0.81947236812870050  0.83010483168642180
  0.84050211642810524  0.85089810124311671  0.86132868077384062  0.87198797515294479
  0.88232345791262334  0.89258971797343345  0.90284809355647810  0.91322062837240114
  0.92395008227309205  0.93482463596248577  0.94589726108600169  0.95705383054539495
  0.96798560928006139  0.97907904797021550  0.98935317953456436  1.00000000000000000
 -0.00233911551015682  0.00936987567113828  0.01974369631466358  0.03041142312231137
  0.04098323689697811  0.05125930762692706  0.06147908519881925  0.07208740633901446
  0.08297539435429592  0.09411353117387740  0.10526167719494740  0.11594729088134316
  0.12645668296339657  0.13642417135901069  0.14661587813490340  0.15686871786365536
  0.16744716211494526  0.17874069836420933  0.19062046684521886  0.20295110639235744
  0.21431627507269305  0.22515195487270268  0.23544988109071169  0.24552709833568154
  0.25559026607849022  0.26580689711282196  0.27591490706858518  0.28610259716362330
  0.29647401931639605  0.30702344836078688  0.31760424461503867  0.32778550129341122
  0.33846983585592538  0.34901163690892928  0.35950370779464624  0.36997460762301909
  0.38060744301220500  0.39116480357643102  0.40137152675066085  0.41134770865396869
  0.42177970262092429  0.43266235442873108  0.44418761402831708  0.45555487112367199
  0.46655589529831915  0.47716009814166227  0.48746457759103778  0.49764955440300418
  0.50791946870510840  0.51847606987420680  0.52916516702660588  0.53980917404633577
  0.55050498350196664  0.56152044461814010  0.57289776364927558  0.58439204195962102
  0.59483014302329407  0.60498900796713584  0.61520331300220177  0.62513690728218518
  0.63532366224949388  0.64520748261021843  0.65569611163513586  0.66620165080194904
  0.67687685795152397  0.68746804225897851  0.69793352013305421  0.70823369250823920
  0.71832937231593896  0.72837383377872789  0.73836691284139533  0.74840957025904042
  0.75856960425560871  0.76903158852348941  0.77985853846305653  0.79094152225240655
  0.80199024626720827  0.81276509033610911  0.82337419430515013  0.83409976196176094
  0.84470309514894326  0.85529581068444682  0.86581282332846887  0.87645610898914317
  0.88678589632690841  0.89713759850915709  0.90762553453261918  0.91786225455252923
  0.92749495310644825  0.93732439711879356  0.94784454733837797  0.95831171960238515
  0.96822405168050785  0.97825773280865036  0.98908851919565000  1.00000000000000000
  0.02309856695494324  0.02733215649933294  0.03255788092857539  0.03824513033007966
  0.04401298724344400  0.05012727606968889  0.05637507392319566  0.06249089480512695
  0.06833696171865346  0.07403225834002182  0.07980900843974396  0.08568215271723902
  0.09155072736197201  0.09733490559239849  0.10314548709706232  0.10917351073166891
  0.11543592372432956  0.12176296156136938  0.12811853156405140  0.13435523520182011
  0.14054183792736111  0.14675109744579901  0.15318307849624047  0.15968382200379744
  0.16628887565256312  0.17318528202228259  0.18036836379657656  0.18776577933342334
  0.19521563228082645  0.20270087328964248  0.21008558562547522  0.21757848021058110
  0.22501493016593771  0.23256746968549899  0.24015599738535551  0.24785783598736943
  0.25558439016130075  0.26345293971167671  0.27149081054773594  0.27959079359395711
  0.28768601982552072  0.29564797972918905  0.30351922897572531  0.31153597738965849
  0.31981774783988509  0.32827706460502254  0.33686473159195890  0.34562184405477397
  0.35443785340313910  0.36326284161562977  0.37208524356123418  0.38104478496107141
  0.39006412005887564  0.39906594260256284  0.40808527083640650  0.41730809172212990
  0.42694306002692034  0.43696860840224550  0.44717203675240746  0.45743475094601821
  0.46752627013222225  0.47764013214263756  0.48767952958070465  0.49773333530749958
  0.50785419844617974  0.51814188930377614  0.52895753763677456  0.54008461202755076
  0.55141679034166002  0.56292885046753494  0.57460767255593359  0.58637417177793427
  0.59808018702941934  0.61002141939997623  0.62246526376489564  0.63527988882439745
  0.64821278533549664  0.66120229313923873  0.67433534547656981  0.68776003096215543
  0.70122267233786906  0.71516879076087325  0.72960288606043322  0.74473870943008269
  0.76018475860717905  0.77579286692372218  0.79267350138453796  0.81009012150812243
  0.82770003262702774  0.84549440927456632  0.86405986119617739  0.88376547845070785
  0.90527969670290365  0.92965584385971411  0.95971443039765503  1.00000000000000000
 -0.02021857647744289  0.12627869586143123  0.17490453708043702  0.20782940321291951
  0.23540290885326165  0.25920179078485273  0.27986004415110560  0.29865284660516161
  0.31596901452108522  0.33213350542374309  0.34704021860913209  0.36101216683285164
  0.37447515956290917  0.38701364964052665  0.39911935406622645  0.41073974118439133
  0.42195780257397830  0.43284461586419892  0.44343849383057915  0.45379485794479574
  0.46389813299141464  0.47376215003300232  0.48341715425710208  0.49284220243348542
  0.50199164886510406  0.51098510323199398  0.51984798790916364  0.52859480930245872
  0.53713951970137663  0.54545178275534978  0.55361908999601117  0.56161641981422916
  0.56934480450075831  0.57675170983292234  0.58393399747124608  0.59106386510667219
  0.59814535466344620  0.60509074086986148  0.61195991758984591  0.61871164406735224
  0.62535632951313713  0.63181233441489182  0.63802721009217744  0.64435450069212019
  0.65061270012364092  0.65672563285957353  0.66266133572807873  0.66845050430250286
  0.67416956096654201  0.67992333839185159  0.68572996935780184  0.69151682640559942
  0.69723618229581630  0.70287287513784291  0.70832043338210970  0.71365097572095637
  0.71887219274271918  0.72404686469426049  0.72920122721525527  0.73433770560693656
  0.73948234677888236  0.74460116358209871  0.74964318658973983  0.75461462832734982
  0.75957261478235349  0.76465405704104417  0.76979471625702178  0.77482811120804773
  0.77972578717446916  0.78458297267885135  0.78941530409704352  0.79419450110642764
  0.79893978481452821  0.80373589922531219  0.80862781986370480  0.81368192007807161
  0.81882325678174239  0.82400485013088232  0.82915251895015618  0.83433389092122123
  0.83949077516028958  0.84464501927984259  0.84988655817073322  0.85531230889227983
  0.86105730593533392  0.86703734423125445  0.87314294399625836  0.87952061622274424
  0.88631279007885000  0.89331880657330298  0.90111189615155174  0.90976337152309306
  0.91997955781197083  0.93329326249647016  0.95398614231947521  1.00000000000000000
   1.9009734726903354E-010  -1.0000000000000000     
 F F F F F F F F F F F F F F F F
  <DiscreteSampler_grid>
  grouped_processes
  1 # 1 for a reference and 2 for a running grid.
  10 # Attribute 'min_bin_probing_points' of the grid.
  1 # Attribute 'grid_mode' of the grid. 1=='default',2=='initialization'
  0.0000000000000000 # Attribute 'small_contrib_threshold' of the grid.
  0.5000000000000000 # Attribute 'damping_power' of the grid.
 # binID   n_entries weight   weight_sqr   abs_weight
    10   10   4.371229823723529E+002   1.149005079371447E+006   4.371229823723529E+002
    11   10   4.371229823723529E+002   1.149005079371447E+006   4.371229823723529E+002
  </DiscreteSampler_grid>
