  0.00293797760900967  0.01219319623501149  0.02319509972678502  0.03420177284578357
  0.04475616662805199  0.05580480890361569  0.06678096117199607  0.07760568980624261
  0.08820432907710793  0.09882772687491778  0.10955535328363573  0.12026363669311095
  0.13092758827328868  0.14155970182672811  0.15186519914804875  0.16204518134643242
  0.17192631554708659  0.18179107500430788  0.19155074179486214  0.20146581115388817
  0.21126047222129526  0.22111382444029948  0.23113600863359662  0.24159305196713821
  0.25247782936355345  0.26308521773924287  0.27299608706700912  0.28276809171498163
  0.29244243218404031  0.30239108315310237  0.31279738267000656  0.32373711716778830
  0.33466274700058390  0.34494195212960221  0.35548236790093501  0.36611643537795852
  0.37656778778699151  0.38602154063603628  0.39590297892212206  0.40585430652173615
  0.41620868255642379  0.42660523667593969  0.43739968355542153  0.44828407555909194
  0.45908769809795175  0.46980144255670353  0.48078680717215289  0.49175268581500736
  0.50228289057986020  0.51321349917902293  0.52422503330006098  0.53548276017717089
  0.54631245927893812  0.55662129466489485  0.56581499465983032  0.57501603482159180
  0.58424073121176501  0.59502012570948748  0.60587789602976694  0.61682592004524583
  0.62803909211935371  0.63974268679717661  0.65115520382246495  0.66207323903832171
  0.67258137734680912  0.68239683179900124  0.69220084661620906  0.70093207790288969
  0.70997451601755213  0.71944916308249018  0.72944002521038132  0.74004630337939248
  0.74994842997494915  0.75980089907797754  0.76941090435547554  0.77996003529448876
  0.79058581854525978  0.80088798348568035  0.81081580826010358  0.82088041506023091
  0.83110925276020231  0.84141509986283425  0.85162136017763368  0.86199329662569413
  0.87237973699044236  0.88290305092730192  0.89365797465239083  0.90478819076262484
  0.91591690141151505  0.92727308237136119  0.93865548671678634  0.94988775753348753
  0.96147177489612234  0.97426895757308318  0.98723066543727933  1.00000000000000000
  0.00915621556556465  0.01811803065389865  0.02740208641867071  0.03865427872760433
  0.04917963172300299  0.05983346064503464  0.07030689360670403  0.08092238701019568
  0.09179558611176070  0.10233525036863790  0.11253350404886510  0.12260098384973571
  0.13261883740937758  0.14275287930298569  0.15293680734429946  0.16324259161853547
  0.17347751261499827  0.18356199925169875  0.19373686789825606  0.20381774646743461
  0.21357057690611972  0.22361341211188096  0.23384563537625958  0.24443218762952329
  0.25457212207104413  0.26488511308644563  0.27617371156439796  0.28744277739465812
  0.29795944141156183  0.30716850764878129  0.31675593470514102  0.32713455080150355
  0.33874524554598640  0.35011145915597136  0.36105450639194114  0.37154728406186427
  0.38197858076099273  0.39205947052012691  0.40228029108612601  0.41271537845687867
  0.42342166548634980  0.43434707353403884  0.44560237705797834  0.45707062778007757
  0.46745921311462557  0.47732749484672787  0.48697944430054763  0.49684608278393438
  0.50712908583163852  0.51772687993848077  0.52890542747767033  0.53893975446391063
  0.54812054632237528  0.55748301837971337  0.56706231394698503  0.57723880692495644
  0.58748988038551164  0.59797619078986353  0.60893031716550916  0.61999464448880193
  0.63112175766847356  0.64267309452877242  0.65354110813942279  0.66403179889529484
  0.67434494291592884  0.68546179541779539  0.69691699029576559  0.70762328720202206
  0.71771718399168016  0.72747573463790949  0.73761493426696023  0.74809395532058409
  0.75864881509074900  0.76902605966675619  0.77909574698360551  0.78868186599537426
  0.79784249202863189  0.80685191110454124  0.81644379441491022  0.82677752248037695
  0.83713586710266041  0.84763294560879898  0.85818144308437072  0.86911713141431690
  0.87979585106417280  0.89061833963839554  0.90115507458388766  0.91179269788981154
  0.92192772289174552  0.93215502552244900  0.94244718270698413  0.95339384772850899
  0.96464842682946772  0.97639996388335659  0.98806257192285918  1.00000000000000000
  0.00000092332120727  0.00000568019137560  0.00000957159837576  0.00001378498308190
  0.00001816029412675  0.00002313250119141  0.00002892780967430  0.00003583020327534
  0.00004409154863925  0.00005371682644172  0.00006481982768710  0.00007725275903730
  0.00009095358278214  0.00010569793689573  0.00012115101502172  0.00013724067536042
  0.00015398820641128  0.00017159395297064  0.00019016828488436  0.00020899585809574
  0.00022864500327620  0.00024967280380517  0.00027226188538476  0.00029613211233514
  0.00032099167908778  0.00034654117034496  0.00037298167925667  0.00039996577702784
  0.00042768416401507  0.00045646233444264  0.00048743335976109  0.00052010012060171
  0.00055357679403490  0.00058807327116049  0.00062470832302893  0.00066420411131792
  0.00070377763447458  0.00074463290754748  0.00078660647188707  0.00083240777881167
  0.00087811681565915  0.00092244931688726  0.00096703950818926  0.00101373444585843
  0.00106399942322833  0.00111616223976444  0.00117060883427686  0.00122690899008473
  0.00128767111187335  0.00135328269223418  0.00141971431901774  0.00148252944559110
  0.00154138380662425  0.00159708952293874  0.00165351704062777  0.00171034015623542
  0.00176734287944909  0.00182582039924534  0.00188343307510681  0.00194158370154030
  0.00201023028577760  0.00207593881163905  0.00214080335357817  0.00220456539149959
  0.00230265938878521  0.00240875717056216  0.00251288242003733  0.00261786297239183
  0.00274416582639516  0.00287840649968886  0.00304079101091529  0.00324193020663425
  0.00345295263588259  0.00365944055653409  0.00386207180145309  0.00406143731442708
  0.00435162863675281  0.00472667505738061  0.00512180096815702  0.00551979624024317
  0.00593316576832134  0.00654278021800368  0.00719317153120115  0.00787183371112182
  0.00859212443559051  0.00931241516005919  0.01022924691109418  0.01128416046421126
  0.01233907401732834  0.01296970294179545  0.01340936395887958  0.01404823832268195
  0.01966521100243868  0.02107916791650051  0.17839683462388758  1.00000000000000000
 -0.00220090055479063  0.01004167814932297  0.02048216418256242  0.03085617795249753
  0.04124010693732020  0.05215466524377630  0.06305517464704016  0.07368428825779139
  0.08456230831686938  0.09549820632754667  0.10699007101677498  0.11826265459346771
  0.12944164242169912  0.14010475840497624  0.15068841671648733  0.16145119663772520
  0.17237740667704071  0.18330505513495640  0.19337369373500563  0.20298910948133700
  0.21279999172029218  0.22332766271301316  0.23478322400426221  0.24639289471156056
  0.25791485523264279  0.26942252764928454  0.28073395616699870  0.29224649231157362
  0.30399769877376576  0.31559320047948114  0.32677360346738205  0.33783492488219746
  0.34897032146943496  0.36015253569103006  0.37157826986111148  0.38326536322704546
  0.39462294711816304  0.40524370256016834  0.41554473437704392  0.42619050533392366
  0.43694379444772663  0.44771116514902520  0.45850889762302471  0.46980903401445157
  0.48066699434368970  0.49116435306101330  0.50169233576895356  0.51295440505212631
  0.52401173827241154  0.53491964225400568  0.54585194393781211  0.55646644124781341
  0.56652916807382570  0.57660372496899293  0.58748782330367411  0.59902269983764889
  0.61064341645253117  0.62066533945387392  0.63016495386146176  0.63923776884664107
  0.64888501031265966  0.65844033367926369  0.66827249792805166  0.67816179545222877
  0.68857032029960497  0.69874920099387672  0.70998104359646130  0.72108684618912688
  0.73168101266049290  0.74195701160736760  0.75229283152419690  0.76278921915394526
  0.77284848844091791  0.78287657943751154  0.79312155734785439  0.80382072590018661
  0.81519871056152704  0.82553170593666758  0.83580478587400087  0.84586011636335801
  0.85578287187616531  0.86620362429409803  0.87624890222128937  0.88585247535740463
  0.89544513244773871  0.90466820292338834  0.91407234940210802  0.92347414542562456
  0.93288790722302739  0.94239745237049055  0.95181716175395814  0.96179211446150004
  0.97128730118220186  0.98119636989198211  0.99044186155665714  1.00000000000000000
 -0.00186455831263356  0.01042254226752325  0.02160886903916071  0.03300820905318101
  0.04353866907769667  0.05378822318265596  0.06477400546318954  0.07634119954276397
  0.08675022787437715  0.09564439856880860  0.10499321043404791  0.11531881139433676
  0.12630496456987803  0.13727760797250596  0.14751436351623232  0.15985440445976473
  0.17154401743654354  0.18319743199737495  0.19446399392131755  0.20613734162739619
  0.21674350290278444  0.22739953885279765  0.23752867813867290  0.24743165373979351
  0.25711737423207542  0.26644387168758532  0.27552427989950190  0.28505763186517374
  0.29479422753939949  0.30540285894603281  0.31614276833118315  0.32691517488660188
  0.33728400161978306  0.34759956190791641  0.35825233042513199  0.36862530434514490
  0.37836309532143531  0.38689878341947609  0.39577260636504519  0.40466711499992974
  0.41441560061563709  0.42439165669474516  0.43420156017926520  0.44428662396549018
  0.45404187193303835  0.46469969399962519  0.47567051322939241  0.48667310399040592
  0.49788313827449304  0.50876814511298674  0.51932423862497634  0.52965518047095395
  0.53932653810791176  0.54999113467833649  0.56059705059152320  0.57112296892920023
  0.58206006198085802  0.59255033525896694  0.60308581398559025  0.61330883609760023
  0.62331135098995305  0.63350992637946801  0.64356282047060442  0.65409278531710757
  0.66501229122865124  0.67597236088862778  0.68757914453543567  0.69869284102129869
  0.70960294201760477  0.72019714205075069  0.73129851250657896  0.74246220357734216
  0.75303159527777874  0.76322424996766702  0.77387431857620259  0.78466446190088657
  0.79608477742106742  0.80709568083996508  0.81784849383729119  0.82832480987781842
  0.83896566825202157  0.84992171909338732  0.86064682286386618  0.87088158138060023
  0.88079550876036505  0.89099407256432928  0.90153874183274851  0.91292801506798471
  0.92412031791089067  0.93497926761468342  0.94571793546811556  0.95631741538446169
  0.96672876858428070  0.97717668639581978  0.98819861836487233  1.00000000000000000
 -0.00220204379928118  0.00890559979401856  0.01765800414190787  0.02628002794411217
  0.03488743276223581  0.04398342906241885  0.05379528185687509  0.06384267758492113
  0.07444239237409926  0.08526910850095419  0.09623019656040446  0.10658295466556822
  0.11650641407767728  0.12631937729846182  0.13633810599115062  0.14713950183880947
  0.15822798705855581  0.16893132203874586  0.17933913391843809  0.19015577693897875
  0.20143644482515088  0.21274491583421359  0.22438437502565814  0.23637583940519663
  0.24761083775358128  0.25831849809648499  0.26785903250779924  0.27808455469889343
  0.28853487277450940  0.29988444779048035  0.31128129482548250  0.32233175141807952
  0.33305548407993968  0.34359155048263024  0.35376408968303868  0.36375490492649643
  0.37386061875243043  0.38397858280546560  0.39392452183260734  0.40391920707654250
  0.41364464920241967  0.42443471868887983  0.43519951186635758  0.44635329884929942
  0.45796086559212817  0.46922876333450780  0.48050201733721470  0.49104905011746647
  0.50177828543863845  0.51241530119842238  0.52316080552521593  0.53410695747640324
  0.54515359722447865  0.55643842644665342  0.56757035129483235  0.57830054699758848
  0.58926747605820851  0.60041154596868795  0.61192802351246534  0.62300865175703579
  0.63404220559050084  0.64523528041692968  0.65673705911069979  0.66809907257313783
  0.67949306013628086  0.69063234789185934  0.70163083159616935  0.71195937988090030
  0.72181643027989828  0.73157458285487365  0.74104754856688870  0.75099345382465255
  0.76147441093592017  0.77182472487122444  0.78229764033860372  0.79277872383283587
  0.80419359471712726  0.81568423386103106  0.82704959233649022  0.83860606791898118
  0.85017479913307759  0.86156436450720209  0.87278552212980787  0.88444930307276570
  0.89569950142495602  0.90673856552311261  0.91632817443320236  0.92607072666968793
  0.93534909265855082  0.94499644354361356  0.95396667469885021  0.96214777834323428
  0.97060016846208663  0.97956120547168524  0.98949559546339727  1.00000000000000000
 -0.00234191165692803  0.00957475436814212  0.02068861378748120  0.03194729257000291
  0.04306233152796233  0.05396269794136234  0.06535385317676989  0.07736209820665570
  0.08880609168734739  0.09979653021447492  0.11071483753268668  0.12136925720150089
  0.13170768971237198  0.14218481644980666  0.15245757762236081  0.16249115215711882
  0.17220285156043824  0.18226004384686623  0.19265935633690862  0.20314315339512243
  0.21420081564487653  0.22555753513117863  0.23665552366566692  0.24750790966669287
  0.25767847848468367  0.26799166058236984  0.27854582869315236  0.28925791399104034
  0.29952205481346678  0.30938575202620811  0.31988915085742575  0.33052021207387228
  0.34107308955335458  0.35084632180524367  0.36053918682439623  0.37039617624603227
  0.38044191723799364  0.39069191214359927  0.40111316298230731  0.41175740852597725
  0.42220166822526117  0.43217619238616317  0.44189167653950850  0.45192048136498103
  0.46260147845078281  0.47418384869410640  0.48590455659956849  0.49741220708603612
  0.50853261403777450  0.51937912840204603  0.53025795856686297  0.54102404878553612
  0.55129591641833808  0.56111735123682394  0.57062848826708590  0.58014620346544121
  0.58983593129328515  0.59996535324352107  0.61027527818663319  0.62154130769047977
  0.63317922854713404  0.64503112378173888  0.65666402898353926  0.66816024300115340
  0.67953932990174915  0.69013970005874004  0.69900397909495371  0.70699669764414474
  0.71477778735305719  0.72299772827260089  0.73281748489660326  0.74300311629785232
  0.75372395588157148  0.76490705346465093  0.77606525532107173  0.78738286818478065
  0.79812178815416535  0.80880685435288135  0.81958269784185533  0.83048387996868345
  0.84114607010666742  0.85134157000052368  0.86180732787472680  0.87230414745519147
  0.88282070402853485  0.89299796952641064  0.90271716092531151  0.91223381993752339
  0.92207654669408390  0.93247687526854106  0.94315636639009515  0.95378005977371205
  0.96461770077649500  0.97570884192794149  0.98736638920184494  1.00000000000000000
 -0.00211705372170649  0.00970410639890740  0.01938936246545769  0.02934386197668060
  0.03915108372955228  0.04966507995025497  0.06024341591133652  0.07165248717868450
  0.08306709542625519  0.09460080858405609  0.10573618059408151  0.11709766062677482
  0.12878184825250294  0.14095116885726414  0.15334373274841767  0.16531065412966578
  0.17687409982017083  0.18840904539580150  0.20020241801749719  0.21237640836803914
  0.22433993906834013  0.23583016220114722  0.24700975691765675  0.25806655711633703
  0.26922949876453717  0.28003100591604069  0.29108669599922438  0.30194603091995853
  0.31217065282633477  0.32241948020238981  0.33310276769856473  0.34463861887755981
  0.35574912296118633  0.36591082914927875  0.37573531958333534  0.38531565033428056
  0.39508748387271175  0.40517369269547565  0.41535468584859930  0.42511535270602058
  0.43526354742710255  0.44578657354693202  0.45670610002176454  0.46737972999399835
  0.47792504544316045  0.48822528906054569  0.49888323658930023  0.50954769303849323
  0.52018633678777282  0.53048113080324755  0.54083235565898080  0.55154789529655968
  0.56286910075532215  0.57460834723609910  0.58631361071801003  0.59722700406116191
  0.60792432245936490  0.61883597783882005  0.62965077738020581  0.64014560534775089
  0.65083479109595788  0.66160960331627605  0.67239650792584782  0.68298091993163268
  0.69343706092313162  0.70432577856674072  0.71372349587860007  0.72291384151327409
  0.73160883310688807  0.74034024351130079  0.74987840818105156  0.75916510767760437
  0.76845364341816935  0.77766279754845979  0.78716228385261455  0.79638527546794857
  0.80640586496342181  0.81658985152090080  0.82709512049162481  0.83709372929040782
  0.84706228368785330  0.85660792981110068  0.86645589263847222  0.87629226089301004
  0.88675670572914012  0.89707102444379161  0.90735985686011866  0.91690262735603101
  0.92711435842978296  0.93740461706336564  0.94871033764928991  0.95963783676682290
  0.97050288546859131  0.98142844551725039  0.99100477131429554  1.00000000000000000
  0.02002520711252322  0.28863995808654591  0.31414129518393291  0.33885493763965935
  0.36042243924791595  0.37839201102634529  0.39480424355253008  0.40973004005746827
  0.42328877659079900  0.43601881620064220  0.44850258328708620  0.46048519548942662
  0.47175739539331113  0.48254201402640423  0.49329132900547312  0.50373649590552971
  0.51418022155044152  0.52424472143526402  0.53388122795617565  0.54314970205129731
  0.55215262118251407  0.56090199295976328  0.56945496965852183  0.57789326648282158
  0.58630393993602636  0.59495014010862191  0.60345111568564136  0.61149844596946568
  0.61944630815380020  0.62706441317019590  0.63473168257679402  0.64227562781726022
  0.64973654423082039  0.65676447509585323  0.66360219110475183  0.67034372034638023
  0.67689209987855548  0.68334828008586856  0.68997722812041140  0.69675954142482377
  0.70358039307469511  0.71005388377824397  0.71605186710385782  0.72201720849181117
  0.72787474185351975  0.73410569293181338  0.74053140731990064  0.74699527326458248
  0.75325430220517620  0.75927392046749564  0.76519313101591957  0.77107802608616705
  0.77708808592458489  0.78308963469331805  0.78890212813709859  0.79464408510911488
  0.80025609067499204  0.80581790205216419  0.81143252948947409  0.81700701346756566
  0.82256751866818389  0.82793703001457175  0.83329183852237332  0.83865256367859031
  0.84417006472375233  0.84972297599808133  0.85511460651942439  0.86018217161561683
  0.86504436092653847  0.86985272113811329  0.87456138998040678  0.87931846133952951
  0.88411030299808036  0.88893830273854613  0.89374685855742020  0.89858382069143061
  0.90320997471789344  0.90788405644636017  0.91237566912723844  0.91689084249616215
  0.92166647512752575  0.92647090286777878  0.93107189204969820  0.93569839922840492
  0.94031069377818910  0.94488212718319786  0.94974050947802557  0.95476519655151360
  0.95964837126519609  0.96453594184265834  0.96952215418750098  0.97426080600607057
  0.97896341818572707  0.98440652705591092  0.99099692077110635  1.00000000000000000
 -0.01925363954754051  0.12973077392526611  0.17460009633428220  0.20389473808020844
  0.22755240532903834  0.24632172217009346  0.26299560954225037  0.27829015924456796
  0.29221650381354125  0.30518910685497425  0.31749981873880023  0.32962192904803023
  0.34106708661522617  0.35177030094554806  0.36196459277641702  0.37194881595248391
  0.38200113629686683  0.39171590353303259  0.40119155943860546  0.41024475296351826
  0.41935455832708968  0.42816972423106808  0.43667815887208594  0.44475814378516532
  0.45302719477434117  0.46117518077889474  0.46902603198863996  0.47647786813639342
  0.48347759271856772  0.49026823681947357  0.49708225646108140  0.50393200965129081
  0.51102047682635832  0.51826663873622747  0.52553428706531891  0.53256849589480026
  0.53917942755288206  0.54552742185189906  0.55176342722175298  0.55785378130480767
  0.56381134917407039  0.56971759757085816  0.57559049000194251  0.58170662477110824
  0.58767519162005555  0.59326827568966722  0.59884166243516868  0.60433586549826190
  0.60985701894259314  0.61542272151135968  0.62085803443373411  0.62625479556303498
  0.63168199560892002  0.63708886535974829  0.64266357193344792  0.64815313473661706
  0.65370742644204771  0.65888686994532131  0.66411959579797297  0.66958297413733925
  0.67528720984032542  0.68114095328603919  0.68696852607022751  0.69268269351493228
  0.69849912255394186  0.70434717443426065  0.71014553142790415  0.71571208817064125
  0.72123642433390101  0.72671172798954387  0.73236130578911918  0.73795355410109409
  0.74338161682845894  0.74870948677963622  0.75398018729577243  0.75928188728721280
  0.76460270385266638  0.77017286962141129  0.77614262094091835  0.78227441507678874
  0.78845215118763956  0.79451666214448724  0.80088721095033899  0.80726076293195193
  0.81389844518183618  0.82088789087422553  0.82809810693345165  0.83575028521572503
  0.84406358513942770  0.85310989602590048  0.86354958681014349  0.87486701123660948
  0.88898316599849525  0.90640620011374151  0.93468073451946887  1.00000000000000000
   9.8251019033515289E-014  -1.0000000000000000     
 F F F F F F F F F F F F F F F F F F F F F F F F F F F F F F F F
  <DiscreteSampler_grid>
  grouped_processes
  1 # 1 for a reference and 2 for a running grid.
  10 # Attribute 'min_bin_probing_points' of the grid.
  1 # Attribute 'grid_mode' of the grid. 1=='default',2=='initialization'
  0.0000000000000000 # Attribute 'small_contrib_threshold' of the grid.
  0.5000000000000000 # Attribute 'damping_power' of the grid.
 # binID   n_entries weight   weight_sqr   abs_weight
    10   10   1.039912753338286E+000   9.713709773422131E+000   1.039912753338286E+000
    11   10   1.039912753338286E+000   9.713709773422128E+000   1.039912753338286E+000
  </DiscreteSampler_grid>
