  0.00940517719944918  0.01602014915361593  0.02588914953897970  0.03651691021462437
  0.04744230410365317  0.05832052894092464  0.06907117534975699  0.07976852452581561
  0.09045407986177527  0.10099426096123217  0.11115577955119567  0.12133829813214152
  0.13165692269939100  0.14203554696825485  0.15254163556012043  0.16306377645656889
  0.17390428653508205  0.18498136880513472  0.19661945186396756  0.20839704795895886
  0.21944686922164525  0.23031992098860302  0.24053175800411583  0.25036837384376459
  0.25992448866208329  0.26927391936387390  0.27904245818898332  0.28894420511704505
  0.29936431087276272  0.31006604486703687  0.32045170436948744  0.33025843175330349
  0.33967417805128430  0.34911847860152045  0.35938370246593671  0.37061364898834476
  0.38122964364880912  0.39117903400919141  0.40162793177216677  0.41247685695482766
  0.42265714589306835  0.43216316917708669  0.44155103935735285  0.45145303609723358
  0.46130844109226649  0.47086952422537559  0.47990357778572706  0.48948004787968258
  0.49934273872856921  0.50971409979287352  0.52008088971375832  0.53071081885319094
  0.54156356313585352  0.55251223675271233  0.56327141828837868  0.57381092698824054
  0.58397820731529093  0.59387278138368005  0.60367767761001423  0.61331994133978707
  0.62293521774941774  0.63290820566276595  0.64341206497323500  0.65397903332432261
  0.66401138511051860  0.67369295606386248  0.68367275554492424  0.69374969608617321
  0.70410797107457135  0.71446603332898295  0.72482724022291800  0.73464843786498513
  0.74472744514176215  0.75513806874879019  0.76595162647564607  0.77644009904060396
  0.78692631172032512  0.79757526405366430  0.80856176468063534  0.81945177353648957
  0.83013009959682171  0.84047664651273002  0.85108130573423857  0.86207938182530153
  0.87310425015308890  0.88403600018510831  0.89471584247843683  0.90537574279506039
  0.91616974082153613  0.92729385696229605  0.93862936399081665  0.94935812575857070
  0.96028110866764060  0.97082653899712035  0.98122899065906588  1.00000000000000000
  0.00029411455565225  0.02364637981634118  0.03960952530446632  0.05182312635105437
  0.06283085713607188  0.07338062894437189  0.08364018805820153  0.09400435940727711
  0.10448537505482958  0.11624004495454175  0.12746704172759521  0.13843227237477701
  0.14872094467976213  0.15904134465534367  0.16976357835030048  0.18053008716778932
  0.19054292933271696  0.19991727045529500  0.20922523441269528  0.21871739583829042
  0.22838318912517327  0.23814457807424580  0.24822738590008805  0.25895054807983348
  0.27017254940802138  0.28090059506059673  0.29127106465577129  0.30120365500556207
  0.31142457844280175  0.32180161007960079  0.33152297653194801  0.34136002885141020
  0.35097097564746083  0.36129451501088083  0.37175999297083140  0.38243557159073294
  0.39308111674446822  0.40341614732878428  0.41380044490224399  0.42434797902998750
  0.43469211212350206  0.44435050431038459  0.45348580457479504  0.46278781846450806
  0.47296925562355419  0.48334230943486789  0.49416848765105281  0.50492306392162833
  0.51637355554532138  0.52794741068403772  0.53918298420221056  0.55005432755610462
  0.56061550252127301  0.57129762484731406  0.58230862261235616  0.59305190094389659
  0.60347054365064012  0.61420525884827870  0.62500091197638286  0.63540619685709798
  0.64559058020338622  0.65619230491137470  0.66699041878929533  0.67760773837678989
  0.68773997660697173  0.69785586410831146  0.70786568383730641  0.71769364957037818
  0.72759754026326895  0.73809407151818607  0.74910508268883214  0.76001742687571228
  0.77066645483111362  0.78089688053015116  0.79091948429028647  0.80115766478110717
  0.81145715215859571  0.82166200995854000  0.83172103170019362  0.84142869623185323
  0.85106820948701245  0.86068211385021409  0.87001292721625323  0.87942041211358868
  0.88929746825174971  0.89955248794097986  0.90982765634142304  0.91999169413060533
  0.93001559079642082  0.94007713824305783  0.94991587099246688  0.95992506894813745
  0.96987146546027936  0.97955726906086615  0.98953024307966997  1.00000000000000000
  0.00000049511063547  0.00000182242444784  0.00000478476018266  0.00000819137563176
  0.00001233193768503  0.00001657358799512  0.00002096479858947  0.00002655363576154
  0.00003342278867558  0.00004138502654264  0.00005212407196574  0.00006527378778512
  0.00007963686350050  0.00009453989551728  0.00010991680314752  0.00012576796915251
  0.00014199541244073  0.00015904505183088  0.00017702829444176  0.00019569195097150
  0.00021589591100491  0.00023706014304723  0.00025955213328453  0.00028277294497543
  0.00030684037175625  0.00033157477403689  0.00035691960534813  0.00038310877187120
  0.00041019756649877  0.00043904255695548  0.00046875909676486  0.00049870717384559
  0.00052787313178193  0.00055735070552410  0.00058816951184430  0.00062137350384958
  0.00065811613678280  0.00069646669958824  0.00073772815107357  0.00077686295985457
  0.00081774122396971  0.00085937717954403  0.00089968215674517  0.00094371183847947
  0.00098670494669965  0.00103648008109532  0.00109021497916010  0.00114275518288940
  0.00119538375024470  0.00124608728135842  0.00129626623688781  0.00135137468834860
  0.00141179971836775  0.00147823955099398  0.00154828231478169  0.00161829914412688
  0.00168816028412179  0.00175695343722020  0.00182562736010618  0.00189556108135571
  0.00197387347271736  0.00206622394226640  0.00216655859949010  0.00227278448658858
  0.00237687210620262  0.00250477955464275  0.00271085271856460  0.00305542465031658
  0.00319555026643287  0.00330727220219823  0.00341441991773260  0.00350734420008168
  0.00360347627068136  0.00370781937242337  0.00382370269256097  0.00396919410458254
  0.00410172803931624  0.00425653535088724  0.00439791929294572  0.00455354885108196
  0.00471609539125362  0.00490388601226999  0.00510201976135638  0.00528284174374328
  0.00546077115544023  0.00566143598278522  0.00587982839893987  0.00611735032234150
  0.00638903177376833  0.00668026828058729  0.00696081555176258  0.00722052540927099
  0.00797923417881436  0.00967967553637612  0.01206349706294879  1.00000000000000000
 -0.00202813704745428  0.00791574817291523  0.01775582001435843  0.02845612791243900
  0.03955417393330869  0.05054372707069563  0.06151918842183182  0.07315304884793503
  0.08492130001650336  0.09663077209501797  0.10834205644074332  0.11963393647797305
  0.13043134053621047  0.14125458254677559  0.15239849785269183  0.16329304016507604
  0.17341755469130235  0.18332403322452098  0.19336471596808261  0.20423053794666177
  0.21500626335275824  0.22582979669538597  0.23623158916922035  0.24702391575155083
  0.25844254631992508  0.27075717922615034  0.28270168249399236  0.29393339425422393
  0.30415870411346085  0.31468031268160984  0.32468381698139964  0.33460213885068157
  0.34426880634691365  0.35460074918991075  0.36473200075813444  0.37519676635462218
  0.38573728999337842  0.39565859609515391  0.40542505810568735  0.41484943063151170
  0.42514562648725773  0.43548143525794819  0.44612438980912600  0.45734636707087367
  0.46880695828190694  0.48003568537156821  0.49003173340652645  0.49957439197544706
  0.50878296567896286  0.51818692184402348  0.52796841925137672  0.53713595823248339
  0.54658286341374085  0.55638000473104521  0.56673470914044521  0.57702708644413003
  0.58773189545040283  0.59859959948602481  0.60912536694974873  0.61915040458601278
  0.62912608275100868  0.63930276362211824  0.64941620445724602  0.65973599722556142
  0.67033131116390399  0.68084614095219331  0.69125299555699882  0.70150044945165113
  0.71139740549117381  0.72082375946533572  0.73025580523786915  0.73962558573945048
  0.74932831058997174  0.75912173651041281  0.76877045452383996  0.77838644724484807
  0.78863915982107424  0.79944891350458958  0.80992064770777095  0.81947217602827438
  0.82880128277175924  0.83867905337367932  0.84924726159588193  0.86019220904295413
  0.87127980209979139  0.88316543797089175  0.89577276082120239  0.90776072704072852
  0.91920947691530663  0.93052428626342321  0.94172192091358620  0.95319473031167656
  0.96474155518957461  0.97651810810746842  0.98826581581686324  1.00000000000000000
 -0.00221712011309729  0.00890563815892391  0.01914813085297354  0.02907354888787508
  0.03954758736255245  0.05002629616619685  0.06045570792490225  0.07035565639505918
  0.08013937422985189  0.08986081073165660  0.09972249165155937  0.10983555597012100
  0.12058728049858709  0.13200314711796249  0.14355183871484975  0.15459356031913216
  0.16520281236495968  0.17564405699308525  0.18629914381618531  0.19689274564016998
  0.20739914081230010  0.21777665160213705  0.22813952304462204  0.23801254551650897
  0.24757285709855886  0.25693537489374596  0.26622366008974763  0.27571766567588257
  0.28535097584020114  0.29559424502436088  0.30627253598525422  0.31745735744885734
  0.32924422648060658  0.34097337779228193  0.35284955244932997  0.36410582069552622
  0.37574760074935754  0.38648065194829462  0.39706057716589482  0.40657395284949899
  0.41622625080545161  0.42657933703932266  0.43728522270626830  0.44770241495249369
  0.45840614558787962  0.46995220753799327  0.48123704175258764  0.49191899227478930
  0.50253061173825042  0.51276452900238823  0.52291978651952553  0.53279401781946478
  0.54323441394147198  0.55417614711817409  0.56559435957043069  0.57687571122874792
  0.58799506290092329  0.59905823733046548  0.61013780775848026  0.62078200796903460
  0.63142825216070642  0.64164957548541413  0.65183229486382532  0.66217911111383487
  0.67281615355675162  0.68363882445512347  0.69441132268843619  0.70504434824696105
  0.71514302836741295  0.72483692585439552  0.73454821820384530  0.74405115663206856
  0.75361716206085017  0.76377897828650121  0.77482829819267740  0.78659714247082901
  0.79832517304156181  0.80967811557711478  0.82034370949656377  0.83063659166586179
  0.84064963470601728  0.85046399072223944  0.86054095862048752  0.87068724480111481
  0.88088373905556994  0.89091985863905487  0.90144948769773847  0.91190377764509800
  0.92270163679294359  0.93414063763437649  0.94595656901874969  0.95726540733271182
  0.96815722403862281  0.97933399878161387  0.98960503405134626  1.00000000000000000
 -0.00179536533749196  0.00856999080065954  0.01813895136717754  0.02793783373863799
  0.03893151036031696  0.04939050131905522  0.06045090497035558  0.07082370202698757
  0.08226484431478949  0.09365938722668929  0.10448403785575960  0.11529896347330146
  0.12593348230836299  0.13646142196398447  0.14745981685288526  0.15801398877528405
  0.16842677147899654  0.17878032720110096  0.19007368126673052  0.20189648989870879
  0.21275855379190950  0.22309305295895698  0.23315496636226549  0.24352753701478932
  0.25458700866246919  0.26605895235359345  0.27718931956508691  0.28802018324070255
  0.29905845759879029  0.31039755025595089  0.32201733389712961  0.33354991471274198
  0.34449558765518007  0.35557439640062816  0.36704425241214256  0.37805325318877553
  0.38817025037750652  0.39830044157253558  0.40942236058785969  0.42096512819482163
  0.43271733076328456  0.44514849087585923  0.45750811920581413  0.46881376263744645
  0.47942183560377960  0.49063450183996782  0.50207653427387755  0.51401829138996846
  0.52468266708762190  0.53444436243150906  0.54439433856367236  0.55473207254907586
  0.56549790125797073  0.57608461000765587  0.58647149779615948  0.59635300968625859
  0.60600653237927649  0.61599506714211893  0.62631361546992537  0.63579589999083841
  0.64521203055468612  0.65447115821755431  0.66345845375522572  0.67284345425108283
  0.68220124115395442  0.69202480383486253  0.70265229636927395  0.71323841487394635
  0.72393107229053955  0.73512387858120465  0.74643140101182903  0.75774882979548508
  0.76908696219356876  0.78029559866007214  0.79120041697233645  0.80171102125455196
  0.81232343369784865  0.82267034269103834  0.83278584597598604  0.84273244931985203
  0.85241739120241089  0.86192920405204965  0.87160270237628235  0.88221889076798254
  0.89361829663410031  0.90440716592897341  0.91436033315517906  0.92381915062663245
  0.93332466081783649  0.94346436286910529  0.95365612162617330  0.96314004759342242
  0.97181978099748789  0.98080895547281510  0.99018515436731014  1.00000000000000000
 -0.00251269725593545  0.00935365887810462  0.01914256587212488  0.02957654023220331
  0.03994343900804519  0.05043292882100535  0.06068965001587781  0.07100222797551890
  0.08143533587430714  0.09080110625206832  0.10008546561159047  0.10924954183789606
  0.11872722312681400  0.12857032225556009  0.13867874824245480  0.14886656395085326
  0.15974488080915039  0.17080603889504309  0.18161737161362906  0.19266922624238991
  0.20366055575517758  0.21496042030255236  0.22602870587762258  0.23682661597610272
  0.24740063787555419  0.25788603961945511  0.26855016214362459  0.27940875903347862
  0.29025115468000345  0.30077546349079731  0.31155961826094669  0.32267746296022454
  0.33347107322926256  0.34380127637044750  0.35386517136813650  0.36401313684663855
  0.37401700734518739  0.38417264269467272  0.39449832312114619  0.40537819403223641
  0.41614971256298483  0.42603038606705951  0.43571934919229105  0.44536498219346959
  0.45521100384582691  0.46489333113827075  0.47464972211156581  0.48532716521997221
  0.49695807663188568  0.50856556719089185  0.52033904448116042  0.53159124831592042
  0.54283584363549986  0.55437075444262940  0.56594590503989217  0.57748207128535600
  0.58835668422045229  0.59921323675228211  0.61032852681902117  0.62186202946078450
  0.63291416680330692  0.64373251584345226  0.65414985444748441  0.66440882217863828
  0.67412748240266729  0.68355339824822581  0.69290096623274666  0.70261817272713523
  0.71271577142483611  0.72304939085118070  0.73304284088569760  0.74326540319556544
  0.75401515561648447  0.76578567837796485  0.77835355484706614  0.79064219399090119
  0.80267338180768821  0.81351841405510783  0.82350475043373295  0.83344626607558892
  0.84373105176844743  0.85438011044703799  0.86464686203308738  0.87489818691314936
  0.88584819496811129  0.89706309913578897  0.90743972676366691  0.91737574163693070
  0.92764040501101341  0.93807361610011175  0.94847165522763699  0.95888160903432362
  0.96887906044835326  0.97955340207076258  0.98950994391785718  1.00000000000000000
 -0.00285845967359462  0.01243033946694362  0.02440584512433575  0.03556732930631515
  0.04638068407301012  0.05673703818050115  0.06670700527236445  0.07666841064596246
  0.08678795529565084  0.09718562016635474  0.10732189623280579  0.11707512954381424
  0.12637958862601487  0.13519362292005666  0.14423930042401786  0.15374092485587801
  0.16352321409770243  0.17354781942503636  0.18322759476675382  0.19363911755042690
  0.20473939044371847  0.21561484216609891  0.22620991510011265  0.23619679089239659
  0.24631210890709118  0.25608962938545976  0.26555708892960866  0.27528741372153409
  0.28541147135388867  0.29487192709829813  0.30320548394659275  0.31144894980132481
  0.32003396948230745  0.32877673190221873  0.33797706109200104  0.34736245350390227
  0.35681066722947424  0.36695533086458942  0.37757232576471883  0.38892679236356981
  0.40038359434022164  0.41202203666277493  0.42395370890356099  0.43624749970322163
  0.44786082690351636  0.45874062067122456  0.46979845034952933  0.48069902908552720
  0.49126803644243039  0.50185275250296091  0.51247603820064447  0.52266420382492573
  0.53200923339761752  0.54094739191479579  0.55043465593821639  0.56062990923078337
  0.57108319443033551  0.58132971872179184  0.59190807109673760  0.60218244146461497
  0.61248167069194470  0.62311016967379640  0.63474279078205786  0.64615180779495729
  0.65777819191253617  0.66911064825510214  0.68077660798550921  0.69230387959068440
  0.70290859169631681  0.71282665880751683  0.72237957535532882  0.73247028453975860
  0.74350870757694143  0.75467281169526867  0.76586309967651478  0.77696914117251203
  0.78845216646730942  0.79986909883325097  0.81136688409918778  0.82312621261157282
  0.83533214562571256  0.84751626013916570  0.85879631910937737  0.86918941390142146
  0.87954597225398812  0.89003762235339845  0.90063011962548889  0.91174759664612948
  0.92318360667299681  0.93510455479123000  0.94649253143976297  0.95733634039762927
  0.96855989030237688  0.97933047208233737  0.98998868085285185  1.00000000000000000
  0.00314879466904648  0.23638411504440995  0.31834376680505666  0.34788910211436924
  0.36839586557732396  0.38610450180015488  0.40229285746941473  0.41761012762000732
  0.43128449060487123  0.44444172904975043  0.45753425027989997  0.47035997527683632
  0.48244966473675160  0.49375597520899878  0.50447184208307583  0.51475150851491014
  0.52495614469870933  0.53499366793005254  0.54479619678499547  0.55437786470073713
  0.56363484126725083  0.57225996156494707  0.58061325098609129  0.58894825707444520
  0.59753568195127749  0.60578271070386724  0.61319813820845559  0.62041444881905006
  0.62767548418692787  0.63496126462138081  0.64224783060481982  0.64975042468542765
  0.65728492925649729  0.66451190624133372  0.67151600380042087  0.67833393133356268
  0.68519892166206497  0.69192552500209692  0.69854831712582821  0.70514654837991408
  0.71165990511236643  0.71814811822494673  0.72454855017910014  0.73093724172250618
  0.73750054755634520  0.74401032125331401  0.75027317185733944  0.75621631470709283
  0.76204555778993577  0.76786101981650035  0.77351929741570946  0.77907431005312744
  0.78475036797951925  0.79055089015628888  0.79647464293877390  0.80223760632155117
  0.80777595323295848  0.81309885897598766  0.81836304495026890  0.82375106115732744
  0.82911606688456285  0.83439712580887837  0.83962553831936226  0.84479420818903372
  0.85002398345812424  0.85522259163447245  0.86032647881200985  0.86533795002370228
  0.87017669936900699  0.87489103298074511  0.87961191529279836  0.88429767126920666
  0.88917624978895715  0.89414850233737131  0.89883558387590745  0.90318522200616091
  0.90747050178208732  0.91176309674512102  0.91612884058855071  0.92061844114863156
  0.92523309009421795  0.92986593627692704  0.93494150463322878  0.93979265190760719
  0.94444261845095856  0.94890520345653551  0.95329366046496078  0.95754569041444193
  0.96199825049318344  0.96647091941828911  0.97091370481390682  0.97548452915799444
  0.98030206481514071  0.98552074553268221  0.99195332960529159  1.00000000000000000
 -0.02133045021399649  0.14089120921657863  0.19339828402595569  0.22852034882679140
  0.25670335209917944  0.27882719899904229  0.29701157161249420  0.31310711640679023
  0.32959565238872651  0.34517921447474731  0.35877791937223463  0.37157980562485410
  0.38398374410237840  0.39601500557929681  0.40840555527602346  0.42039616739381680
  0.43225058268714123  0.44347198650534647  0.45450098340006451  0.46511449379585151
  0.47531891649636221  0.48492316116882900  0.49364070323266257  0.50172334463008506
  0.50931402652142133  0.51664803109216351  0.52415664293025899  0.53180699232964079
  0.53932018934668369  0.54672851076050577  0.55384193836580264  0.56084775430363742
  0.56744966656040507  0.57412253123752754  0.58097410971677044  0.58777196786611852
  0.59444648379102738  0.60091069341640924  0.60744009908789287  0.61372007176362464
  0.61972581701869445  0.62548625266297841  0.63109799706699532  0.63672988641390804
  0.64226969773124754  0.64781404694354738  0.65345681066242900  0.65909172510184622
  0.66468333866516816  0.67027021903307316  0.67584486710694125  0.68139680904340671
  0.68662907900800940  0.69191383106600068  0.69726128609696891  0.70265991181187049
  0.70811175649722247  0.71353231817516893  0.71885402127657483  0.72406891947362806
  0.72898139332481038  0.73353044955744862  0.73808668872672467  0.74274237414594024
  0.74767683123073003  0.75280096924692186  0.75796331648817372  0.76309960627640727
  0.76807114595151282  0.77294639533555876  0.77740169261107206  0.78200525365531692
  0.78674061225438652  0.79165153983357561  0.79666628147542529  0.80163839696798966
  0.80656998350999076  0.81152538742827807  0.81662564051652597  0.82175035870353130
  0.82675011262535503  0.83172983685841018  0.83689449890251577  0.84249039467832765
  0.84825858398754406  0.85451151902462941  0.86154467686755087  0.86884112427685667
  0.87619102311913810  0.88374497151092468  0.89181402692243705  0.90130367785542798
  0.91293761061895873  0.92715834196236002  0.94875035499000082  1.00000000000000000
   3.0714916466028302E-014  -1.0000000000000000     
 F F F F F F F F F F F F F F F F F F F F F F F F F F F F F F F F
  <DiscreteSampler_grid>
  grouped_processes
  1 # 1 for a reference and 2 for a running grid.
  10 # Attribute 'min_bin_probing_points' of the grid.
  1 # Attribute 'grid_mode' of the grid. 1=='default',2=='initialization'
  0.0000000000000000 # Attribute 'small_contrib_threshold' of the grid.
  0.5000000000000000 # Attribute 'damping_power' of the grid.
 # binID   n_entries weight   weight_sqr   abs_weight
    10   10   1.173288695266315E-002   2.946265068836938E-004   1.173288695266315E-002
    11   10   1.173288695266319E-002   2.946265068836944E-004   1.173288695266319E-002
  </DiscreteSampler_grid>
