  0.00321804047301513  0.01116645374225239  0.02143205896099081  0.03170574477522507
  0.04207888131092900  0.05253190017771832  0.06318941607181729  0.07392723094238723
  0.08456601359210050  0.09502003282088611  0.10547067804987270  0.11608735349664273
  0.12675460521817272  0.13753140368255595  0.14822786732658400  0.15876072985023101
  0.16939367419414594  0.17976594044415597  0.19043216629202003  0.20090741583720284
  0.21134665020203897  0.22179536801950153  0.23227224416473047  0.24294355216779395
  0.25351809631048811  0.26399440883686959  0.27467744520879839  0.28567435384612000
  0.29667213100749434  0.30755423205675225  0.31871773183501190  0.33003621818373235
  0.34105172795386496  0.35172979314954289  0.36248857886887370  0.37321103179206994
  0.38400341672911176  0.39507495673621529  0.40577485549157971  0.41666729946208325
  0.42755575203341445  0.43854790443138664  0.44934320165299441  0.45989052954623827
  0.47045295574360785  0.48103552845813252  0.49160239800974592  0.50222754344566622
  0.51239778362937771  0.52261786234941632  0.53290664427264389  0.54330968259167889
  0.55351566096469251  0.56379959440274430  0.57415884450400312  0.58461656536191842
  0.59503220584988636  0.60556662563216535  0.61637503457559506  0.62717640410610420
  0.63796538519889612  0.64862035327515866  0.65923859346749281  0.66985974403886994
  0.68028602495963897  0.69062342101536323  0.70102885061217390  0.71153597932004609
  0.72195816424204273  0.73230809874105085  0.74274150989506471  0.75322975743664877
  0.76367657983062309  0.77406445729514861  0.78442822718922733  0.79476403731004552
  0.80515266882649605  0.81570750403688286  0.82611595648878045  0.83655163904015517
  0.84704158357305925  0.85769512604555564  0.86834389931557809  0.87896610929678787
  0.88950852824256477  0.90006817731254762  0.91061966150912077  0.92121107448843309
  0.93169699024973707  0.94212324881146359  0.95241768308669883  0.96277786442487612
  0.97282293528887309  0.98285387610154917  0.99282660424283653  1.00000000000000000
  0.00938432325324371  0.01629788009066954  0.02632477950570757  0.03735059798503808
  0.04777012062373378  0.05788891967297359  0.06815603104946090  0.07853076790630704
  0.08873479426859472  0.09889216494682251  0.10903325314371215  0.11945450140097275
  0.12976243344799135  0.14001336398134762  0.15024687348703236  0.16041341181512433
  0.17049092291861750  0.18065475339692558  0.19087459142035088  0.20101461845395149
  0.21070875138825484  0.22026927239617436  0.23010749327438654  0.24052014347075476
  0.25109131243126237  0.26160980548086121  0.27210193119612064  0.28269787802251756
  0.29334220609575573  0.30394576120779898  0.31469129491553022  0.32544739784670201
  0.33617196620681022  0.34674354092576076  0.35711500503447124  0.36742102638413793
  0.37800224505788721  0.38899946180174866  0.40004473640599614  0.41101020492830664
  0.42189836291722682  0.43262521560392575  0.44317836066958693  0.45364927884660000
  0.46417116217679155  0.47471436681152102  0.48514672105022594  0.49534281328929142
  0.50531609828950264  0.51528052651175460  0.52556370582564360  0.53612607618232078
  0.54659855489720099  0.55683699870804970  0.56695122600806913  0.57706073179207540
  0.58697958693855101  0.59701493494827929  0.60712717720314291  0.61754642472492061
  0.62793918260771198  0.63868149108419547  0.64945822012728915  0.66007738164454532
  0.67066323610242740  0.68115648135714568  0.69178466077209844  0.70202800392657794
  0.71226543220001826  0.72263430832266806  0.73308095055842781  0.74352644994870321
  0.75365896064451676  0.76399867679144962  0.77433504295790490  0.78491368365602943
  0.79517071577007203  0.80524709226070712  0.81525699532756757  0.82536124163078928
  0.83533016683583450  0.84541015892538174  0.85555578265004528  0.86589939876154354
  0.87632044913028506  0.88645920606638484  0.89670612732572108  0.90656762889638276
  0.91678576697607883  0.92703983845308580  0.93768184735932825  0.94810321103004247
  0.95865671870997293  0.96927318158539100  0.98007954741297743  1.00000000000000000
 -0.00191864047494231  0.00879766019716465  0.01784195430696824  0.02684523032233499
  0.03568985695476800  0.04467701199636544  0.05380318439337701  0.06302982087953106
  0.07236892871705816  0.08194853533938726  0.09204395237531059  0.10232950348884573
  0.11244502117447064  0.12245347804472242  0.13256694841685498  0.14275956477125329
  0.15298370923676019  0.16332347665196686  0.17399071567755189  0.18477123246007465
  0.19549572890225073  0.20607894120505710  0.21700430722116187  0.22824613993968723
  0.23970491422638918  0.25113273612338033  0.26256975990070192  0.27427842508733108
  0.28633990272092325  0.29856176354191932  0.31086611386906893  0.32326374818400100
  0.33571138286377955  0.34819744675333869  0.36076301468198729  0.37340385796398712
  0.38588179840545112  0.39845731387819083  0.41123680146675518  0.42439462253775434
  0.43766897330016258  0.45076834639657748  0.46386342511211437  0.47678977376449383
  0.48930814448591176  0.50167091020171106  0.51403717357306533  0.52650142166920122
  0.53897343656501429  0.55127479694187198  0.56343773248274076  0.57583720726546450
  0.58843721006925831  0.60080926821351754  0.61303718550817998  0.62499465930166220
  0.63679176762092060  0.64840457320791112  0.65984482493685792  0.67128297764326805
  0.68263064536776330  0.69379926142123127  0.70480466478991721  0.71578351315551880
  0.72673839645543870  0.73740288621266470  0.74785998953701094  0.75808051357782102
  0.76814664570992852  0.77807774593550860  0.78804802072744728  0.79796324648795158
  0.80766372255840813  0.81702579215190196  0.82605561219346313  0.83488960424437220
  0.84376918761294606  0.85278071116471577  0.86188749863692915  0.87095869778027579
  0.88001424078735335  0.88897664328019121  0.89781096188889475  0.90655366830992323
  0.91513802158314239  0.92354513401563820  0.93177409893512297  0.93983019046513172
  0.94774569916808571  0.95550067464730670  0.96304220451177269  0.97043447756426726
  0.97781830258322977  0.98521964657403516  0.99262573591892356  1.00000000000000000
 -0.00248608832462952  0.00939722402380941  0.01973298121993922  0.03001000289813290
  0.04047044943090504  0.05079250828249633  0.06096386839481458  0.07132679223041818
  0.08170378950047764  0.09210093261979203  0.10252030526683488  0.11320885555439854
  0.12407075527579206  0.13454761978860044  0.14484956792247211  0.15577431703626532
  0.16686721632790003  0.17779249634788755  0.18841036096654537  0.19938904282048719
  0.21017572360453460  0.22068640617057284  0.23115768618450039  0.24174086586539434
  0.25219675537821351  0.26245399421807464  0.27274604138899416  0.28315635835149078
  0.29375248691266348  0.30451598414442227  0.31556721764454926  0.32680056726818046
  0.33768505434194696  0.34832069106945174  0.35879106944790573  0.36929226603073284
  0.37990285875940266  0.39062868030646170  0.40150667932065864  0.41227167550359367
  0.42293459915702142  0.43332361102424249  0.44391867736804613  0.45480117129927822
  0.46573524827350732  0.47672835549823783  0.48742182896041780  0.49813090804075794
  0.50866728151576091  0.51921116655066823  0.52958696651030046  0.53998002173012782
  0.55028887271124094  0.56052874019735444  0.57056679361938911  0.58058478224487609
  0.59076072853622641  0.60082984659469663  0.61098039741858001  0.62143048543726653
  0.63221129704352097  0.64292307819920835  0.65341355799382661  0.66401777589946998
  0.67488357714105962  0.68593682045625670  0.69698132858766193  0.70790475060744884
  0.71844102020435430  0.72885110764084637  0.73919981801024859  0.74962056082920359
  0.75998082529358379  0.77025938015875683  0.78051330330070678  0.79071190607727804
  0.80109669986694287  0.81158066780575444  0.82205373938433002  0.83230243650316660
  0.84269398394743344  0.85303996653186909  0.86339631588858279  0.87399504188303256
  0.88455594065602805  0.89504821636119514  0.90508949118593485  0.91506807833900972
  0.92510610591812037  0.93535977939707826  0.94573849171752611  0.95637687091394552
  0.96729737602030019  0.97820544005980814  0.98913889564077284  1.00000000000000000
 -0.00260743340401574  0.00948104712081716  0.01985327182254168  0.03060797027616093
  0.04142351721227570  0.05228037315189571  0.06300596381476477  0.07396886672302778
  0.08469478887944418  0.09499496287257840  0.10524192663680924  0.11545587187143501
  0.12577090965100904  0.13586163821089178  0.14626068395060488  0.15688323581061439
  0.16762250320157421  0.17807084621692121  0.18870247149227343  0.19963608565038846
  0.21076977256867879  0.22212452982776212  0.23328538849272987  0.24429552264661672
  0.25521089250452023  0.26582469826206934  0.27620671772241057  0.28665227982157515
  0.29741907063820167  0.30804453042020508  0.31841912983611276  0.32869242073036342
  0.33892223126678761  0.34897028606660468  0.35899534536912048  0.36913495099580135
  0.37926215829249355  0.38921567604231633  0.39935835886852583  0.40957688537858722
  0.41992355780449614  0.43010062497057150  0.44027842852868987  0.45046971285510296
  0.46071042572692000  0.47112480920099215  0.48163095053544375  0.49236276388574873
  0.50306171674779709  0.51362175414954481  0.52438531865931171  0.53494336295558298
  0.54540864012167911  0.55547536796110197  0.56546683801566411  0.57568439332457233
  0.58587260723130652  0.59651266253996493  0.60697342180729297  0.61796769541188312
  0.62867387514153217  0.63934925777905904  0.64983544815735816  0.66044929562562360
  0.67130365270850223  0.68222260579963678  0.69341433348772552  0.70468902024931246
  0.71588762657741123  0.72696162559521982  0.73784566743859248  0.74863446622795426
  0.75927020339023354  0.76985570584620155  0.78027792627488191  0.79061240016410794
  0.80103658304693504  0.81171125259552068  0.82256522471073468  0.83328005220463253
  0.84381036815959332  0.85438215716915644  0.86516216112499988  0.87592071785892278
  0.88640761317700678  0.89704797840008899  0.90739995985626998  0.91786944035764351
  0.92810380421142336  0.93829554164998319  0.94825697598575986  0.95839457918520610
  0.96881422340280454  0.97935323261509344  0.98962045377540364  1.00000000000000000
 -0.00253300233405458  0.01007282468628084  0.02060636678228893  0.03094000271795160
  0.04143631835431236  0.05182480522670478  0.06232158992580477  0.07253044171090874
  0.08287254894486841  0.09357705488685161  0.10445143845085157  0.11502316255091954
  0.12560228698932566  0.13595292456253588  0.14656304040539680  0.15700123158239820
  0.16723280458852027  0.17737520779696853  0.18751466889499752  0.19789656247133736
  0.20836315555933244  0.21893962559814809  0.22942724100276110  0.23985586642319129
  0.25021789758475077  0.26057047319923032  0.27074814320041840  0.28112470387275401
  0.29159821264525743  0.30221713874055478  0.31273405790610492  0.32317517358709774
  0.33367684909297446  0.34426950273505358  0.35514848332263943  0.36607610605731705
  0.37697456461504530  0.38747845306428685  0.39779714216469336  0.40797435746414840
  0.41807319153903671  0.42813206135749354  0.43818118714442894  0.44854877669650983
  0.45922971228151799  0.47007285845989377  0.48094632909034463  0.49172411290796508
  0.50223216036464191  0.51275467874364378  0.52324315651196418  0.53383610857545460
  0.54441419581225081  0.55503711077764650  0.56577277560558725  0.57642969907628161
  0.58712921194316881  0.59817176314265075  0.60896875916216819  0.62001793707905406
  0.63091874217537036  0.64196459620360458  0.65274909449787699  0.66327195044672593
  0.67384295493633151  0.68454913032658693  0.69519100820508428  0.70581619801536533
  0.71637471165647082  0.72715504087650584  0.73766370070161202  0.74785569670984331
  0.75819103775364427  0.76873129104705973  0.77960153846264579  0.79022701640672421
  0.80075160107491894  0.81123541304072477  0.82197541516810002  0.83263446301660438
  0.84283345607886018  0.85297145756061088  0.86308686091349407  0.87349341663953184
  0.88372145889888820  0.89415959792326283  0.90428304991691677  0.91460039980675556
  0.92490637089372418  0.93539659828593857  0.94619009660475961  0.95719153661556788
  0.96838880669474703  0.97908141177126207  0.98962722408567072  1.00000000000000000
 -0.00305441435423777  0.01283948862349317  0.02584617921413185  0.03890829305501452
  0.05127439114451154  0.06363400260735061  0.07573537279838272  0.08759816920118589
  0.09907930145325389  0.11038079531535951  0.12161595239109453  0.13273261933384520
  0.14371209992443534  0.15455691561184598  0.16550434289699731  0.17664202486683891
  0.18758740793747872  0.19810751581564437  0.20841923246270880  0.21874164374460126
  0.22897796075821900  0.23903366743807061  0.24909419614276379  0.25941871619564189
  0.27000327243065098  0.28051837097400495  0.29082690203304140  0.30102071920456852
  0.31116848476757519  0.32134815691710233  0.33134904195795650  0.34112848770316706
  0.35073423999952025  0.36030521273529487  0.37009550219104531  0.38023968449381701
  0.39036114365809926  0.40047429939211904  0.41048521650152819  0.42038826098209742
  0.43020290493739577  0.43989681065940661  0.44940731332961747  0.45899609852014595
  0.46861692467785282  0.47839370712132384  0.48824907990917543  0.49819822101032601
  0.50815830003006446  0.51798549222156143  0.52756423357934601  0.53696067646520718
  0.54639383299389643  0.55583917190797294  0.56529061655541857  0.57481019415707824
  0.58436858701512651  0.59412975073353669  0.60400999142755851  0.61364712490192708
  0.62303611279371807  0.63238712412469555  0.64181480156651927  0.65140360045193579
  0.66117593720453038  0.67117177359438973  0.68121436907010380  0.69123757015701370
  0.70113632523972358  0.71095914065181320  0.72077503874597670  0.73074014183845226
  0.74108421302659133  0.75152042562794208  0.76185311391944621  0.77216875502375704
  0.78267543085754998  0.79333552810101293  0.80388056940162189  0.81434969987162942
  0.82488717828151281  0.83564311608173125  0.84664276155895823  0.85760179013730875
  0.86845798395159057  0.87937033374945084  0.89059504290949199  0.90185729052750552
  0.91322239281661288  0.92460736539353860  0.93639127781048348  0.94864934020806280
  0.96122925308377705  0.97384369863997500  0.98669779536277569  1.00000000000000000
 -0.00217255906598606  0.00947483585441236  0.01934210711612637  0.02956853160308607
  0.04007751096260702  0.05068966967487409  0.06132256393113629  0.07219003370426860
  0.08320586988040012  0.09424359872123803  0.10506976839063824  0.11590037957472349
  0.12659807524898564  0.13718124339225929  0.14777189471706240  0.15843776028425630
  0.16906718884381208  0.17962622947813808  0.19012532292057632  0.20068012182154982
  0.21114819293141968  0.22151979345957054  0.23161350979328788  0.24179038062695793
  0.25200992385459403  0.26229994504602516  0.27277993771608383  0.28359153594792702
  0.29426067283829899  0.30473411952753610  0.31505086424064971  0.32593359313844178
  0.33660855337492984  0.34703387779178790  0.35708353305635848  0.36706144154028320
  0.37697871539116462  0.38721137852544074  0.39756063262949926  0.40816532654311499
  0.41860944551826423  0.42910382438218586  0.43958159225993759  0.45002737368469420
  0.46044078237648628  0.47086775850481566  0.48133358011139182  0.49178438938027275
  0.50208529248865641  0.51246285884270504  0.52275661248433247  0.53320266520537063
  0.54358060827388743  0.55405284928641096  0.56463374160483082  0.57524766621313261
  0.58578065652310196  0.59604983311140514  0.60643185818243883  0.61705237023268522
  0.62767863752520370  0.63828885004008928  0.64896568454002024  0.65952880331730501
  0.67014130050788534  0.68061000253297954  0.69126088707987887  0.70186099156370263
  0.71255962694374242  0.72368641468262140  0.73447648644744001  0.74487028925848886
  0.75538459553625870  0.76617124520352242  0.77675028654478939  0.78734150660215163
  0.79783545759593022  0.80872323566303761  0.81927947270354518  0.82981001285189770
  0.84021956500895945  0.85055327027830041  0.86101410076619966  0.87127634244343533
  0.88188412190638366  0.89256471334755472  0.90355481066438215  0.91440413994937675
  0.92546389909859095  0.93658098908844511  0.94735261611970767  0.95789874767790018
  0.96855461161635747  0.97927189387820590  0.98964170122860196  1.00000000000000000
  0.19088450941399801  0.22802003841216384  0.23643099106662627  0.24480707374653779
  0.25397928873481196  0.26278824894148123  0.27084651970478263  0.27953033920856774
  0.28911937678709904  0.29920057818985429  0.30966588386216692  0.32074574805667228
  0.33167773629548752  0.34123301245524273  0.34997764414679527  0.35797945713632745
  0.36552738671664275  0.37282756994146971  0.37978384739131954  0.38650225219681539
  0.39305926051087364  0.39942991717138343  0.40570251959573883  0.41198572995462063
  0.41828114156292040  0.42456441993885441  0.43075013197729328  0.43677264520724079
  0.44273798689942628  0.44867659430066892  0.45465699754147992  0.46075027510710159
  0.46685415432756056  0.47294909200421631  0.47892950880821133  0.48488771681663057
  0.49087819815943823  0.49690350309186909  0.50297291463793548  0.50905707432224812
  0.51512223124870538  0.52109006985365625  0.52696346908829228  0.53279379035499297
  0.53864855650920573  0.54463744686373894  0.55073020880354251  0.55689924585470074
  0.56310571913559992  0.56930374229106617  0.57547641209891820  0.58166594355679380
  0.58795534909850233  0.59439331692129838  0.60091852979449378  0.60744962670402947
  0.61397121376285024  0.62045899959488482  0.62693940591459196  0.63353784035754279
  0.64023115986319534  0.64692888561408468  0.65357613741126086  0.66019860234282701
  0.66696502968951732  0.67395890181858809  0.68101258682928323  0.68809197300732117
  0.69529683386009777  0.70257654908050771  0.70995426928273742  0.71742083334811890
  0.72499783486839631  0.73266163353812497  0.74043703251060888  0.74822285893045759
  0.75600520584452735  0.76389777797271674  0.77205666591371291  0.78065301309732649
  0.78956944486195246  0.79869526572301552  0.80802364641585644  0.81763239815947397
  0.82763967778360559  0.83797969954525764  0.84851367664528821  0.85944797974755238
  0.87099524693288688  0.88320385858600881  0.89637425288397043  0.91077011023716625
  0.92632307275487835  0.94359897566152429  0.96638881564472190  1.00000000000000000
 -0.01983507230631267  0.12363861172893995  0.16800396784835292  0.19571241928734825
  0.21830253877119066  0.23751635038720073  0.25464670538573003  0.26998448320622864
  0.28419163573968337  0.29753193466510303  0.31021884072518141  0.32223930893226754
  0.33357982956050819  0.34438999996831832  0.35482943191437860  0.36492506027918553
  0.37476976099212905  0.38419431660410897  0.39345344234746982  0.40252693763262160
  0.41164509579303271  0.42062547246146498  0.42921873133986949  0.43760307377423718
  0.44576987521988354  0.45392160612148191  0.46187143574717815  0.46954011466923073
  0.47714491279932131  0.48475433988181849  0.49238994667846875  0.49994842897375358
  0.50727303398895596  0.51449138325732779  0.52165950334525757  0.52872649790667003
  0.53567481658531357  0.54241240794409362  0.54900754899488968  0.55552548485640318
  0.56202656918934968  0.56843046508310413  0.57481824512959145  0.58119689582101552
  0.58752337043648151  0.59373864405224619  0.59990731797913699  0.60597183737569060
  0.61202029425155324  0.61796480144444543  0.62387635546334930  0.62977996268742675
  0.63568569700168120  0.64159670947690783  0.64748283091961156  0.65338531906258313
  0.65917261518075387  0.66496089511842016  0.67069088487705164  0.67637093030152218
  0.68202544772718487  0.68765638022658582  0.69326841081815527  0.69886147223505279
  0.70442807140760288  0.70995436600582240  0.71544892976181074  0.72098333096214151
  0.72661554765235836  0.73221452966430056  0.73781358222515447  0.74342142454017701
  0.74897295486539095  0.75448126114420300  0.75996768271875381  0.76545567571965756
  0.77097224742751580  0.77660891604408477  0.78240288102122246  0.78830881229879624
  0.79450250690053625  0.80079238749311576  0.80711473551786006  0.81354624743371040
  0.82030714150509487  0.82740965336365002  0.83483235187312432  0.84280583952471755
  0.85105764704377618  0.86016490772396792  0.86995794257607628  0.88117324697190169
  0.89432535225990972  0.91145918904797507  0.93749782339576138  1.00000000000000000
   9.1740560351256864E-007  -1.0000000000000000     
 F F F F F F F F F F F F F F F F F F F F F F F F F F F F F F F F
  <DiscreteSampler_grid>
  grouped_processes
  1 # 1 for a reference and 2 for a running grid.
  10 # Attribute 'min_bin_probing_points' of the grid.
  1 # Attribute 'grid_mode' of the grid. 1=='default',2=='initialization'
  0.0000000000000000 # Attribute 'small_contrib_threshold' of the grid.
  0.5000000000000000 # Attribute 'damping_power' of the grid.
 # binID   n_entries weight   weight_sqr   abs_weight
    10   10   5.913293698075477E+005   1.088813879097111E+012   5.913293698075477E+005
    11   10   5.913293698075472E+005   1.088813879097110E+012   5.913293698075472E+005
  </DiscreteSampler_grid>
