  0.00906948533616635  0.01679689635059209  0.02774168605784899  0.04027925337720081
  0.05306734749363506  0.06543760496009181  0.07682916402791562  0.08762104821913066
  0.09801291823941527  0.10814773947062030  0.11800264551277580  0.12817225708900326
  0.13898142615644937  0.14995002722308809  0.16096692554549477  0.17113341002088317
  0.18111238251564210  0.19105105897459040  0.20177105553087357  0.21269696583927220
  0.22352401166877944  0.23415849249405479  0.24457798622127405  0.25484974271447003
  0.26499059892158233  0.27545605222102210  0.28580829085261111  0.29590553017973931
  0.30595659135636866  0.31560223841327767  0.32504896386294646  0.33467277893123060
  0.34485347901536140  0.35528178041513453  0.36584310679507492  0.37646871889369643
  0.38704027933588392  0.39727509592414201  0.40704562017043716  0.41705678586429246
  0.42691541597586274  0.43662420942719032  0.44651640305358281  0.45648149813105143
  0.46628375629553215  0.47568366327470318  0.48535454935748668  0.49536834087686915
  0.50516093203996482  0.51454030457049715  0.52430496243572511  0.53434812855486347
  0.54440843476000489  0.55448684166110940  0.56467664604469492  0.57514552894943571
  0.58540520087907089  0.59497979791692912  0.60425929319381555  0.61374175028336586
  0.62409046581213634  0.63563480001065775  0.64768530835710569  0.65936541695682949
  0.67048305175830003  0.68148968162224521  0.69240256327151428  0.70369867863814806
  0.71465513001824488  0.72556099892298576  0.73610032592726604  0.74666649158687692
  0.75729524430370632  0.76778962208463608  0.77835888948323817  0.78831721545613220
  0.79797533559799128  0.80740825896934465  0.81722065879120254  0.82773901808906825
  0.83828389199089881  0.84900841132359750  0.85935375199580144  0.86967583673252302
  0.88008600348064614  0.89057265360198368  0.90129247696780346  0.91219396929515129
  0.92410710427616749  0.93575257366434406  0.94666184339202952  0.95676969524471900
  0.96755473893090127  0.97852893885446912  0.98943350227113902  1.00000000000000000
  0.00153996429564038  0.01894510408147469  0.03371887243889345  0.04632390248854317
  0.05628772955431723  0.06735622150696007  0.07790960904568829  0.08820174067294950
  0.09803698199475944  0.10869941509667501  0.11933595711432442  0.13004400336242228
  0.14030628414625168  0.15064220580900800  0.16076285661913489  0.17097654140035695
  0.18133166880850810  0.19141928424089080  0.20169282584509082  0.21188076850501644
  0.22279643084765752  0.23416032845994617  0.24604756037010914  0.25766030465471296
  0.26854446536016047  0.27842684437598342  0.28800626084763048  0.29792304658284169
  0.30821476528731101  0.31870873207164335  0.32913865183896235  0.33980750035248369
  0.35035256813956400  0.36121694237085200  0.37217824123616489  0.38285971158674914
  0.39329477656446776  0.40371248314732527  0.41384248650401734  0.42384286118582765
  0.43363194535611810  0.44425508071917791  0.45456585437387192  0.46576811034134480
  0.47659192770361036  0.48676360759894943  0.49665893686273160  0.50663566358944456
  0.51667185607704202  0.52659477348922001  0.53615501721160652  0.54563422974459619
  0.55500560143215660  0.56489522487228161  0.57513064379267298  0.58531790435528352
  0.59542992052314492  0.60566540995193408  0.61591661303710576  0.62599485368169738
  0.63605464838045123  0.64655055708370412  0.65716415806346506  0.66797928846158727
  0.67917406050722806  0.69036546816564770  0.70087009543520351  0.71107488993649637
  0.72127987570082386  0.73155231145861066  0.74168743014200122  0.75217789881943575
  0.76308093519486386  0.77354197758473109  0.78365674621833692  0.79385756035487420
  0.80456117968114671  0.81544180059396110  0.82553316562434265  0.83536306516119962
  0.84517309706101396  0.85508040967909804  0.86521696732651709  0.87539736795158052
  0.88553730003542885  0.89570052124324639  0.90576165273323717  0.91579439187842471
  0.92600967795270361  0.93648316635626316  0.94765382080292115  0.95924041218666101
  0.96972478986469546  0.97996695806560397  0.98988869894054887  1.00000000000000000
  0.00000186102834336  0.00000533954861338  0.00000854607692639  0.00001185810727980
  0.00001526919218084  0.00001881415857409  0.00002289414665508  0.00002766019745092
  0.00003319927640410  0.00003972632429950  0.00004731061087644  0.00005593865461171
  0.00006586750056964  0.00007657814691050  0.00008746029646242  0.00009824368726124
  0.00010906936899714  0.00012016877755337  0.00013180782543752  0.00014410013578745
  0.00015709137428924  0.00017073359240259  0.00018499773192233  0.00019991528467344
  0.00021532991318795  0.00023107298682656  0.00024711597905685  0.00026354367590819
  0.00028099317390574  0.00029989138854656  0.00031977729119243  0.00034013366863276
  0.00036107010557754  0.00038357774052544  0.00040658138028067  0.00043000676240103
  0.00045444442245092  0.00047936275275996  0.00050561308085080  0.00053073474438781
  0.00055664187420897  0.00058341941725280  0.00061060302178338  0.00063907712684012
  0.00066903985879729  0.00069880123867001  0.00072993918059488  0.00076135098829440
  0.00079257398207693  0.00082403587975564  0.00085574410918565  0.00088905778501990
  0.00092506694158905  0.00096398055178037  0.00100523797227352  0.00104855486851943
  0.00109433725159075  0.00115021981364421  0.00121509867996613  0.00128361399881871
  0.00135062450341561  0.00140803001993280  0.00146514112245505  0.00152370284581375
  0.00158502115541128  0.00164902891996074  0.00173226177057636  0.00181533555212402
  0.00189499417554336  0.00196994765780868  0.00204162803283128  0.00211374817201832
  0.00221629352834949  0.00231814605920927  0.00242201822146523  0.00252759205635429
  0.00264823132542898  0.00276179038882039  0.00288800499202742  0.00303226419794212
  0.00314442219929533  0.00326431196256684  0.00338049579477699  0.00350544877837586
  0.00367430555216145  0.00390052833369766  0.00413807857925017  0.00435910214699599
  0.00461294019429832  0.00498187375805734  0.00563690573937568  0.00813414560688931
  0.00876743059280790  0.00929430497572585  0.05151722147387724  1.00000000000000000
 -0.00267499826943990  0.00973509938640581  0.02045408023161222  0.03111917879715073
  0.04192088489037353  0.05301688431848231  0.06407546315890099  0.07498912582093838
  0.08571020460622024  0.09621416950146157  0.10641871651035530  0.11652173040947192
  0.12687430798358532  0.13741388000735827  0.14827238289035527  0.15956985175743868
  0.17085444307311318  0.18193772574198910  0.19283344629970497  0.20384525001359946
  0.21490165166687980  0.22569859718670612  0.23602199272244132  0.24599228415340510
  0.25619862692227036  0.26657682168796970  0.27718806359031678  0.28761359605703085
  0.29777812931073538  0.30788227369412541  0.31849988023904058  0.32972597192948117
  0.34114985012074284  0.35173358424563617  0.36191535222185189  0.37193738908909196
  0.38179483836421579  0.39205964930120413  0.40244387409315835  0.41274557598389594
  0.42261792726938552  0.43247288089279756  0.44286785324008554  0.45350024705911784
  0.46383185935369953  0.47377309102176551  0.48414947651860440  0.49481655876747505
  0.50541208129313719  0.51597084424202688  0.52644583143468904  0.53724210917779591
  0.54818746020063613  0.55931630908411856  0.56995882597881165  0.58075043948624150
  0.59205785133913735  0.60359721547884682  0.61493479871934054  0.62626714894320978
  0.63773887229294424  0.64903947598417022  0.66049435319555694  0.67210870572264980
  0.68384499199455351  0.69498242105425101  0.70569431207554767  0.71638517214320308
  0.72731990075215813  0.73788953229991228  0.74786059308361952  0.75727757569356113
  0.76667682412668425  0.77640951840235062  0.78618117433982904  0.79561026142047298
  0.80584194045579527  0.81647045999037493  0.82794742929282295  0.83889365713845399
  0.84938815271277746  0.85958679938737059  0.86910256868640023  0.87844475797262866
  0.88764875899336038  0.89745209459056918  0.90802608300021803  0.91895476042617896
  0.92956175614085046  0.94000830524966650  0.95021715515753091  0.96023940672601305
  0.97017354885439522  0.98024536519413796  0.99017281868734319  1.00000000000000000
 -0.00206843781075777  0.00884687172050756  0.01838556899726237  0.02824991244093877
  0.03839440958515550  0.04905702336958486  0.05949046844009115  0.06965933507321466
  0.07985431649888532  0.08977863088397650  0.09964985549098014  0.10934963233796140
  0.11902153727792229  0.12873940596544259  0.13928015864252499  0.15014341641682025
  0.16317532165208293  0.17515595465492001  0.18734320516945202  0.19813617064409828
  0.20805641157265944  0.21750363607672615  0.22769432194676456  0.23905196606819198
  0.25071906342118605  0.26237567701349807  0.27334144142909100  0.28390053241552254
  0.29435380884895790  0.30579214171957847  0.31688891054290308  0.32752157917878671
  0.33769528525842851  0.34795956797951633  0.35834337369902353  0.36843514297777868
  0.37886703393862642  0.38959492941818680  0.40078347307492396  0.41220113199588188
  0.42266663633959284  0.43271740122019881  0.44268811451653800  0.45304339969293195
  0.46378397809958805  0.47434338508083956  0.48478728549873246  0.49527763518693346
  0.50572430101432353  0.51625334144426782  0.52677929690305692  0.53703124433937621
  0.54694460728601435  0.55680695981205885  0.56710681362736648  0.57800735836526795
  0.58914491916032774  0.60020511982730618  0.61098330200364526  0.62153703988074704
  0.63208728353769550  0.64250066051240806  0.65285199526367876  0.66329116420387646
  0.67413376346039522  0.68526991580545171  0.69642750010046872  0.70752165309660986
  0.71828835248010792  0.72908227980945317  0.74016398912318193  0.75164168954549115
  0.76319537695426243  0.77451516436843704  0.78559008516842499  0.79641495902947512
  0.80715624283104237  0.81818464457111550  0.82935945104466835  0.84021479235345775
  0.85069796847650569  0.86108605555902407  0.87122995339057163  0.88093116788996306
  0.89033845359482922  0.89978066021867498  0.90939673145674305  0.91923727212088635
  0.92959219268317628  0.93995988261692021  0.95055934381441276  0.96084533543573625
  0.97122332553847879  0.98111160451353985  0.99058646632659175  1.00000000000000000
 -0.00237053600728043  0.00994117641535622  0.01996784273238005  0.03024973513825929
  0.04042897593923780  0.05061863368558089  0.06097143275262192  0.07102605793696655
  0.08092683639092431  0.09009588725485099  0.09916237634307550  0.10865293992606352
  0.11822646004406258  0.12818170230394985  0.13861165641114045  0.14958576774349103
  0.16084606608458668  0.17201836200730358  0.18312255602404331  0.19405343080880466
  0.20491819265140504  0.21560102488673544  0.22637078459502094  0.23723149288809420
  0.24853334830835894  0.26015488415852722  0.27223853653079594  0.28465276644400245
  0.29721955401305317  0.30989419190296413  0.32162516909090239  0.33292105566467961
  0.34407883170993542  0.35533868113309736  0.36605367900813390  0.37729392133336087
  0.38903399054633986  0.40056970584177209  0.41147523290320598  0.42264229873309395
  0.43401322229662276  0.44534715369854772  0.45621007427283078  0.46688491813779393
  0.47772711377279131  0.48859443615480030  0.49889303678847235  0.50899924898806437
  0.51923036332252093  0.53062376413021528  0.54172847686299286  0.55241847246931064
  0.56263519779769644  0.57349916370312615  0.58470449840358640  0.59601056627582938
  0.60672829862075950  0.61720920913621313  0.62778630288543058  0.63840224945149815
  0.64901401919335200  0.65957183860667890  0.67021975699380720  0.68071609188855386
  0.69102040686289190  0.70116612736334116  0.71123200095693084  0.72113459910390887
  0.73116371460430896  0.74133896222708018  0.75156716182095762  0.76208859571214027
  0.77234805122193850  0.78228515832069478  0.79210726422127764  0.80206264345086165
  0.81233928569394487  0.82250930156303770  0.83281466987784292  0.84368585997582934
  0.85446183808827858  0.86480655403773621  0.87528926555552156  0.88568016958752660
  0.89592520898047157  0.90596275644845581  0.91625873597108154  0.92661664625283702
  0.93664027746514456  0.94617755552770089  0.95530812380960384  0.96405485208923758
  0.97279239430606101  0.98171183438739262  0.99077452767268748  1.00000000000000000
 -0.00259531739889976  0.01010915452860120  0.02068874973300551  0.03112175910537144
  0.04175545043805214  0.05308695307026701  0.06470788380247633  0.07613894777277375
  0.08724963522269215  0.09839312364085058  0.10902285908071548  0.11926058711100086
  0.12925739017417570  0.13932903619656756  0.14987759382042817  0.16026622339081850
  0.17044191314386123  0.18048463739749337  0.19055762603828350  0.20057524550851580
  0.21050277636267201  0.22048702680068744  0.23065351886159302  0.24102367234923081
  0.25192956288488660  0.26365802735531096  0.27518658599796630  0.28579060230095249
  0.29594122561547509  0.30620024659590994  0.31632885225712776  0.32655855720899107
  0.33710899137804895  0.34787501896314588  0.35846331486242444  0.36907007919442625
  0.37987562202886199  0.39054720624956096  0.40044545506877466  0.41009029806071096
  0.41998320429448771  0.42978106047538417  0.43914825480304959  0.44816524610354291
  0.45745029963665818  0.46697421865183364  0.47669961388725801  0.48678465278149585
  0.49729656517195436  0.50806509625643792  0.51859497063274429  0.52879512517391281
  0.53874356763168252  0.54826453778425210  0.55790214557338802  0.56808941619181508
  0.57910072679161473  0.59034588259131071  0.60171193277068058  0.61285395028728129
  0.62400438868216068  0.63448761443448354  0.64500938205780800  0.65531630763020177
  0.66533711485528790  0.67524395687847882  0.68549053998695120  0.69639607795234237
  0.70809077004724175  0.72002210060263105  0.73157305426335850  0.74192430923226071
  0.75188443515178927  0.76185525909621754  0.77230842362720220  0.78300110742548146
  0.79419919826576280  0.80527220642836339  0.81595693109432854  0.82587414111618795
  0.83620828228308464  0.84620732625328832  0.85629648663866387  0.86632687237175976
  0.87640586043060942  0.88704780286707541  0.89782464158572273  0.90897512706798766
  0.91999638457770017  0.93098699979056354  0.94231832619209721  0.95352458427269704
  0.96528028763747076  0.97700148683056298  0.98872272467584188  1.00000000000000000
 -0.00227144617065283  0.00897963172965349  0.01897368405476046  0.03042993236221468
  0.04178778214889666  0.05277549663852749  0.06314047982541263  0.07323151577660983
  0.08317175751586911  0.09311733052952842  0.10328755140451636  0.11319475146100297
  0.12298988547324353  0.13277231347604124  0.14276485162582001  0.15263879832937233
  0.16240246869300384  0.17228061543451975  0.18240320920510417  0.19289589222893053
  0.20345511786357620  0.21361746158340417  0.22354365965894157  0.23341064175298085
  0.24343878706080010  0.25368910028825914  0.26409175192518775  0.27451772048823792
  0.28491001357635504  0.29542644283376651  0.30613086759619074  0.31701567286346211
  0.32735331528420392  0.33818921828193144  0.34968210662167193  0.36161007475478063
  0.37332828533134027  0.38447117771316647  0.39507128205389985  0.40513100832040783
  0.41497484783128641  0.42481748772299766  0.43471660801858730  0.44453082725236009
  0.45395379050344847  0.46376568631106690  0.47417327828008693  0.48492473843257644
  0.49550495356043728  0.50580886127606972  0.51599913933363240  0.52623451648797248
  0.53660346338281739  0.54747823836783671  0.55845322457957058  0.56963446297070797
  0.58089582834757214  0.59214066728740455  0.60360029802560589  0.61493636322585488
  0.62595778480397590  0.63692791841154361  0.64822112260449138  0.66012931189001489
  0.67202557722607981  0.68317967273180435  0.69414580285389560  0.70450436079035172
  0.71461038160886070  0.72451690159345339  0.73469165153608018  0.74526673386479181
  0.75645463637045096  0.76792863337104211  0.77872514435210938  0.78900181790213353
  0.79886315838097544  0.80899299424972171  0.81898367687551177  0.82928044654341471
  0.83943256979767378  0.84974606021373689  0.86029201461488713  0.87091350322921424
  0.88146272393563663  0.89208149363266676  0.90297285084931667  0.91417154941048406
  0.92535948495705111  0.93677860014431114  0.94851815204358902  0.95971680735306664
  0.97014406237579209  0.98002391653766607  0.98998111427058078  1.00000000000000000
 -0.00553555727891447  0.20161561689355328  0.29840616024889804  0.33276665680727457
  0.35302067496237971  0.36954352128222079  0.38409467729016666  0.39745642453380386
  0.41007811775314940  0.42194661705710829  0.43312920710284569  0.44435178086438382
  0.45502449857592647  0.46513849146325470  0.47489927485221006  0.48466194953222913
  0.49400154282410630  0.50295659175013274  0.51154290347069808  0.51990653846267809
  0.52819007824354025  0.53632046643928055  0.54430659708421736  0.55213893394276814
  0.55998763537746810  0.56798414520111273  0.57576879315883289  0.58335199048007691
  0.59056600931036918  0.59758718098126795  0.60464824629334613  0.61193293470509313
  0.61937156590926645  0.62679306240856070  0.63361033941932643  0.64018804294663578
  0.64668388507061336  0.65328370594315222  0.65999462892024774  0.66658187608022712
  0.67299056428805182  0.67934866274678873  0.68570374652140120  0.69203692266676420
  0.69830483648254682  0.70445283191820740  0.71046927053470244  0.71635447266850072
  0.72222231541366122  0.72804744513744091  0.73388494720128983  0.73975062311525563
  0.74557010294981563  0.75132161982551260  0.75713328082320575  0.76302826748358787
  0.76889400865313806  0.77472131934696764  0.78057001522338543  0.78635145177475219
  0.79216138258274527  0.79810338831625816  0.80374387364953725  0.80934826072539190
  0.81460474251100590  0.81988986025909161  0.82520227312126448  0.83043655667080452
  0.83564985981678519  0.84077178888594184  0.84584311350679964  0.85108146091839554
  0.85637263080419701  0.86157070685128789  0.86664469304807101  0.87175385977941722
  0.87680008820597688  0.88207598639505325  0.88760409472803259  0.89305049330795128
  0.89836128932833281  0.90359287480067907  0.90868241559489127  0.91372403944379066
  0.91884423230460432  0.92408324700452893  0.92947404217264418  0.93506789485399344
  0.94104373927035867  0.94733905382746375  0.95380542960081294  0.96069304445732895
  0.96841475932924115  0.97660151195214684  0.98643965400136913  1.00000000000000000
 -0.01408092296336761  0.09067215187997579  0.12863419141659715  0.15236232003814326
  0.17235654394212449  0.18901257855085171  0.20357491644847192  0.21667144132766220
  0.22871328564893828  0.23977025338476787  0.24978508644243858  0.25919680980902454
  0.26828298100867959  0.27702322721303790  0.28541199741522261  0.29339810238038078
  0.30094735340382711  0.30847931909235082  0.31591606444421078  0.32301464126050222
  0.32977577690833526  0.33656807787226961  0.34343253658056760  0.35019475673785938
  0.35707827327521768  0.36388881499486070  0.37065851818202300  0.37726006058576639
  0.38372207913154882  0.39004906884088653  0.39613864180256170  0.40222062826107280
  0.40847945055464663  0.41491849529517905  0.42169674810245300  0.42822585244887496
  0.43448863122089731  0.44046520865113942  0.44628936754353588  0.45225043784027785
  0.45833566712787371  0.46423274011126342  0.46994950684707837  0.47521130730519884
  0.48046734539557956  0.48575500041410380  0.49120257631775621  0.49714295168997669
  0.50306603848333342  0.50869505368559109  0.51411834540410095  0.51962912724677479
  0.52535863658496562  0.53122628553673035  0.53713644943088112  0.54311388948484685
  0.54950751632161599  0.55566119564216931  0.56174216228303253  0.56767062141184632
  0.57371043121487597  0.57998349308250574  0.58624264826135664  0.59231656045638692
  0.59838780858694363  0.60457802911432312  0.61085264942153450  0.61708616077373113
  0.62317136312077337  0.62912847913345404  0.63521401258144594  0.64144011273413526
  0.64793985627435879  0.65442745700898408  0.66092836793646959  0.66766124710355745
  0.67473779720395377  0.68221479317901634  0.68998181228609545  0.69828736662123791
  0.70634472463310105  0.71470657887966027  0.72349878817487856  0.73280255065198607
  0.74216590148716777  0.75143040598630262  0.76105674178801364  0.77127744342794580
  0.78251634801470449  0.79517679121180285  0.81030161916405952  0.82784037965055590
  0.84785239314422345  0.87150215803951903  0.90921033620069625  1.00000000000000000
   4.9726232400858265E-012  -1.0000000000000000     
 F F F F F F F F F F F F F F F F F F F F F F F F F F F F F F F F
  <DiscreteSampler_grid>
  grouped_processes
  1 # 1 for a reference and 2 for a running grid.
  10 # Attribute 'min_bin_probing_points' of the grid.
  1 # Attribute 'grid_mode' of the grid. 1=='default',2=='initialization'
  0.0000000000000000 # Attribute 'small_contrib_threshold' of the grid.
  0.5000000000000000 # Attribute 'damping_power' of the grid.
 # binID   n_entries weight   weight_sqr   abs_weight
    10   10   9.560371568712169E+000   3.599143061415315E+002   9.560371568712169E+000
    11   10   9.560371568712165E+000   3.599143061415306E+002   9.560371568712165E+000
  </DiscreteSampler_grid>
