 -0.00247997172298564  0.00927928188730850  0.01928869761369170  0.02973371995318596
  0.04024270525222427  0.05074669214738763  0.06133669463905776  0.07199523460885307
  0.08266236638320602  0.09326896956148878  0.10391689996496233  0.11451752768689367
  0.12501847938204816  0.13550054372053019  0.14599393631679503  0.15659662734609475
  0.16727858102095899  0.17775450114000146  0.18826185347490271  0.19870490026130364
  0.20918774923468711  0.21963080784315106  0.23012813002953658  0.24076160378648137
  0.25142001460850366  0.26208268726848771  0.27268777203421135  0.28305744975814834
  0.29350695216325084  0.30412027198949160  0.31478291726125818  0.32539401708891774
  0.33602029775898873  0.34678276816791692  0.35739810495458824  0.36807552078744071
  0.37876053200628962  0.38951532815889400  0.40008228354121866  0.41071766849337282
  0.42118462676635393  0.43165153685461871  0.44218128980863625  0.45285114379346258
  0.46342825095179013  0.47392129763653074  0.48453921441171199  0.49530068164561764
  0.50588378716611015  0.51632411566537717  0.52680647335295916  0.53747327918560850
  0.54799843075167209  0.55855048522043937  0.56900102551354370  0.57956715941210724
  0.58986552312308704  0.60010455179095867  0.61046894938179685  0.62087685382646995
  0.63139708244195947  0.64193390798527183  0.65274593456157404  0.66361749031710793
  0.67432373860054762  0.68491748431678623  0.69536950894869476  0.70586155922486793
  0.71641464894197859  0.72697470370116013  0.73751583440825241  0.74791506768705351
  0.75867939008506369  0.76947974516587625  0.78019918550161071  0.79082056689584379
  0.80146200715953919  0.81218417530088871  0.82264034192703539  0.83315207887084741
  0.84356700185134192  0.85407436267065717  0.86455862941988937  0.87500671087810022
  0.88544976690105726  0.89593207156009202  0.90652798240206822  0.91705819718751769
  0.92760493200490679  0.93805088771415002  0.94850260799584374  0.95883689082580781
  0.96906618261663247  0.97941331971858892  0.98970349164439486  1.00000000000000000
 -0.00252330168133078  0.00984650309199106  0.02020974453735352  0.03074735632362634
  0.04131527290885391  0.05182404738882303  0.06241215959067667  0.07294650278203839
  0.08340677479557305  0.09389244095771522  0.10433912667883707  0.11485034797342142
  0.12529549818198515  0.13569200339449949  0.14613597193137501  0.15653411338613957
  0.16696817888395157  0.17739109591880892  0.18775432756778249  0.19816860908605349
  0.20864873627131342  0.21929181887191726  0.22990621208467957  0.24057999754503462
  0.25120303544311684  0.26186612263280512  0.27246534876717005  0.28306911632555271
  0.29368900897847877  0.30422076443294460  0.31476311870617812  0.32537865631781865
  0.33595283346331645  0.34653228107592260  0.35701218164651072  0.36758746112946006
  0.37805664250832210  0.38863335809086735  0.39922767079358906  0.40988686386688761
  0.42051837464048136  0.43110593393004792  0.44161035126137282  0.45216248139748511
  0.46255614213016660  0.47311425557585213  0.48358712852581720  0.49414641137753601
  0.50464050515706393  0.51504319357381201  0.52559323071475772  0.53636218469883001
  0.54719654424464759  0.55797954860519094  0.56865864910351105  0.57937871866003199
  0.59003555267154251  0.60070455009839541  0.61142284271533864  0.62207927178875833
  0.63264508151547383  0.64308416126024270  0.65342152341681914  0.66369636225048623
  0.67392353964735274  0.68419750342842367  0.69470206697370263  0.70521020171935966
  0.71581242598560901  0.72634570427902068  0.73703836832426362  0.74771421337750898
  0.75823041495257426  0.76863133845534926  0.77907611783729069  0.78955319956344627
  0.80001185106550732  0.81041783291248370  0.82096491459071053  0.83149668117909847
  0.84204464814354174  0.85263169418603635  0.86325365374526131  0.87384607272306092
  0.88416557590535594  0.89442974309744605  0.90475637434185507  0.91507522159669175
  0.92562464128001365  0.93610751802985592  0.94669298177640682  0.95726008743336855
  0.96779832992545334  0.97841019636707505  0.98915334267591148  1.00000000000000000
 -0.00262124425963663  0.00991300796443566  0.02048554201445639  0.03112117624862835
  0.04173862262685637  0.05229201060966641  0.06284355702693589  0.07326618843657524
  0.08382751913044556  0.09448405693888598  0.10519916296773392  0.11578800573933863
  0.12635175621459424  0.13683605108727154  0.14727618662035799  0.15760742057638516
  0.16802190473788364  0.17857661799652502  0.18915816189753731  0.19966318536060845
  0.21002602990406538  0.22030948672655892  0.23056793868917971  0.24083237742625924
  0.25113145982244495  0.26152932387785383  0.27191116478901017  0.28237854364632020
  0.29285362940958853  0.30354725558780815  0.31427432227601942  0.32488272875545193
  0.33542084267728001  0.34592874746030322  0.35636629005016979  0.36673794350120548
  0.37710483493450414  0.38764509873881858  0.39818175977920955  0.40859844824871239
  0.41902814423119478  0.42949804200016378  0.44002781902427768  0.45051123870663184
  0.46101278094491277  0.47163720251895397  0.48232726809978871  0.49294085717803315
  0.50359095079044702  0.51420919900301398  0.52493892835971478  0.53559630839372940
  0.54634925562877146  0.55706837591185721  0.56775345353817908  0.57854917380638116
  0.58945725224536250  0.60036893238802613  0.61107593719823250  0.62172927679839485
  0.63242436546597536  0.64309623661021120  0.65368975127876905  0.66417128246673995
  0.67464008543908682  0.68509931567947768  0.69561701807305976  0.70628038627548773
  0.71695794153061221  0.72763388865500656  0.73819334925533064  0.74880663007503967
  0.75933504866657375  0.76972806422443907  0.78000776217210177  0.79031892662860381
  0.80076744454621174  0.81137219567023688  0.82178082157485266  0.83233484833986393
  0.84278466596728985  0.85337768774802658  0.86388789530618160  0.87426548088996381
  0.88474004792620298  0.89530213284429239  0.90587893242427331  0.91665316567183797
  0.92722937721603249  0.93773723757188343  0.94801762918128885  0.95824081021539420
  0.96868216330002777  0.97910152504932757  0.98955869354571269  1.00000000000000000
 -0.01837607028415901  0.10373239782240841  0.13789920389884189  0.15936612310911435
  0.17693376227998714  0.19210278855016238  0.20570377467362461  0.21817217050056792
  0.22977566938880215  0.24063487736895786  0.25093267481843534  0.26071179068628697
  0.27008416450024059  0.27902141618594151  0.28763571902649343  0.29593860042293424
  0.30395359338799061  0.31179164630214595  0.31936836596045531  0.32677699552044387
  0.33403921602643233  0.34108311633194816  0.34802582324933307  0.35483267291318515
  0.36149461808164329  0.36806593091318901  0.37453709807063357  0.38089237537047060
  0.38716644145480311  0.39338288617405076  0.39951548246537383  0.40554503133213116
  0.41154840120667063  0.41750718121137304  0.42338462685686190  0.42922752864185404
  0.43503299544885499  0.44078939528895972  0.44650108859156018  0.45219161416127091
  0.45785749600254261  0.46349790692184384  0.46912074768039780  0.47473274614041960
  0.48033431828895568  0.48592013816158103  0.49149258137177543  0.49706174977174034
  0.50262661975652945  0.50818466738274115  0.51374841861718157  0.51932031849833560
  0.52491480855617167  0.53053255808425814  0.53616160185313344  0.54180380192484900
  0.54747055441500780  0.55316098278016623  0.55887514676473482  0.56464066434972038
  0.57044861619551923  0.57628710896460733  0.58216340033586034  0.58811723785490333
  0.59413188592279342  0.60018252527569804  0.60631863074895664  0.61253066851199012
  0.61880176526525665  0.62516198486764651  0.63164679297982207  0.63822658108410746
  0.64487829537183228  0.65166452606749592  0.65859688055645838  0.66564259610620413
  0.67291644904538883  0.68033304433573927  0.68790863802757796  0.69574912362095409
  0.70377615048041331  0.71209478992769892  0.72070998592827018  0.72962660197708473
  0.73896056482157269  0.74870150086374110  0.75897693963508328  0.76982936081764075
  0.78145515523198239  0.79395997133444252  0.80760592566526612  0.82278189893487308
  0.84029791843301527  0.86167481109684785  0.89588124235982591  1.00000000000000000
   7.9473909571976209E-006  -1.0000000000000000     
 F F F F F F F F
  <DiscreteSampler_grid>
  grouped_processes
  1 # 1 for a reference and 2 for a running grid.
  10 # Attribute 'min_bin_probing_points' of the grid.
  1 # Attribute 'grid_mode' of the grid. 1=='default',2=='initialization'
  0.0000000000000000 # Attribute 'small_contrib_threshold' of the grid.
  0.5000000000000000 # Attribute 'damping_power' of the grid.
 # binID   n_entries weight   weight_sqr   abs_weight
    10   10   1.091437520610736E+010   2.192788716054193E+020   1.091437520610736E+010
    11   10   1.091437520610736E+010   2.192788716054193E+020   1.091437520610736E+010
  </DiscreteSampler_grid>
