 -0.00244212755747997  0.00952725096625962  0.01984603536539922  0.03042239245640831
  0.04096706255632773  0.05159916850284627  0.06229576201738263  0.07305570686218638
  0.08374800155525104  0.09469330738696112  0.10563196786634559  0.11644590886010026
  0.12711640659067255  0.13785112042958930  0.14856520829488062  0.15924082963196604
  0.16992908538194040  0.18061446146376245  0.19129907905780630  0.20193919687191714
  0.21248892855502025  0.22296339384879285  0.23336952966610047  0.24382126899410650
  0.25415262300375430  0.26442226003475822  0.27475856760461331  0.28511407408135819
  0.29551146314245536  0.30582232874491994  0.31628737866105039  0.32685056164191079
  0.33743189501307275  0.34804896686654985  0.35859655200729790  0.36915803277504167
  0.37972616095261258  0.39036752963877874  0.40087898705862585  0.41131529923150356
  0.42174985199748577  0.43225889557593500  0.44257506591593737  0.45283547955420406
  0.46300163426322682  0.47333985278987456  0.48363724040599521  0.49410542364976734
  0.50467031799759909  0.51539335664831176  0.52612113737481536  0.53685584371336570
  0.54763025540365406  0.55833011469752070  0.56881057357941245  0.57920715973186476
  0.58969868151042482  0.60024231045727816  0.61065417417878720  0.62112523043100665
  0.63157498155342684  0.64214263009427264  0.65267727491494609  0.66306760759354200
  0.67336377438886497  0.68349250036918330  0.69386921604516028  0.70440908493320142
  0.71488830782171209  0.72510656690228226  0.73547926084437121  0.74575232712715611
  0.75618589143322890  0.76653365475833179  0.77701599157891144  0.78752308064823084
  0.79794623568698175  0.80835780114012901  0.81869019968993129  0.82897657813334558
  0.83940257165232612  0.84993532737441269  0.86048977727374665  0.87100725219537301
  0.88168124776443124  0.89237331396468622  0.90300712142712447  0.91364101781974927
  0.92461574904210575  0.93573775936016268  0.94650483781729555  0.95718622958581501
  0.96790000106488405  0.97870882964722672  0.98935938749836916  1.00000000000000000
 -0.00229003917841616  0.00948495223672936  0.01946780356993640  0.02991909209213122
  0.04033048236051594  0.05085515757263730  0.06127901506442813  0.07180589038650373
  0.08233890406869998  0.09284146390933612  0.10321589845781060  0.11355605523350282
  0.12376334502414957  0.13426267646567910  0.14493978090311088  0.15589021311761925
  0.16658922893652503  0.17708810902012717  0.18761720242457772  0.19829673708478462
  0.20908146492806023  0.21964356871282514  0.23014200134002444  0.24042107175423144
  0.25082986841752286  0.26123106639248905  0.27161830124595349  0.28206967372211728
  0.29242581280290053  0.30307062321131600  0.31353306566687439  0.32414427276154784
  0.33476493696355292  0.34535819377402405  0.35580799060022561  0.36616930889879706
  0.37653100244185073  0.38698731466064579  0.39742942246265917  0.40799681357158435
  0.41859174868711568  0.42915968819284539  0.43976698279216192  0.45039458114533126
  0.46105400059474466  0.47180977792726098  0.48233265422890459  0.49290577467020591
  0.50345698951135354  0.51418402844707123  0.52480552549255344  0.53535950843377222
  0.54607532804205317  0.55684905499479831  0.56761177846905930  0.57818910675140289
  0.58871407230065831  0.59902699774204338  0.60933965100320464  0.61969885801807056
  0.63029615784391024  0.64105723680081428  0.65184627766779213  0.66264443747810242
  0.67327391554696681  0.68383023339183480  0.69431908398532560  0.70482383881268129
  0.71530341833212874  0.72577663722542918  0.73598026681640039  0.74624123884158156
  0.75657797094155277  0.76708769334040028  0.77758011806722682  0.78815077573318404
  0.79877700782463534  0.80949407888176672  0.82023185389170283  0.83114819327883771
  0.84201390514107244  0.85270939385910316  0.86331983996323181  0.87375721040789711
  0.88413459582685172  0.89461223328231576  0.90534738577537033  0.91607941502748413
  0.92661346796546473  0.93717991962332015  0.94773466784475302  0.95832820817762987
  0.96889873927915504  0.97934171719397312  0.98974405441078661  1.00000000000000000
 -0.00248958341466526  0.00953067193701488  0.01970005938385760  0.03000586687835381
  0.04036298564278316  0.05065330969443491  0.06083927954057246  0.07123253249300768
  0.08166815152858906  0.09247798366300301  0.10327578521241884  0.11391733054692155
  0.12457207922066492  0.13504384244394205  0.14563331129860166  0.15610361099409362
  0.16672258613498200  0.17738501348314598  0.18782273356098875  0.19823799134190362
  0.20854709744419392  0.21922167080305233  0.22978914381554080  0.24050119570954112
  0.25119431539965958  0.26183532596523168  0.27252156514814690  0.28308868327674486
  0.29369658993829711  0.30415503317580250  0.31473626003594224  0.32523169494965826
  0.33568817155757213  0.34600549987562823  0.35639533745371926  0.36691872333861941
  0.37754420954521634  0.38819988106095432  0.39882911197507021  0.40939800503342522
  0.41995053494726298  0.43043561185520723  0.44097425931170153  0.45148766646158528
  0.46207648755692904  0.47269651957566333  0.48334667457404573  0.49402039468329401
  0.50466086490804296  0.51527023270041483  0.52581140661316295  0.53640243788307129
  0.54698668615629598  0.55766913591561496  0.56838495121008681  0.57905734925925256
  0.58958093969536685  0.60007023805565418  0.61068125785700589  0.62126873009704275
  0.63181740918153939  0.64237294652970489  0.65296764225083714  0.66364193668365157
  0.67417215771871353  0.68471780001206706  0.69526288969968142  0.70581781862449144
  0.71631869797477810  0.72685236999030001  0.73752355390168456  0.74814340166760651
  0.75864607604817502  0.76904187940157864  0.77967417441834397  0.79043368493018384
  0.80113463640245253  0.81189296901025076  0.82250231636630156  0.83299318225398178
  0.84326248856706143  0.85341660948517861  0.86389524923551608  0.87430568776204198
  0.88480689167458149  0.89520265989400027  0.90574297681132643  0.91622452500746854
  0.92679695189486722  0.93731607589708832  0.94788502436299904  0.95848428994559365
  0.96902038221255637  0.97955649633296094  0.98975127649847228  1.00000000000000000
 -0.01714781130368296  0.09926818232520077  0.13343081731234058  0.15516952170009293
  0.17306070817141439  0.18857767557222310  0.20248236596935484  0.21519278428540756
  0.22700033145913528  0.23804415054701372  0.24849359353598058  0.25838271184315542
  0.26782754506686324  0.27685632773599334  0.28554611076469866  0.29396867419284028
  0.30205948613616723  0.30998212674959336  0.31764269968555969  0.32509965972795063
  0.33242471281858188  0.33950571849945671  0.34646728017346912  0.35331586026214190
  0.36002961875167189  0.36664690783413506  0.37317492824200482  0.37959356511958053
  0.38591863283292072  0.39218466026841858  0.39837911499559403  0.40446372418508841
  0.41052848099300582  0.41654852827241412  0.42248533756876699  0.42838175957575458
  0.43425004648351456  0.44008110599649042  0.44586940465695429  0.45163308964098292
  0.45737335719412486  0.46308648913637002  0.46878050432106982  0.47446251646663007
  0.48012841182134686  0.48577917335882465  0.49142473977012324  0.49706894700217202
  0.50271010130960359  0.50835004909242720  0.51399221889252544  0.51964761069265342
  0.52531607174824224  0.53099666753300301  0.53668531737762104  0.54238863906507728
  0.54812086752831901  0.55388255281283838  0.55966863742099582  0.56550506070176809
  0.57138523926242146  0.57728904936083347  0.58322524212724769  0.58923433620561205
  0.59528760113067036  0.60137612110028538  0.60757137098464920  0.61384078364796213
  0.62016568576712450  0.62657909000348666  0.63310525410043716  0.63972379994588147
  0.64643807764124650  0.65329408220041230  0.66026765560195366  0.66736133779285256
  0.67471167832914714  0.68216751824889144  0.68982354221719655  0.69772435936046107
  0.70581590410952788  0.71423388160501289  0.72293999857829316  0.73197469928644598
  0.74142995658756539  0.75131520559756260  0.76172727735560086  0.77274403812248016
  0.78452789330210193  0.79724035104538216  0.81113779214890891  0.82660332373749656
  0.84445209039318747  0.86599951116828744  0.90007964463972112  1.00000000000000000
   1.7970064555689850E-005  -1.0000000000000000     
 F F F F F F F F
  <DiscreteSampler_grid>
  grouped_processes
  1 # 1 for a reference and 2 for a running grid.
  10 # Attribute 'min_bin_probing_points' of the grid.
  1 # Attribute 'grid_mode' of the grid. 1=='default',2=='initialization'
  0.0000000000000000 # Attribute 'small_contrib_threshold' of the grid.
  0.5000000000000000 # Attribute 'damping_power' of the grid.
 # binID   n_entries weight   weight_sqr   abs_weight
    10   10   1.704200744223402E+010   4.097716776609242E+020   1.704200744223402E+010
    11   10   1.704200744223402E+010   4.097716776609242E+020   1.704200744223402E+010
  </DiscreteSampler_grid>
