  0.00964096740397964  0.01565552259017236  0.02526604164482871  0.03639728951267829
  0.04700775178254486  0.05752162086556400  0.06802156303013969  0.07853271643110818
  0.08918879787366130  0.09974963063992684  0.10995902603657597  0.11986409501115837
  0.12997460838751723  0.14025396311048433  0.15066282021467636  0.16084032722236080
  0.17124176261798557  0.18170287507109847  0.19199660944776697  0.20198109914362142
  0.21188419810739462  0.22199066784476981  0.23235082715576083  0.24300685748831674
  0.25384657304533342  0.26484486248232264  0.27585287291860633  0.28660757031926520
  0.29734821941056311  0.30773733085330224  0.31781972770248207  0.32751450808127464
  0.33757288981812766  0.34817915284168510  0.35886167982244166  0.36948031774825962
  0.37999764665478325  0.39070763520374646  0.40143997264760661  0.41210340488142344
  0.42255031823173933  0.43299117571070667  0.44362240706430017  0.45429801360911948
  0.46460014054256249  0.47480018796590140  0.48504822610083148  0.49542881673026951
  0.50597869005040064  0.51663335652562026  0.52743204622515194  0.53815100805704663
  0.54881477824763591  0.55931168887676042  0.56958433636471739  0.57975581310964741
  0.59000044801216545  0.60034981115347441  0.61063615699962603  0.62081150398096052
  0.63090359839699783  0.64105339858046650  0.65146768058829474  0.66207617407459962
  0.67254588148829519  0.68295496189432936  0.69362293835528432  0.70449481244322765
  0.71519889734541042  0.72559132717608488  0.73620754799632460  0.74695109765461298
  0.75746574818660317  0.76784509705580994  0.77818852291288632  0.78859176893898064
  0.79863449972719824  0.80867886044864634  0.81851481542500226  0.82827469370999507
  0.83800216504855818  0.84785326476532252  0.85781092747659626  0.86780299748488521
  0.87799079515920986  0.88858033352462495  0.89901098855826023  0.90990456276454967
  0.92058667236227554  0.93117048306061845  0.94131854258921088  0.95117765440884849
  0.96113144020464758  0.97109706556422615  0.98091513242248929  1.00000000000000000
  0.00000255185483145  0.00000260220703030  0.00000273814584479  0.00000288807637812
  0.00000303659909889  0.00000318187049406  0.00000333042708722  0.00000348625431429
  0.00000364324338899  0.00000380965211747  0.00000397847205370  0.00000415096962437
  0.00000433349421592  0.00000452697103395  0.00000472564804163  0.00000492169832612
  0.00000513613977483  0.00000536672644867  0.00000560329628551  0.00000584837996124
  0.00000610427735927  0.00000637190801198  0.00000663782548519  0.00000693397708188
  0.00000725983746239  0.00000759388535591  0.00000795204130478  0.00000833118750434
  0.00000871788555943  0.00000910881257075  0.00000952080050455  0.00000996073048202
  0.00001039860716019  0.00001086807511271  0.00001136706837940  0.00001189175552425
  0.00001243011067749  0.00001302883101523  0.00001362856193598  0.00001424797701459
  0.00001490572916515  0.00001559874922607  0.00001632155151244  0.00001708718467093
  0.00001791722547435  0.00001874859099850  0.00001960805846201  0.00002055967546626
  0.00002153836182527  0.00002257962457481  0.00002371566315790  0.00002491094988515
  0.00002614368773374  0.00002748147108583  0.00002889034273895  0.00003036434017539
  0.00003197675422950  0.00003370663057903  0.00003553056248310  0.00003748979754865
  0.00003958628884303  0.00004178694349924  0.00004440418337901  0.00004699006323938
  0.00004995911274912  0.00005311299328657  0.00005662439260987  0.00006054523694887
  0.00006477918170399  0.00006944923844566  0.00007447529252503  0.00008004119084865
  0.00008617123975663  0.00009322665823350  0.00010117597564291  0.00011026668089259
  0.00012060099945777  0.00013254560253061  0.00014609220552657  0.00016168165654324
  0.00017950649015222  0.00020145045256681  0.00022786471777142  0.00025982739409169
  0.00029863148361720  0.00034844653085023  0.00040948592349326  0.00048316391356386
  0.00056325240495870  0.00066439365960070  0.00080778522820535  0.00099945385141114
  0.00126343697310429  0.00172224276602182  0.01179214322392724  1.00000000000000000
 -0.00253463330654435  0.00976761519117724  0.02041842488838251  0.03176376877234537
  0.04282475251216256  0.05310629682957373  0.06310551413105439  0.07327720824283300
  0.08355147803396937  0.09385077386252266  0.10417573455272928  0.11410273446303175
  0.12434390063777763  0.13484034031081601  0.14522455380728461  0.15566140161250175
  0.16555027991422136  0.17617993746743385  0.18667594060556073  0.19707206962855622
  0.20785710251970971  0.21871414086412383  0.22914159606818585  0.23917616746649975
  0.24897133948470720  0.25883099114463148  0.26863563904177834  0.27860793285241514
  0.28890075160801054  0.29929265418248679  0.30975739088358173  0.32040411462367174
  0.33112658393554378  0.34177296257605494  0.35241058267656244  0.36297842998170071
  0.37386252488798982  0.38520897154728972  0.39634417326347188  0.40711593420833558
  0.41778119889405907  0.42861963522296542  0.43938750801509119  0.45008200985384483
  0.46074826639090721  0.47163226997070595  0.48225097248859677  0.49331984001367613
  0.50429098896198499  0.51547581999424741  0.52642001570865216  0.53730668587942731
  0.54810761710052047  0.55889469274782855  0.56954014123415175  0.58012744266198135
  0.59068295420925698  0.60153817721538150  0.61216799468139327  0.62273110127180775
  0.63308569292945815  0.64348940211191830  0.65407311199691776  0.66496317902883939
  0.67560628219074026  0.68597448480674550  0.69613580571959588  0.70665806090851202
  0.71707286239179480  0.72733438224898739  0.73776188908460860  0.74830446300786346
  0.75845253211090091  0.76855839655120839  0.77893604873431088  0.78957073718649284
  0.80006509278917071  0.81084729186973348  0.82160479272447251  0.83267794578522947
  0.84376284028862925  0.85463814123216875  0.86471979858403680  0.87448852219074102
  0.88484911652053078  0.89544209943253728  0.90604490977864427  0.91649132053575544
  0.92709589062018360  0.93784000460015149  0.94857326687294108  0.95897828409221619
  0.96899116029973564  0.97904577146657923  0.98948813516258460  1.00000000000000000
 -0.00247372478597434  0.00984111063314124  0.01991579844352307  0.03000873645728585
  0.04009910063670089  0.05064326870227471  0.06140470432464146  0.07202016986698453
  0.08257209884678850  0.09350993969412363  0.10420839481954930  0.11487496069406147
  0.12535641124215788  0.13613619814767780  0.14693326120904671  0.15784948276146452
  0.16878535152841551  0.17973997550186888  0.19067899973446231  0.20151722001743080
  0.21196843978109089  0.22203510426072787  0.23215340208198795  0.24225777418568117
  0.25227773713291884  0.26219680264924167  0.27246981926063796  0.28301104419092643
  0.29348143756023948  0.30381314443775909  0.31460405861658397  0.32581772470746245
  0.33713300717515027  0.34818844793669557  0.35925586765221856  0.37011202846221486
  0.38064304709747082  0.39088685312802157  0.40122975856257420  0.41161750538109820
  0.42200651099455955  0.43253729898518395  0.44320707494847134  0.45379620809973142
  0.46417637176197402  0.47457282678750506  0.48507492367347527  0.49563400890321979
  0.50604610817478490  0.51636652897526780  0.52656209183003189  0.53672871130645783
  0.54706379919125248  0.55775542117453536  0.56872912961445476  0.57954241572959730
  0.59034981913560058  0.60078844685593946  0.61133568604203359  0.62184742628379297
  0.63242863308811548  0.64311411759728809  0.65380881795609347  0.66454096746631375
  0.67525957926252878  0.68598953846148192  0.69682358892343932  0.70765888765556284
  0.71825760226506041  0.72884049498783798  0.73927073580108471  0.74976751579212553
  0.76031011593622266  0.77068719984217138  0.78096912858243228  0.79116330830114878
  0.80142416906840797  0.81176855332873588  0.82201583610032214  0.83208837595033047
  0.84229242296820839  0.85254137214861947  0.86314154792610898  0.87359070607906342
  0.88395941274775836  0.89443543972248241  0.90512549316276170  0.91588310317318689
  0.92628287415176402  0.93633739854843279  0.94660244177719255  0.95679977799854388
  0.96746451420770219  0.97792454170680043  0.98893180042896922  1.00000000000000000
 -0.00226857776445312  0.00934387227486917  0.01912044040630378  0.02920054842187360
  0.03934160417211096  0.04992839783996718  0.06087089586629284  0.07154283556216526
  0.08203584107538159  0.09244453887118002  0.10295660734359723  0.11334681288260369
  0.12357933255335224  0.13408803663552166  0.14449234330656574  0.15508230245854224
  0.16582305176522413  0.17699216450382754  0.18809121088123720  0.19869721144556068
  0.20907417002200807  0.21934128340566092  0.22964089935277512  0.23995266295347167
  0.25025887200232283  0.26062568985332119  0.27092543323988549  0.28123542194849893
  0.29155542101757254  0.30180039530913544  0.31216488952571986  0.32250363992849695
  0.33275244906350776  0.34278198245553004  0.35284297730073955  0.36297969519780254
  0.37337752494839210  0.38385671472753047  0.39468148385495461  0.40564294809037932
  0.41667831291918067  0.42740694597201234  0.43810569315350634  0.44890519456387801
  0.45986328232321583  0.47041374341034264  0.48095114488353286  0.49127639666432837
  0.50175006941777522  0.51223893368750018  0.52260472223440446  0.53311327605130876
  0.54372181055733637  0.55470763295460368  0.56560359132170146  0.57623599436325779
  0.58705475346582325  0.59791112027076476  0.60856328104001278  0.61903653242964007
  0.62984140212437512  0.64059796234790567  0.65149319993961752  0.66240255149794447
  0.67351435943745719  0.68431139783285100  0.69485488150169550  0.70530917052672637
  0.71523326429674505  0.72508664905164966  0.73527969087318412  0.74562392627660745
  0.75600460260113722  0.76604033048846742  0.77656437229659414  0.78743485243193712
  0.79801101739218827  0.80841481613502575  0.81907751723712419  0.82972912005386279
  0.84032555039294610  0.85064772001272804  0.86112360719995518  0.87173821775376958
  0.88264500005544066  0.89374670877967310  0.90438458315921300  0.91488080831465513
  0.92584084902735919  0.93717457427976048  0.94779864615055809  0.95846060478990358
  0.96907254759614536  0.97978417329635314  0.98986068126032267  1.00000000000000000
  0.03696772018042730  0.04737652814427934  0.05481488660744951  0.06223412436437078
  0.07011614473224939  0.07842172053660880  0.08664102679645685  0.09444016605786068
  0.10212533536850681  0.10975454049114708  0.11742391585368263  0.12506092545613329
  0.13268066129459677  0.14055417970661299  0.14908657060110220  0.15820332305415508
  0.16726294603067929  0.17615274099101563  0.18495114103383259  0.19358269713470413
  0.20213710106328633  0.21060225142754369  0.21916708660352052  0.22787254218705302
  0.23668440967964008  0.24556287874550248  0.25457691087381035  0.26362303618796734
  0.27280835206682041  0.28219596841463679  0.29180159394678529  0.30164010186387119
  0.31168044661516892  0.32170026602765295  0.33160456754060769  0.34131712898209338
  0.35104326680195613  0.36069762143530432  0.37037450274435618  0.37994843285087621
  0.38941343646013221  0.39887301827396998  0.40841035590397012  0.41800792354606753
  0.42780064435472892  0.43777566380911276  0.44796164496220919  0.45832616161386314
  0.46848989902301225  0.47839455167791101  0.48811658548684894  0.49782914742659973
  0.50791800498127759  0.51836003203309489  0.52894076027673131  0.53958377262690949
  0.55015140690882036  0.56057933953104744  0.57064522484246516  0.58062549665073693
  0.59081767549790487  0.60102211548879203  0.61104408188659409  0.62096894377652045
  0.63120044108506634  0.64152383649045874  0.65189784377013926  0.66224005838122790
  0.67279711395931896  0.68349577738935963  0.69422421670952894  0.70478552121677052
  0.71525789156571196  0.72568216823768550  0.73622137623353778  0.74670550512864120
  0.75700610930394996  0.76717918986513300  0.77720225787992003  0.78727369055535701
  0.79728992496025686  0.80745870538594722  0.81790926350098669  0.82837511068928016
  0.83901481255604005  0.84970461144592913  0.86072165337526352  0.87174845460837380
  0.88322566596571339  0.89523021384334411  0.90807687650159796  0.92178304805586975
  0.93648319058290352  0.95244090692569350  0.97266737282983762  1.00000000000000000
 -0.00795246006474177  0.04413869517720138  0.06414100635290543  0.07743218264905742
  0.08809085486295397  0.09721749152822703  0.10528186447084743  0.11249512314369331
  0.11926403040323855  0.12574232915386210  0.13193576227946011  0.13790098741772977
  0.14366371749015971  0.14918907926865607  0.15452384083253573  0.15976108730831184
  0.16500754814791019  0.17019837490388748  0.17528007095895967  0.18033825230971434
  0.18535006413577146  0.19030442428464739  0.19523537373913308  0.20016890498069945
  0.20508007495526706  0.21001971934786193  0.21490310014370789  0.21981359856478114
  0.22471586826491952  0.22955667922369133  0.23439475300642204  0.23924206581636517
  0.24409768106406857  0.24898675170139659  0.25389917026270375  0.25882587346268693
  0.26380414438425820  0.26880530092546967  0.27383173542151196  0.27888569156670845
  0.28398853451397965  0.28914697554831903  0.29438097664392365  0.29971126709965235
  0.30512125151988179  0.31061332608983366  0.31622529185878401  0.32185962283246294
  0.32748914454950601  0.33320386910323890  0.33910758696669141  0.34515702860474295
  0.35123947337867661  0.35742226373825053  0.36366974478798358  0.36996680805935894
  0.37636819999090099  0.38292994618454668  0.38964666462704611  0.39652436959431187
  0.40358709261746223  0.41081461688122428  0.41820951346731150  0.42579019390274420
  0.43345071155545950  0.44114651468222188  0.44896449342975703  0.45694014185420501
  0.46518109721085477  0.47360688855025168  0.48223510017758037  0.49109274795101954
  0.50020410624604339  0.50953734729384637  0.51906043744194574  0.52887193321750703
  0.53906833311424884  0.54961176235369102  0.56044571710487645  0.57163746612903843
  0.58325554304162708  0.59524962504524703  0.60778961187561087  0.62091545609598364
  0.63459737269357808  0.64901941814083852  0.66433771159530675  0.68038788054968902
  0.69759644264048060  0.71666988747254246  0.73770513676843841  0.76129690864164501
  0.78838927020820793  0.82127305348118984  0.86939417918656059  1.00000000000000000
   3.2910393550460068E-010  -1.0000000000000000     
 F F F F F F F F F F F F F F F F
  <DiscreteSampler_grid>
  grouped_processes
  1 # 1 for a reference and 2 for a running grid.
  10 # Attribute 'min_bin_probing_points' of the grid.
  1 # Attribute 'grid_mode' of the grid. 1=='default',2=='initialization'
  0.0000000000000000 # Attribute 'small_contrib_threshold' of the grid.
  0.5000000000000000 # Attribute 'damping_power' of the grid.
 # binID   n_entries weight   weight_sqr   abs_weight
    13   10   1.764057602393876E+001   6.920287199025126E+002   1.764057602393876E+001
    14   10   1.764057602393876E+001   6.920287199025126E+002   1.764057602393876E+001
    16   10   1.764057602393876E+001   6.920287199025126E+002   1.764057602393876E+001
    17   10   1.764057602393876E+001   6.920287199025126E+002   1.764057602393876E+001
  </DiscreteSampler_grid>
