 -0.00238991956357914  0.00951199980854981  0.01967259501236323  0.03019289903238583
  0.04074487676362194  0.05128898415017532  0.06182895195140185  0.07236990862927804
  0.08291627202659717  0.09346736028322233  0.10401881275935455  0.11456445562421601
  0.12511050180965624  0.13564589756106676  0.14618523820655760  0.15671975903080287
  0.16725581669474754  0.17779290382659005  0.18833034195180512  0.19886942941571364
  0.20940424493870549  0.21994291006287903  0.23048848347031656  0.24103378052002916
  0.25157358631397303  0.26210381887099821  0.27263488957577131  0.28317102527620669
  0.29371053807355663  0.30425314402059161  0.31479682021467420  0.32533977561421479
  0.33588314283478954  0.34642109856676695  0.35696556164029919  0.36750994661729330
  0.37805962704918145  0.38860920136433813  0.39915052097482923  0.40969023283540651
  0.42022948874893862  0.43077316728409926  0.44131765622742131  0.45186351878124698
  0.46241358454017151  0.47296006696048143  0.48349148673897485  0.49400963623994881
  0.50452338190482127  0.51505128578903703  0.52559209164469389  0.53614140546072375
  0.54669085935574246  0.55723095751214180  0.56776543240352939  0.57830012124376950
  0.58884501568059089  0.59939536920930292  0.60993869979682724  0.62047783277553858
  0.63101675142778790  0.64155621398908513  0.65209900233190532  0.66264149779909731
  0.67319158061099571  0.68374252230832100  0.69429042557430987  0.70483778641367900
  0.71537944137610876  0.72591854989077365  0.73645694841056375  0.74700040542398805
  0.75754908588190106  0.76809852705991299  0.77864006908674355  0.78918207547180375
  0.79972324358871572  0.81027383942548259  0.82081184448326605  0.83135002816584369
  0.84188753594278276  0.85242984448970793  0.86296879626311784  0.87350267016085947
  0.88404412045525982  0.89458872637301690  0.90513786487433490  0.91568694475176760
  0.92623638653103935  0.93678540737504390  0.94733457653717001  0.95787228193732910
  0.96840145787463205  0.97892528949108526  0.98945963707108198  1.00000000000000000
 -0.00237617353389258  0.00981899011052904  0.02005332782611752  0.03056735636418575
  0.04109526618969035  0.05164531480364842  0.06219446575562156  0.07274434729961743
  0.08329576196790994  0.09383356974408742  0.10436819855384978  0.11488325540695878
  0.12541179212810302  0.13594290417692884  0.14648644302634078  0.15702985721981422
  0.16757349937209343  0.17811840105816970  0.18865927197569737  0.19919948204510945
  0.20974389743325264  0.22028755029298458  0.23083174886935154  0.24137667668966026
  0.25192734985863835  0.26247743878570162  0.27302715107989695  0.28357598156477898
  0.29412505221272606  0.30467383839747753  0.31522259509472939  0.32577107142891587
  0.33631344131154345  0.34685570213443295  0.35739807749861996  0.36795078077330279
  0.37847519349863057  0.38897740292419286  0.39947733643412026  0.41000545324534415
  0.42054897749934761  0.43109356891590161  0.44160700776495926  0.45212902700285651
  0.46264425995585418  0.47319024836108364  0.48373506355325147  0.49427467855584911
  0.50481410299962015  0.51535329467845536  0.52589756994919434  0.53644197247188574
  0.54698996111543186  0.55751895098757198  0.56805102258244133  0.57858028723632715
  0.58913331685295245  0.59968359940564042  0.61023322259909618  0.62078286728984622
  0.63133089422792898  0.64186481703447662  0.65239278156503455  0.66292405497972773
  0.67343980921867375  0.68396240247706896  0.69448325025768176  0.70503564603239355
  0.71556994843527644  0.72609364827924838  0.73661580745592092  0.74715443505898294
  0.75770409503403513  0.76825407779350618  0.77879593233450051  0.78933938633745548
  0.79986784711579861  0.81039295589992588  0.82091698352169618  0.83145633743079006
  0.84200740580014466  0.85255910177605476  0.86309224891721414  0.87362655013772739
  0.88415585389136764  0.89468510076527541  0.90521466776515414  0.91574785578961315
  0.92629851396418439  0.93684769349993979  0.94739599693464471  0.95795559649837225
  0.96846590545720090  0.97899206600517541  0.98949309851946066  1.00000000000000000
   5.7282151896727063E-009  -1.0000000000000000     
 T F
  <DiscreteSampler_grid>
  grouped_processes
  1 # 1 for a reference and 2 for a running grid.
  10 # Attribute 'min_bin_probing_points' of the grid.
  1 # Attribute 'grid_mode' of the grid. 1=='default',2=='initialization'
  0.0000000000000000 # Attribute 'small_contrib_threshold' of the grid.
  0.5000000000000000 # Attribute 'damping_power' of the grid.
 # binID   n_entries weight   weight_sqr   abs_weight
    10   10   1.946898240000001E+006   3.790412756915101E+012   1.946898240000001E+006
  </DiscreteSampler_grid>
