  0.00955947846866576  0.01550965465678701  0.02463711285703786  0.03593668794669362
  0.04658621230766483  0.05678140755916643  0.06746891389506356  0.07823767848288138
  0.08923297255075546  0.09954128241399639  0.10987481900665315  0.11996219184601448
  0.12995516351605593  0.14026631249084445  0.15091197467242501  0.16170641962894250
  0.17193814659201534  0.18202476145076688  0.19219044842382013  0.20270518603723583
  0.21297873454486277  0.22311374598217684  0.23412535300192383  0.24570878861984366
  0.25685239763188672  0.26724392973433658  0.27765079362303535  0.28832220592107843
  0.29947721941574995  0.31104865475382948  0.32253729656784075  0.33380053134736759
  0.34498558530563389  0.35585077503124707  0.36610254885802990  0.37640765118949043
  0.38699230416765856  0.39745425425102660  0.40766736715728263  0.41808241524142686
  0.42829174859707353  0.43919895511741658  0.45039979707286287  0.46180128941021276
  0.47276565056167974  0.48306045929536695  0.49369756335352361  0.50401006773658741
  0.51523300747581646  0.52653592284709205  0.53784464270725507  0.54845550971055734
  0.55873708528195609  0.56940180072013358  0.58016560302142450  0.59073998837969599
  0.60111434988690038  0.61163894874665714  0.62236084438339467  0.63274119159422493
  0.64333516768521792  0.65452585246115602  0.66594274989387481  0.67686114613717530
  0.68754612147064809  0.69861190874479417  0.70965533731943142  0.72013448187890250
  0.73018849825133259  0.74049215621490938  0.75088850154825071  0.76162524981955471
  0.77251559920438828  0.78393083188367840  0.79493820818832950  0.80503854458497526
  0.81472629550637865  0.82462626021214136  0.83439022734106150  0.84372796618933454
  0.85271222511082589  0.86215918937799452  0.87280060613627086  0.88365515355254332
  0.89453401680013289  0.90568817852365469  0.91715143893341622  0.92797828756850298
  0.93805693520207933  0.94695900108450626  0.95578981560916920  0.96473711551597230
  0.97370591458537903  0.98302434523791804  0.99087487660469076  1.00000000000000000
  0.00084698106611239  0.02161016964893540  0.03884091989021891  0.05239232067282115
  0.06461287422318128  0.07619881552626599  0.08663433052892658  0.09663622799186747
  0.10659191269600048  0.11725620373641936  0.12762364624737255  0.13762398261250866
  0.14764777995118064  0.15833154748901296  0.16986939420399111  0.18140354794121819
  0.19247061937388474  0.20267479380584405  0.21249005829786818  0.22178933356205285
  0.23151535394776354  0.24156950649953360  0.25138979728710747  0.26147564144130769
  0.27136245909037560  0.28249052569253102  0.29373032999812609  0.30500639603954832
  0.31588114218721758  0.32669666298945987  0.33721102716936913  0.34767229866013083
  0.35785816374273433  0.36777397840277948  0.37755876902724039  0.38735157868652770
  0.39725353653449541  0.40734813410996834  0.41749947942485183  0.42782085054164765
  0.43850490019584903  0.44934502601819243  0.46002791990773989  0.47038030105619866
  0.48089011374070934  0.49193616221563718  0.50328112472764297  0.51464337469360599
  0.52539844821048665  0.53537168142355551  0.54499555760638974  0.55456911088126093
  0.56418675524260620  0.57369591913683982  0.58352638025991133  0.59395060604900851
  0.60447988135935515  0.61442838021917112  0.62447247384997728  0.63535280503906510
  0.64655865420908498  0.65722149438765154  0.66754874908956241  0.67815109462325474
  0.68889849644515400  0.69940250011493088  0.70965679075103383  0.72017791383686813
  0.73060860818125828  0.74082505972695989  0.75052705023369315  0.76024403369717986
  0.77012498463409462  0.78025306714256537  0.78968484213819756  0.79870200273784597
  0.80768538273669310  0.81681397855037019  0.82613768291061973  0.83502209917176484
  0.84398453065368528  0.85294861893023377  0.86275845942718676  0.87227798206377538
  0.88233797202742226  0.89275172334542785  0.90338872474644427  0.91427164358307034
  0.92466487958017951  0.93514886304061784  0.94562539483867458  0.95585143634790026
  0.96616661488929811  0.97690932613726678  0.98813146384481521  1.00000000000000000
  0.00000160040086874  0.00000636676096471  0.00001025817802729  0.00001382389356627
  0.00001728394954711  0.00002089879520120  0.00002516714564978  0.00003028525505911
  0.00003643553044718  0.00004340234376064  0.00005151463307308  0.00006101619956055
  0.00007174212092821  0.00008292191033369  0.00009413235543414  0.00010542141269316
  0.00011663553992080  0.00012789902342688  0.00013946971731149  0.00015167992222793
  0.00016411357711578  0.00017711238479906  0.00019091038745467  0.00020543845109792
  0.00022072771753194  0.00023654079242422  0.00025233875302287  0.00026829321495827
  0.00028463228138338  0.00030265394768610  0.00032105283075505  0.00034143431704919
  0.00036193283370310  0.00038375019301426  0.00040624929659888  0.00042897227350522
  0.00045161824755083  0.00047547624002610  0.00050084055058836  0.00052732095177678
  0.00055375586364049  0.00058206817458095  0.00061116141864748  0.00064198813674334
  0.00067198809252772  0.00070293305015813  0.00073459589151197  0.00076758678095808
  0.00080239569965469  0.00084053956547348  0.00087717528066822  0.00091726655918747
  0.00096040441857413  0.00100582362367689  0.00105436007811704  0.00110489890399386
  0.00115790224594760  0.00121588655880199  0.00127451031455708  0.00133131149343178
  0.00138973293527756  0.00145831559520065  0.00153661626528811  0.00160370642872365
  0.00167395695410126  0.00175535012511095  0.00183831081448113  0.00192602306480777
  0.00201511733923591  0.00209767082582239  0.00218523338433837  0.00227108279576521
  0.00235823365745700  0.00245424517750639  0.00257036010587157  0.00269854106269299
  0.00282844765306964  0.00297604195685060  0.00318127902960609  0.00341571460045728
  0.00370048005504154  0.00421725374407849  0.00447467676077420  0.00471221745823661
  0.00492870916272625  0.00513784438517217  0.00537729070576818  0.00570584233670099
  0.00614566132962628  0.00638286738748106  0.00673240388926893  0.00804647181378551
  0.01895052774926472  0.04065211435686737  0.81688603615268540  1.00000000000000000
 -0.00177003305446005  0.00925806324428107  0.01873306095496191  0.02877257577187109
  0.03835353144760555  0.04799926458927573  0.05771726120689419  0.06806634667666331
  0.07863251307919732  0.08898224743702662  0.09864311072560757  0.10792650614043604
  0.11737904530131449  0.12721269719783265  0.13758521981047581  0.14812321997299871
  0.15867313834040608  0.16926901823452808  0.17967430732039522  0.19033529034179875
  0.20129234052052927  0.21222594278426710  0.22285054181486127  0.23321467441511190
  0.24363366128269767  0.25416055119695469  0.26507162054206201  0.27614960302759223
  0.28790719980697843  0.29892778675554643  0.31079793697913755  0.32212021465443791
  0.33380461299630376  0.34449649390622833  0.35520000598994711  0.36597861684569810
  0.37560797028439985  0.38524452878159082  0.39518911294018344  0.40642664526644884
  0.41769154241435141  0.42830240689702170  0.43859930194702157  0.44884514965313022
  0.45918776541972861  0.46954833775765537  0.47984087315322338  0.48997584531095323
  0.49987067083114517  0.51007706631351113  0.52064079823103748  0.53107283841368635
  0.54099766319732312  0.55088439609608331  0.56088413495877942  0.57084738176622274
  0.58077499441513813  0.59104753110165820  0.60162429252657090  0.61239017019262565
  0.62328627454753460  0.63442479255765039  0.64597234893841515  0.65801351172297307
  0.67014392498931363  0.68180271299670714  0.69262510868765936  0.70277655031133501
  0.71291996292474846  0.72286717615199703  0.73309044154144976  0.74348601774504586
  0.75414555678361850  0.76494309352679024  0.77570721072149562  0.78636081987487005
  0.79693147212749205  0.80768229274920733  0.81880021828202099  0.82987699416632155
  0.84083531368850595  0.85168415808865783  0.86242211259354851  0.87316360861924103
  0.88389235120692267  0.89456947405457443  0.90498618948413556  0.91539191543097165
  0.92590996740562626  0.93687315210822752  0.94735805201893586  0.95786633392652365
  0.96860446435570224  0.97935385493329474  0.98990847384620950  1.00000000000000000
 -0.00254405014604919  0.00953026850602712  0.01989454944540691  0.03091383694224688
  0.04231112613438556  0.05391420653029996  0.06437401214460720  0.07435684165688004
  0.08446638775726500  0.09508086666014309  0.10556402785168609  0.11641155025229778
  0.12739134176607844  0.13846105628192279  0.14884304777941987  0.15971313190930456
  0.17000180611890503  0.18027921424527374  0.18967692260705832  0.19952385169041464
  0.20994723172497654  0.22089023943722194  0.23136472474993466  0.24131460037470598
  0.25118586099810442  0.26130565568880476  0.27099784239609570  0.28056382977644179
  0.29020230630056870  0.30020733811870726  0.31051998370688350  0.32115803331963722
  0.33235580510211532  0.34384427428729331  0.35522605761901466  0.36653438568421959
  0.37760422429539364  0.38864903530797423  0.39941646154613408  0.41007320004467490
  0.42119545394169522  0.43266010467271054  0.44398308687659249  0.45504846052008502
  0.46578192154773251  0.47650563484637670  0.48709123503942831  0.49763716555242066
  0.50801483412854986  0.51797589188641757  0.52803283819699576  0.53777474789734270
  0.54792497277095620  0.55857926400015845  0.56926568673415046  0.58025585167300608
  0.59082908974185600  0.60131824697363068  0.61105576336496015  0.62067178744124096
  0.63021585737661645  0.64013505999704379  0.65007837191172135  0.65995377604468763
  0.67055743827927339  0.68198296907143585  0.69350173362557410  0.70456258679919337
  0.71568089391714307  0.72710682826344453  0.73877153685573071  0.74975607471134875
  0.76007949894861981  0.77056740870739793  0.78155167942147852  0.79277702515863591
  0.80383351648138868  0.81458330211576302  0.82521424500276364  0.83523983740638164
  0.84524733171736055  0.85487940477128521  0.86480097241858234  0.87405177068253725
  0.88373100962927720  0.89329786192240490  0.90344425054531519  0.91392517963986275
  0.92499088111763261  0.93594250882250918  0.94643299412442361  0.95732682564120530
  0.96829180718336649  0.97958260448370382  0.98971256908107930  1.00000000000000000
 -0.00211758877253874  0.00825480211551712  0.01805413907596080  0.02852555596372681
  0.03958908818294238  0.05131419668975160  0.06277810143457330  0.07411477596064722
  0.08521206312177784  0.09641958310444271  0.10698987465536307  0.11697154282996118
  0.12738036328948360  0.13846907885803772  0.14905775284033332  0.15877342014131093
  0.16852404403704252  0.17878280985126943  0.18966170380163216  0.20040771155254908
  0.21158830228289102  0.22298118206559156  0.23479062447873694  0.24644971694087597
  0.25738492008711922  0.26777664642598392  0.27831587734652879  0.28891626165170609
  0.29932311635395831  0.31002943160749824  0.32070068936715312  0.33149426792145459
  0.34241970222883228  0.35326410131765490  0.36426713099832386  0.37516535463636980
  0.38646480030541458  0.39783036989551901  0.40868255346349641  0.41896999835259002
  0.42867220886516799  0.43835263026134319  0.44814477508513711  0.45828513927149017
  0.46847752178919616  0.47876025318597137  0.48927079926211497  0.50000450583360267
  0.51062256901415704  0.52079618262876748  0.53092806539939041  0.54099198604543830
  0.55140244500966162  0.56218527470830526  0.57340636761553443  0.58459650276463038
  0.59523596912876553  0.60584680731591456  0.61618227760251820  0.62609893496493019
  0.63554404616942706  0.64509547662921241  0.65521428777641411  0.66524708905875773
  0.67515266186296774  0.68491929046983369  0.69510623268499527  0.70599153440819840
  0.71741674405840139  0.72931099140802813  0.74114507522887274  0.75235165999986608
  0.76323609600221953  0.77391514560564389  0.78469803720807751  0.79588916058727932
  0.80691754477222866  0.81794234323052284  0.82898571462843895  0.83999017782133345
  0.85051950547555555  0.86064918143280178  0.87025474553046556  0.87998462441594538
  0.88983808675537945  0.89946084557331996  0.90884962920023160  0.91857746141583752
  0.92857292068856478  0.93838435976487289  0.94791270328528410  0.95806025348529211
  0.96922850380754189  0.98029122957878001  0.99063921308844483  1.00000000000000000
 -0.00219271495701303  0.00903356974932528  0.01872033593189937  0.02871325967928688
  0.03871475443456372  0.04880498678004869  0.05906004036026526  0.06842645237971395
  0.07783074367396522  0.08700694180069343  0.09705246372597962  0.10697976269740327
  0.11743783618759959  0.12810232366660754  0.13907292856263029  0.14974697592066219
  0.16084305968284329  0.17160030362486325  0.18239713893622583  0.19342944404496917
  0.20440959450677243  0.21555660652607850  0.22662733948081060  0.23758968986500356
  0.24865161943232958  0.25892586645503451  0.26958945102752763  0.28028107756199638
  0.29039680397923434  0.30143079440285825  0.31191581475509661  0.32333207054454810
  0.33389067041870307  0.34552390171227337  0.35676816456043936  0.36855354965541254
  0.37939481435267430  0.39045913041265701  0.40117116210224552  0.41208971899025354
  0.42234803577323632  0.43206195000747777  0.44203907014906180  0.45231071945949952
  0.46348665235381459  0.47487109796441035  0.48653808684994626  0.49806951359872909
  0.50892784627120824  0.51944250899258382  0.52984137730697090  0.54082571963336823
  0.55220144645059910  0.56308961440761340  0.57363678592644607  0.58415217753224158
  0.59521492472983195  0.60666033480043191  0.61814715800467024  0.62907764467096650
  0.63905621277749669  0.64921716284994557  0.65949124905592271  0.67000871276262786
  0.68039586402688490  0.69111995413950766  0.70145280811780175  0.71152554371208110
  0.72189022719517260  0.73270343544790806  0.74402323265444958  0.75583351893309525
  0.76762137333704661  0.77844479208536410  0.78889812407936288  0.79958312832390332
  0.81018435497452657  0.81987316001908273  0.82958632042529501  0.83937431712583199
  0.84932519240980875  0.85910635598035634  0.86869438543294442  0.87839034250234715
  0.88820104426178892  0.89810025178132979  0.90854897018835223  0.91906391616228733
  0.92920537523594060  0.93919028596574095  0.94923614552280799  0.95922990974255617
  0.96934949762740319  0.97920920378372023  0.98979067351994587  1.00000000000000000
 -0.00236819502217858  0.01022278362668844  0.02062616938829879  0.03156560672043061
  0.04239264931218602  0.05309782623404224  0.06331048312247597  0.07340640397435237
  0.08351259039542797  0.09396166444113591  0.10448301173002360  0.11533067372573601
  0.12613634416088310  0.13642648976980046  0.14669813256252656  0.15720705121356668
  0.16804488234322687  0.17855769579496666  0.18887313952671325  0.19945540099212952
  0.21019182994051527  0.22082781103409480  0.23110307843999117  0.24111277437636966
  0.25126950341455878  0.26126848195811581  0.27154815278974886  0.28245920682743425
  0.29368283346228585  0.30532787650444504  0.31634102369397182  0.32788512962034883
  0.33827494369341349  0.34874155512462357  0.35959598062269621  0.37105106210394989
  0.38201949077875902  0.39249755803910752  0.40359188546779295  0.41515893507948975
  0.42690084857510968  0.43815821472889205  0.44918651792131609  0.45986513479983837
  0.47052027941298041  0.48063029052098405  0.49092104465145298  0.50125857267970453
  0.51216425319897574  0.52323366847295494  0.53465323354778138  0.54633520908648625
  0.55692046687239183  0.56716548328519212  0.57681688507467865  0.58726114558935638
  0.59722581836275213  0.60704949484300819  0.61709056206609603  0.62740900918597553
  0.63784473378166828  0.64769991712426145  0.65742932913552088  0.66752457882939564
  0.67853870839919439  0.68999534961059517  0.70144220086883780  0.71255472740580206
  0.72349151465590644  0.73447883043468565  0.74538228080489377  0.75570915196303612
  0.76571008633239102  0.77573359639270623  0.78595962955232168  0.79601495710682335
  0.80546453371575510  0.81476307987422159  0.82402181915439121  0.83321347359983011
  0.84254713917200807  0.85241468626721006  0.86198674292285637  0.87152513239097895
  0.88118935817503818  0.89210119093226825  0.90390611531503484  0.91597102101851735
  0.92674983355631169  0.93752390689165843  0.94805746752696451  0.95847676058936859
  0.96879013103723177  0.97889966569771891  0.98962495312208487  1.00000000000000000
 -0.01182252184579424  0.21079678732383858  0.29942389226989458  0.33197996585876061
  0.35195920315843882  0.36777722196369783  0.38143175579903943  0.39390507623598336
  0.40554530109702203  0.41740357154523267  0.42861219383480376  0.43942367968903345
  0.44950895490167997  0.45912600575640033  0.46833899837553628  0.47710221273086584
  0.48564338254219985  0.49407062495795967  0.50250935170031852  0.51077014939039977
  0.51882063226053177  0.52666460536920134  0.53418467303900208  0.54144905398185061
  0.54888912971304060  0.55619390457531170  0.56369917834186423  0.57107668607580042
  0.57833954697657874  0.58558186006864221  0.59286439845766925  0.60018008953313162
  0.60718398560421916  0.61383143736359702  0.62030301280159672  0.62661734106630118
  0.63292202848339318  0.63927388676077068  0.64563004622578468  0.65198413736731398
  0.65819612517061399  0.66449319913736893  0.67091437584286362  0.67722953554279597
  0.68356932324985697  0.68969002558150683  0.69588900453683145  0.70189240749859949
  0.70792195312004347  0.71368774272404123  0.71939147882587173  0.72503813718639831
  0.73080170215578255  0.73667009423651786  0.74251476663694782  0.74820204262663781
  0.75372330454290093  0.75919137617244126  0.76470391041046271  0.77024593255530904
  0.77564801870982514  0.78101717749148303  0.78658387274138586  0.79207083153042246
  0.79770626961828994  0.80326935170450975  0.80898619650809545  0.81456087371879848
  0.81994445157907025  0.82535647027330639  0.83090627259989214  0.83670860729262797
  0.84273126638888995  0.84850313899015506  0.85442037476920885  0.86023268303077660
  0.86597815380555587  0.87151960883174617  0.87733313905570587  0.88331524144018814
  0.88929804489301267  0.89516395494695167  0.90089219820973410  0.90653391642094971
  0.91216861427942464  0.91813167499591908  0.92433942804160751  0.93053269244246950
  0.93652180316324118  0.94257629898007989  0.94893002777018631  0.95604046548205268
  0.96416109668376071  0.97308250944457564  0.98416500898137838  1.00000000000000000
 -0.01831320085222592  0.11163122008546925  0.14407857552607212  0.16535460324933221
  0.18346090771215562  0.19865150617089380  0.21213190668776774  0.22431634722355187
  0.23502406213097399  0.24484950123890548  0.25437991579552921  0.26340084204567604
  0.27202419692922297  0.27998208147099873  0.28792840479794557  0.29555075053146518
  0.30262366234872079  0.30938161454584689  0.31616061467471462  0.32302446430753340
  0.33003072516998999  0.33702489167099448  0.34410673757489341  0.35090353714306716
  0.35764206530786086  0.36416382124980706  0.37065559901599188  0.37722123227610305
  0.38389740492998875  0.39063845088932531  0.39718592279287207  0.40341699147160226
  0.40944001051392803  0.41535847495876310  0.42127372211323705  0.42749372573647110
  0.43368142749553246  0.43970713170405962  0.44557269221502199  0.45126643977431741
  0.45681070987983069  0.46212729132214858  0.46742776748481607  0.47285200400788763
  0.47838201229684435  0.48405851743709072  0.48987170836261629  0.49574185726445197
  0.50169513858405201  0.50783561076727113  0.51377378100742588  0.51953862767980707
  0.52530313500843673  0.53108322653492790  0.53699880059612237  0.54296751638496310
  0.54888057425171499  0.55491561688890412  0.56092974906876081  0.56701173020719975
  0.57307340292278774  0.57904403315976316  0.58494901490334805  0.59080414774578638
  0.59687125221957993  0.60314840501689226  0.60953612992482364  0.61607146815673608
  0.62260308580093970  0.62903420888184147  0.63536177310274822  0.64154863327277434
  0.64774459045142330  0.65405559262749358  0.66053532206213705  0.66736170195016131
  0.67437747958503202  0.68137845195826863  0.68863794191812788  0.69630789629438306
  0.70423540224855274  0.71220967887128472  0.72019385123959834  0.72878690416042591
  0.73779570059448674  0.74719051908828871  0.75662363868026017  0.76648483083670949
  0.77746942241851313  0.78976428353592742  0.80329858117290409  0.81787250729120275
  0.83435744396109512  0.85516428288637591  0.88981152103077232  1.00000000000000000
   4.0905030836982428E-010  -1.0000000000000000     
 F F F F F F F F F F F F F F F F F F F F F F F F F F F F F F F F
  <DiscreteSampler_grid>
  grouped_processes
  1 # 1 for a reference and 2 for a running grid.
  10 # Attribute 'min_bin_probing_points' of the grid.
  1 # Attribute 'grid_mode' of the grid. 1=='default',2=='initialization'
  0.0000000000000000 # Attribute 'small_contrib_threshold' of the grid.
  0.5000000000000000 # Attribute 'damping_power' of the grid.
 # binID   n_entries weight   weight_sqr   abs_weight
    10   10   4.527047469569049E+003   1.239799180170813E+008   4.527047469569049E+003
    11   10   4.527047469569079E+003   1.239799180170833E+008   4.527047469569079E+003
  </DiscreteSampler_grid>
