 -0.00247242454083845  0.00957290202899387  0.01967372092519715  0.03025563206193985
  0.04091715712704194  0.05159158107361479  0.06217543797422773  0.07298430225157330
  0.08383431027745186  0.09476768351226787  0.10554669225842427  0.11637730162245762
  0.12691105440894176  0.13730142799281483  0.14772315112200632  0.15825637241754659
  0.16880980388121564  0.17945575454472412  0.19016749495713009  0.20097606140926716
  0.21165798480418227  0.22222625434828233  0.23264176553904520  0.24297133305658455
  0.25333080342253411  0.26376187010847785  0.27440008240256197  0.28498109983939318
  0.29557936060257689  0.30609270771489583  0.31663877061137508  0.32721799061485651
  0.33768169892883909  0.34798972319362614  0.35823572851435642  0.36848811796450859
  0.37877272927120198  0.38902905549063788  0.39936914948789054  0.40982866421849179
  0.42029752643816765  0.43090255042873471  0.44169516848915075  0.45255031120860140
  0.46333073437208294  0.47382560730409068  0.48424500914649132  0.49460099550490938
  0.50501908753438873  0.51541155619948698  0.52584830781982916  0.53633260730480148
  0.54681899267891398  0.55727989084170126  0.56776744732256690  0.57836419409434647
  0.58911449150163897  0.59988954876637779  0.61054376940340560  0.62108728861611584
  0.63158338328651753  0.64209749746566380  0.65259283704066118  0.66313290883354836
  0.67370535151041866  0.68436370665401591  0.69497703583053705  0.70558854090322254
  0.71618331470594854  0.72682985876924699  0.73742611614695486  0.74794352558050647
  0.75849863655308869  0.76907728531035657  0.77950133107067987  0.78996847852658048
  0.80047123644736096  0.81095908924759486  0.82152948793344505  0.83207840737002903
  0.84260172003581080  0.85307275611566602  0.86359035450304134  0.87419920424425535
  0.88458951817765419  0.89516066178047071  0.90592233117152876  0.91662517937161536
  0.92716756897210684  0.93777159358240680  0.94821459111161444  0.95857969835314627
  0.96877328237565286  0.97920041266704239  0.98955872912297549  1.00000000000000000
 -0.00245307402077912  0.00921680426147953  0.01919765291175743  0.02968194211938817
  0.04015401179816743  0.05057733511288992  0.06093265534726503  0.07133178570619751
  0.08177608951357922  0.09241303960932289  0.10299792847085992  0.11351109279821278
  0.12403475715599496  0.13490690703514091  0.14570279919947332  0.15621793473797560
  0.16668081680444849  0.17730184588679859  0.18786681776112149  0.19836525808891720
  0.20889889318257321  0.21975393517631389  0.23066234087610910  0.24120842391659597
  0.25183453119060023  0.26216804943798278  0.27263719807199432  0.28302261654618321
  0.29331965579546115  0.30351523345177334  0.31360915361485597  0.32397564926381028
  0.33430935269488155  0.34477000870253427  0.35529355368374022  0.36594050254086835
  0.37664450633513957  0.38724196269086519  0.39784058341008460  0.40835191817170774
  0.41889843635165330  0.42942695628674010  0.44003371207059488  0.45085772960254183
  0.46180197085096913  0.47257118820500410  0.48320978608051735  0.49392790284931587
  0.50462257268745003  0.51516397779849010  0.52568404683895087  0.53607838160530075
  0.54669011682959012  0.55711184949136860  0.56762278408528211  0.57811799556257315
  0.58872942177326493  0.59940640958625024  0.60994907842851509  0.62040836687956946
  0.63080009027216233  0.64125731176040834  0.65182616579814801  0.66232445749340063
  0.67271633981186951  0.68318345353177490  0.69377023429584750  0.70443841694612008
  0.71489854150760090  0.72523373892006793  0.73564898582989791  0.74606608676146102
  0.75665515828892937  0.76734774754451585  0.77812588488177770  0.78887366835476169
  0.79947597308527718  0.81005249228951726  0.82072550743919148  0.83130652675614169
  0.84196503807728573  0.85252490247565604  0.86301348341578010  0.87360088656461721
  0.88398205512780237  0.89459258460574143  0.90507633958345557  0.91566346900446893
  0.92637423732868340  0.93711242850479248  0.94784284687869913  0.95858446950003662
  0.96900324666474114  0.97947233820205215  0.98970898188140832  1.00000000000000000
 -0.00237709266277228  0.00935253124479180  0.01919768955573530  0.02949073213736889
  0.03977844811672322  0.05015278508013672  0.06048274857740976  0.07090664620060383
  0.08116127550545736  0.09156251550738097  0.10201106764088776  0.11286235091866326
  0.12382786701757184  0.13469396372048195  0.14547694678736942  0.15606674351266486
  0.16663029851823005  0.17692144572024321  0.18726250814911932  0.19768991727013754
  0.20810951468625982  0.21848077460967974  0.22890498590005223  0.23942141660185368
  0.24980510568745926  0.26024954675011314  0.27068983693086868  0.28129986325792838
  0.29191510436630252  0.30248983451378897  0.31306386802590613  0.32345512679206651
  0.33395859911668391  0.34440160432983030  0.35482462958093269  0.36541820361246280
  0.37585982042536098  0.38623422875151919  0.39665010156030606  0.40729197107252207
  0.41793624244116889  0.42848111193287819  0.43897529725455520  0.44954846298012818
  0.46012942036992216  0.47074386101426985  0.48140518921354308  0.49205564596380064
  0.50270510413667358  0.51356535864907538  0.52438459296392470  0.53516852767631773
  0.54569731495381235  0.55619689092052282  0.56669040674182636  0.57710853061755452
  0.58752061682827506  0.59805680403729566  0.60861905809342942  0.61932336968469748
  0.63005568967759884  0.64089983271688600  0.65159869677754989  0.66219138762087160
  0.67293419014143674  0.68372627278225839  0.69430271017842438  0.70486528317672037
  0.71535168155135520  0.72595445380289858  0.73654073744000192  0.74719741203701517
  0.75787394273180209  0.76835526432111023  0.77874949975451990  0.78907356661227068
  0.79951843774189735  0.81000535461929679  0.82059953991404566  0.83096868807232371
  0.84146781597754094  0.85202971826377494  0.86253513567235274  0.87303889459841344
  0.88338679127750686  0.89397453427680940  0.90449109909400305  0.91507560991839154
  0.92573133590545076  0.93634827008158195  0.94683192753799450  0.95728282246709717
  0.96795965507602022  0.97859649227296153  0.98928642371651698  1.00000000000000000
 -0.01764519915440394  0.09996000310396451  0.13396178739210937  0.15550240996371401
  0.17331205435896929  0.18876073551924963  0.20265730187690836  0.21536219197266646
  0.22716129152560505  0.23819736433053620  0.24863992318791253  0.25853616768832516
  0.26799692438732908  0.27703904828836007  0.28574678264246200  0.29417552028759297
  0.30227483771736308  0.31018704445402073  0.31782271995946249  0.32525231762299139
  0.33256324439755064  0.33964461545156582  0.34661797235112096  0.35347910864731757
  0.36019559022278574  0.36680963631548763  0.37332338571360485  0.37971645025677658
  0.38601764680454076  0.39226594982446583  0.39844788395017228  0.40453211676995005
  0.41058446441390928  0.41658750772474540  0.42251826465178105  0.42841589684822140
  0.43429006287559702  0.44012586335325793  0.44591478550602714  0.45168509161998810
  0.45743243480634577  0.46314746587552519  0.46883745080771011  0.47451298245971801
  0.48017560536918874  0.48582496176419127  0.49146573733976312  0.49710800231193047
  0.50274983048824884  0.50839695235550386  0.51403880442212735  0.51968349242216771
  0.52533456661599287  0.53099718750835834  0.53667815549175479  0.54239090057583217
  0.54813749821299107  0.55390374232387329  0.55969202465423395  0.56552963570318093
  0.57140890100561204  0.57731209943753159  0.58325032042117264  0.58926497570016423
  0.59532166809027209  0.60141045128207449  0.60760391630239918  0.61387452373456386
  0.62020355434534891  0.62661940787350889  0.63314436563688892  0.63976106901379814
  0.64647912271646113  0.65334610302966001  0.66032729730919804  0.66741832348301133
  0.67475658263897942  0.68221361042264750  0.68987614211333714  0.69777951303545627
  0.70585359709672757  0.71426146360164933  0.72295570879845783  0.73198536868475161
  0.74143997592123678  0.75133018046082622  0.76176813001918964  0.77280792863678005
  0.78461803680567188  0.79732197945293604  0.81118694059863505  0.82661740887638480
  0.84444247151092755  0.86600095076090999  0.90018743789736444  1.00000000000000000
   1.7832045465848471E-005  -1.0000000000000000     
 F F F F F F F F
  <DiscreteSampler_grid>
  grouped_processes
  1 # 1 for a reference and 2 for a running grid.
  10 # Attribute 'min_bin_probing_points' of the grid.
  1 # Attribute 'grid_mode' of the grid. 1=='default',2=='initialization'
  0.0000000000000000 # Attribute 'small_contrib_threshold' of the grid.
  0.5000000000000000 # Attribute 'damping_power' of the grid.
 # binID   n_entries weight   weight_sqr   abs_weight
    10   10   1.592275459131042E+010   3.525107290971513E+020   1.592275459131042E+010
    11   10   1.592275459131042E+010   3.525107290971513E+020   1.592275459131042E+010
  </DiscreteSampler_grid>
