  0.00943470757980420  0.01596360559966239  0.02490135418251178  0.03571044843967782
  0.04631067954686700  0.05706531944306178  0.06801198882438676  0.07932738433647168
  0.09030773109755816  0.10099605389193982  0.11145066914954878  0.12171454354012484
  0.13189462975113408  0.14194571550104471  0.15204936646081010  0.16225774626491549
  0.17264921393190305  0.18287292615229059  0.19306975930378342  0.20333507221106289
  0.21364834737941393  0.22414667745778294  0.23474500772425785  0.24551827505990101
  0.25620577148155366  0.26688339258263460  0.27749377751520155  0.28804107082352137
  0.29856475166666463  0.30913688866649719  0.31963387958556627  0.33023145608087201
  0.34120014749474409  0.35230877536693161  0.36322392035210099  0.37410941857645108
  0.38511904496016697  0.39597164801897650  0.40629342002073376  0.41615843629751292
  0.42611779278362716  0.43616327490027540  0.44629352490674828  0.45651468540243700
  0.46689618801437710  0.47743923263320476  0.48786956473382809  0.49818943465722465
  0.50850410623646014  0.51887662607083551  0.52908209012210128  0.53912553819238118
  0.54912880996880786  0.55907626281138789  0.56907752933174183  0.57908598638421749
  0.58911631113907248  0.59922699969662152  0.60944463510646329  0.61989158771122321
  0.63038126180259801  0.64103577407509038  0.65181001400553729  0.66288783597190803
  0.67376358761527722  0.68429382626538615  0.69468941587456312  0.70507449835361224
  0.71526914347500603  0.72558474683653418  0.73620923795037863  0.74687196219753194
  0.75734818086696254  0.76754672773251076  0.77771319994350041  0.78789650225996610
  0.79823573774914591  0.80878884415562269  0.81911111737728115  0.82928595328315380
  0.83958092898835746  0.84998710280559731  0.86033456490427707  0.87032293766719959
  0.88005084014083512  0.88982733475162079  0.89979490734950185  0.91009667355824342
  0.92026342380016779  0.93062484649240673  0.94086992145317561  0.95087273453094512
  0.96075040492336339  0.97082587990260449  0.98081689270120032  1.00000000000000000
 -0.00217384422497638  0.00957121675601728  0.01969583284208384  0.03028894334012616
  0.04070614787757146  0.05120121156606282  0.06184489318901996  0.07264994324063528
  0.08341912726828186  0.09383310177919756  0.10408505300964926  0.11401117695684646
  0.12387263296094803  0.13387522751349187  0.14440426183577093  0.15534024547287192
  0.16639642926814882  0.17741488405783798  0.18795569630987741  0.19808879820973094
  0.20832015455777550  0.21873434993496757  0.22928000880713556  0.23976193485837607
  0.25056395989194902  0.26140830258244091  0.27208560017797784  0.28243626294801311
  0.29283830383876830  0.30316229375182141  0.31359929610292753  0.32405667508893965
  0.33449650518411617  0.34505484860475522  0.35557358523339344  0.36606459980473571
  0.37661509661382231  0.38723525335179843  0.39796909178138912  0.40886861419293818
  0.41989446012332515  0.43100059023224657  0.44172938471635265  0.45210912808772824
  0.46261601427672194  0.47323776869970680  0.48407406270661113  0.49494087140966164
  0.50581709323671997  0.51673177554011807  0.52741067041433010  0.53814937766217508
  0.54895553304368283  0.55963569839289162  0.57007387822523869  0.58054569467531270
  0.59142445948233036  0.60241072399603579  0.61312806683805887  0.62371829541821089
  0.63438663580462751  0.64515087122639880  0.65610685706064331  0.66701067130540970
  0.67768681721922364  0.68817849287767296  0.69879223058003881  0.70955349569039783
  0.72030942855003921  0.73090023407242666  0.74136267190853700  0.75171484147085077
  0.76202133537537287  0.77208511506298216  0.78186890216416782  0.79163787759565052
  0.80139707465526933  0.81142640962730561  0.82173308860897099  0.83241693871587741
  0.84298848930391701  0.85339698574491885  0.86424549233047965  0.87465381262760777
  0.88488938841133624  0.89504559749325152  0.90522552467802819  0.91563775241670176
  0.92608056708297948  0.93611814332120058  0.94634942910197228  0.95636953904267807
  0.96734159272811659  0.97821825377148763  0.98931373196523742  1.00000000000000000
 -0.00233138008408136  0.00950571107702221  0.01938123076868263  0.02966956149164295
  0.03978009579224240  0.04999048222135308  0.06028939778595220  0.07075310307449609
  0.08131258466721789  0.09185723594342877  0.10248868587828196  0.11325703995198766
  0.12359088442277151  0.13411817764304096  0.14434010158416422  0.15481787291571306
  0.16498290383045489  0.17547150854757071  0.18605943039934747  0.19687267874018397
  0.20783740351749055  0.21853952645146268  0.22925764644220631  0.23975482001257856
  0.25033127892992701  0.26071102860479584  0.27127270618379662  0.28188593398102146
  0.29262728336981297  0.30352745369735828  0.31443305107280906  0.32528446144848727
  0.33592275484492640  0.34652982695348383  0.35724121455357188  0.36804322060769068
  0.37891827241033610  0.38970379133308763  0.40069542144797915  0.41182164520772691
  0.42233424745883591  0.43279787189451968  0.44349448165410088  0.45429466935207702
  0.46485972282627269  0.47542637150295941  0.48635071911607969  0.49719665393420842
  0.50792378488314127  0.51840493216278061  0.52876928512276133  0.53902004454564123
  0.54962490067587033  0.56030002911492116  0.57083267372537494  0.58125349489448108
  0.59182940092127534  0.60217785596470896  0.61222611877807476  0.62204644534421161
  0.63224242380113982  0.64253195341663116  0.65284481095834723  0.66350327908495632
  0.67451970586430521  0.68553754479543905  0.69606177726861862  0.70628013745025009
  0.71656548572724643  0.72699356955134375  0.73760960861662273  0.74818683878363634
  0.75873898073066459  0.76936029744442758  0.78016690848420944  0.79117205574964655
  0.80231880695687485  0.81331927297698015  0.82416319767701862  0.83493038422742361
  0.84548927742858726  0.85584686947491617  0.86574637295652157  0.87544874572976883
  0.88510726888792501  0.89494557536514241  0.90520308912105096  0.91589945321873267
  0.92678621962654939  0.93760426161944344  0.94808614476230957  0.95854012163797775
  0.96909022520413313  0.97973428812610930  0.98988109755479570  1.00000000000000000
  0.00303259161210788  0.02608181602421945  0.04540238070441927  0.06064486495209828
  0.07501102799943137  0.08878232812860978  0.10153549182698900  0.11391777061164698
  0.12606597561849028  0.13775080681767624  0.14921338917127241  0.16076541938839070
  0.17217224460070618  0.18331720729060791  0.19441262973741688  0.20554995942898177
  0.21668808482294993  0.22768726356967670  0.23835252987220493  0.24876797217681629
  0.25907203273541091  0.26913419714209630  0.27901170164050132  0.28887478027337227
  0.29877211339948301  0.30858126001050884  0.31847046858828348  0.32825247849560740
  0.33800388963352718  0.34784658407223501  0.35774074427549185  0.36767075036415414
  0.37745001628081132  0.38696321099098036  0.39634316018281784  0.40563899125389663
  0.41472838414211821  0.42367260747884833  0.43249978530084543  0.44140597478695714
  0.45043265091479257  0.45928191968772120  0.46791367656592148  0.47651823762438045
  0.48507935828268101  0.49358851103943718  0.50200050586680622  0.51024835486091946
  0.51845624990321759  0.52646301774655679  0.53435486994443082  0.54238122230646124
  0.55078989461097627  0.55919787807532384  0.56767109651233372  0.57612160803541823
  0.58459124814390717  0.59319587257706663  0.60177892433161972  0.61019515706654803
  0.61848701596073352  0.62676970410691646  0.63499759078859930  0.64313329188722812
  0.65122163344684536  0.65926621659061868  0.66745489847932304  0.67584884580380078
  0.68435372998201649  0.69306204943683525  0.70196883167765589  0.71095164499476826
  0.71981087574230607  0.72864995731437310  0.73739195163169646  0.74620899652523898
  0.75507274857936701  0.76393936697932741  0.77296173963333270  0.78204985636030255
  0.79112157477452216  0.80036570216550385  0.80986605236500553  0.81955806752243943
  0.82952873295401142  0.83992647127560660  0.85084442395563009  0.86220800779868823
  0.87372871711783218  0.88593974199290715  0.89896572240931960  0.91306958891437318
  0.92863265444423615  0.94666646607734051  0.96958468878971482  1.00000000000000000
 -0.00198521740593242  0.00916365777768417  0.01921519123438118  0.02933398059905789
  0.03941310539198586  0.04924214995241138  0.05928857708862968  0.06963111038059061
  0.07939203192068997  0.08953530632993167  0.09981310664722197  0.11090461510720466
  0.12186028756025875  0.13278825394050703  0.14355468469986157  0.15397491046839201
  0.16467160175372700  0.17487051702819714  0.18535617427192744  0.19581185187214425
  0.20609861509716837  0.21662837063465745  0.22690992670504287  0.23733781147481042
  0.24778954240904094  0.25850010312145488  0.26958613613200239  0.28031495519576782
  0.29075706037812321  0.30079137182519461  0.31110364026545101  0.32156095037312155
  0.33197700214948250  0.34205440522370018  0.35214084925608291  0.36218949912766796
  0.37240138683564300  0.38291741299235499  0.39375608837534959  0.40448532402297810
  0.41492340330643307  0.42520924560817330  0.43548205758831848  0.44560520249551488
  0.45574081232303282  0.46609454602496003  0.47669048105625234  0.48721236056853878
  0.49783753531542918  0.50863329992776141  0.51947061828953434  0.53006095116966967
  0.54033806398420481  0.55060456753043829  0.56095562329545567  0.57154540992613723
  0.58212064059686874  0.59263257796851532  0.60326405206025879  0.61430260308665419
  0.62569504851295643  0.63692782476648058  0.64803902170332350  0.65909385432604983
  0.67021318880511471  0.68101550934353394  0.69202704322269537  0.70288965756802180
  0.71405811507031447  0.72532172616087842  0.73664567540841763  0.74799263704681784
  0.75909051451880472  0.77012742487584596  0.78087100241075291  0.79154478584016552
  0.80181608000902616  0.81211238944281983  0.82207000584484791  0.83209276720422110
  0.84195807592732497  0.85190364320530465  0.86249060410218359  0.87315812537166748
  0.88376841395805228  0.89390711116669708  0.90416854201051400  0.91486688496382018
  0.92558370715874794  0.93605496871012395  0.94642794105364358  0.95677607916523144
  0.96725979843275323  0.97786259258954711  0.98895597718698169  1.00000000000000000
  0.02169459785117375  0.03120334607063711  0.04121675582289135  0.05079501731837667
  0.06049800070593273  0.07020453622189150  0.07962872048550847  0.08876210789648686
  0.09766477445767507  0.10637860422436940  0.11500502692638129  0.12355034581562827
  0.13214680420552383  0.14079197114945347  0.14922076976319384  0.15750526957204061
  0.16574227193494234  0.17411127109286315  0.18247114509901677  0.19059131212988994
  0.19861474882544150  0.20636078030393154  0.21454117495669819  0.22278722096712381
  0.23099632400105619  0.23885853319261699  0.24651490061300088  0.25418445148054114
  0.26202160384846346  0.26987515924222799  0.27782100057295173  0.28575150158642970
  0.29376302069803184  0.30176755342934664  0.30978514586246919  0.31778033102693648
  0.32574332426379599  0.33373146246273111  0.34173984849276828  0.34978523653158011
  0.35782786154915242  0.36589516486965906  0.37407545809976001  0.38236901482381130
  0.39075681314474536  0.39905971419499958  0.40732491013079181  0.41578952574270256
  0.42420713462868537  0.43258389616430742  0.44101296430914250  0.44945675914453120
  0.45801280104151454  0.46661319227823095  0.47523640945254408  0.48386124558099408
  0.49247667702097941  0.50105306419111051  0.50959639548279267  0.51824215783848004
  0.52713741973281336  0.53626563044252162  0.54559899559716984  0.55511785832692695
  0.56466072965020087  0.57408714446488351  0.58331763002378623  0.59264621514307148
  0.60206233745328241  0.61151416560097538  0.62093305377486174  0.63048919044502771
  0.64020172261082431  0.65020555700210780  0.66043221838967681  0.67089622434203733
  0.68148213692360682  0.69201178253178031  0.70267041239905759  0.71358064082948869
  0.72491060600886514  0.73682472697731516  0.74913626345285200  0.76159193026991634
  0.77436607614829278  0.78767383081729181  0.80129909545810030  0.81562518235261461
  0.83085673359088363  0.84675808076724723  0.86310758756373407  0.88044185732821179
  0.89930597424705117  0.92201811587095006  0.95144259030228862  1.00000000000000000
 -0.01398578176945346  0.08300956750313318  0.11878525586043109  0.14175190899772708
  0.15961198860779746  0.17488259262184538  0.18860059533853332  0.20099117569693314
  0.21221635332658037  0.22266079068725875  0.23260651127146550  0.24206254594006726
  0.25107775493269213  0.25960265548739853  0.26792400574526859  0.27575795918601959
  0.28334572615806741  0.29076559169892763  0.29808121428602991  0.30528299410751775
  0.31235146759163718  0.31922627838253709  0.32591554262471212  0.33252425590537427
  0.33912430998237647  0.34569635765048423  0.35218802486148043  0.35856712376819810
  0.36479026676179299  0.37097597840698548  0.37705125536646933  0.38297224652638723
  0.38889231914678840  0.39474803188838958  0.40053860105946004  0.40630605179274493
  0.41210833868253111  0.41786817863011116  0.42353890481803730  0.42916547693176033
  0.43477308863394992  0.44036668770098064  0.44597586314861526  0.45155431824378162
  0.45698344948768449  0.46244623853289529  0.46790744604420470  0.47342082097409294
  0.47901065687633348  0.48471913433210673  0.49052010023597847  0.49628075701695190
  0.50192268810687390  0.50750532150796113  0.51310668980504359  0.51889034686672586
  0.52480542356105575  0.53066125501951456  0.53656487886335757  0.54255574148689756
  0.54866859848462834  0.55479400866452444  0.56092506615120519  0.56708981634800537
  0.57321181185548209  0.57930015513177702  0.58545708159942034  0.59178595336596373
  0.59825429033018918  0.60478417173997423  0.61143469970237085  0.61818295520577149
  0.62507775976157653  0.63217564722401565  0.63941022498473354  0.64674056386408219
  0.65439561804070479  0.66223104021856838  0.67037124262814352  0.67871806930925183
  0.68725552991530559  0.69592561999464841  0.70473868121809147  0.71397515680239376
  0.72379567004613055  0.73406788960252389  0.74482314577801145  0.75637836167516570
  0.76889899140563034  0.78229741515305418  0.79699683116874376  0.81350212190197280
  0.83261032611201280  0.85637640343179933  0.89279633236626266  1.00000000000000000
   3.9320326022548982E-009  -1.0000000000000000     
 F F F F F F F F F F F F F F F F
  <DiscreteSampler_grid>
  grouped_processes
  1 # 1 for a reference and 2 for a running grid.
  10 # Attribute 'min_bin_probing_points' of the grid.
  1 # Attribute 'grid_mode' of the grid. 1=='default',2=='initialization'
  0.0000000000000000 # Attribute 'small_contrib_threshold' of the grid.
  0.5000000000000000 # Attribute 'damping_power' of the grid.
 # binID   n_entries weight   weight_sqr   abs_weight
    13   10   8.422159396624908E+002   1.095113675265811E+006   8.422159396624908E+002
    14   10   8.422159396624908E+002   1.095113675265811E+006   8.422159396624908E+002
    16   10   8.422159396624908E+002   1.095113675265811E+006   8.422159396624908E+002
    17   10   8.422159396624908E+002   1.095113675265811E+006   8.422159396624908E+002
  </DiscreteSampler_grid>
