 -0.00248853240299178  0.00950689278543881  0.01967272315546660  0.03019545381090906
  0.04073877537926905  0.05127899749267913  0.06182215332570982  0.07236895531830287
  0.08290807822835403  0.09344677400428225  0.10398375985134396  0.11452722095333273
  0.12507028462526693  0.13561471275288797  0.14616137898264778  0.15670751477587369
  0.16725802550916571  0.17780765370695201  0.18835523755417491  0.19889628399619969
  0.20943861297930258  0.21998219242652620  0.23052552897567508  0.24106724636895588
  0.25160763064541930  0.26214995500702870  0.27268319118943873  0.28321663367279726
  0.29375523983893348  0.30430171615366991  0.31484577828454435  0.32538708042515979
  0.33592993305502511  0.34647551476505112  0.35701685809887146  0.36755491131113144
  0.37809454328802267  0.38864101982065302  0.39919168476245159  0.40974305557754354
  0.42028614671968112  0.43083115261413996  0.44136075817908510  0.45189619157890637
  0.46242220762316544  0.47296319053359998  0.48350741449367818  0.49405535837644227
  0.50459659866496420  0.51513815508431060  0.52568373420085135  0.53623335924443261
  0.54678168608431199  0.55732881693337588  0.56787874196488553  0.57842851854964639
  0.58897883321462863  0.59952261346023861  0.61006677867536818  0.62061044048926228
  0.63115887466334430  0.64170856259398201  0.65224866330540210  0.66278471093670066
  0.67331695670132830  0.68385216751893574  0.69438358609903261  0.70491638351818686
  0.71545682130198263  0.72600433040937196  0.73654666391041512  0.74708825425539416
  0.75763171509067839  0.76818055078574099  0.77872387461878423  0.78926096274250357
  0.79979177839103444  0.81032278599343088  0.82084918296694853  0.83138352266522009
  0.84192281006523595  0.85247409540434338  0.86301489204167181  0.87355440313046306
  0.88409317724362702  0.89463301988012889  0.90517235696231990  0.91570477705483166
  0.92624026328441000  0.93677807880402642  0.94732067467046388  0.95787353985570678
  0.96840354395010897  0.97894200862183434  0.98946920759964985  1.00000000000000000
 -0.00215164213973025  0.00981806935501046  0.02003502618949037  0.03056198923144197
  0.04109772744319747  0.05162087178846225  0.06215110276728408  0.07268107142068814
  0.08321367353755764  0.09374197235756770  0.10426268407704718  0.11478601051955650
  0.12530668907012224  0.13583426368884860  0.14636911927317739  0.15690837418052425
  0.16744205041618923  0.17797528215399758  0.18851294479526040  0.19905345101427654
  0.20958945690511618  0.22013278254111385  0.23067879114209888  0.24122256839350517
  0.25176867139147252  0.26230966058293365  0.27285045568917876  0.28339078139048263
  0.29393653055841612  0.30448272237486745  0.31502296321172979  0.32556204961925211
  0.33608067676499576  0.34660518771974957  0.35712807557150217  0.36767811770592501
  0.37821800284388435  0.38875619246532656  0.39928585881831508  0.40982496381677436
  0.42036870521976888  0.43090782184397247  0.44144528604352146  0.45197985003367896
  0.46252485097861257  0.47307039258212563  0.48361818669123940  0.49415801882651417
  0.50470065375847828  0.51523589839713768  0.52577436575982184  0.53631181280532625
  0.54685408676931746  0.55739233595877324  0.56792606840926951  0.57845820571510376
  0.58899135515150758  0.59952971032264790  0.61006268408890385  0.62060551192182245
  0.63114788742048578  0.64169261355022833  0.65223460880542805  0.66277475693408683
  0.67331448007807249  0.68384801373451054  0.69438116462657540  0.70492124144211532
  0.71547097522489589  0.72601696969732421  0.73655834515333796  0.74708746812227256
  0.75762329685817598  0.76816220785356959  0.77871170590127126  0.78924620730420503
  0.79978365545583208  0.81031996863811140  0.82086648004170948  0.83141332797476641
  0.84194855294418514  0.85247801071080520  0.86300523138983942  0.87354135762021645
  0.88408523184773402  0.89462894750049160  0.90517082000038418  0.91571525899542539
  0.92625421267077279  0.93680081707287410  0.94733400604513951  0.95786596023868931
  0.96838377637626849  0.97891318736024224  0.98945020348531609  1.00000000000000000
   1.2071172275791686E-009  -1.0000000000000000     
 T F
  <DiscreteSampler_grid>
  grouped_processes
  1 # 1 for a reference and 2 for a running grid.
  10 # Attribute 'min_bin_probing_points' of the grid.
  1 # Attribute 'grid_mode' of the grid. 1=='default',2=='initialization'
  0.0000000000000000 # Attribute 'small_contrib_threshold' of the grid.
  0.5000000000000000 # Attribute 'damping_power' of the grid.
 # binID   n_entries weight   weight_sqr   abs_weight
    10   10   1.946898240000001E+006   3.790412756915101E+012   1.946898240000001E+006
  </DiscreteSampler_grid>
