  0.00325815933982884  0.01020321240910485  0.01978510949910243  0.03006087646752788
  0.04019868153859258  0.05085195877412851  0.06146597019129427  0.07214650874218051
  0.08290045752030878  0.09397145963604546  0.10492825193659829  0.11528044032781362
  0.12575173549638655  0.13644712505997428  0.14745263435193026  0.15835278901454489
  0.16923369529156559  0.18029288595320495  0.19126810112643680  0.20214145988304244
  0.21270705800457754  0.22296915983316545  0.23350540062164882  0.24395974277190141
  0.25449394024756877  0.26468282250330938  0.27489298756795405  0.28501369652790454
  0.29508134048202578  0.30523490788489221  0.31558738390853341  0.32595983816444263
  0.33627806090020562  0.34648780502114224  0.35698581291536402  0.36775039941672727
  0.37873744255962799  0.38969177703836905  0.40037711042214608  0.41092560916834275
  0.42116073043748559  0.43116089045940370  0.44144077145219102  0.45200708728993527
  0.46266208814663312  0.47298783576825087  0.48323246788526963  0.49363842144397718
  0.50423250056857172  0.51479934013538176  0.52514415689440563  0.53524035612666077
  0.54541158029742920  0.55589004296193512  0.56657198382724527  0.57753387205884232
  0.58850066719969818  0.59942560472700712  0.60995176674271390  0.62047140716895222
  0.63097386219238405  0.64130344764114056  0.65146838606525381  0.66149889610809443
  0.67161730926523422  0.68152855160057135  0.69145772045954612  0.70149642862524719
  0.71183353676533212  0.72231921769327667  0.73287610213020138  0.74339742690692190
  0.75373889819184858  0.76443043834578539  0.77542661614872299  0.78685134118625211
  0.79798588153341909  0.80907650918428009  0.81975852402074956  0.83020857655682156
  0.84070199937735968  0.85130796412588094  0.86220142417786472  0.87284269510143786
  0.88371069487903475  0.89432812006757800  0.90487676171044629  0.91542167496201354
  0.92582336836585555  0.93622709699679985  0.94685408919873870  0.95741217520601529
  0.96815358569154830  0.97862132128893409  0.98939877244893881  1.00000000000000000
  0.00953661508779116  0.01569363889131900  0.02497912995681350  0.03539723116038042
  0.04560730226609448  0.05588336287038549  0.06620469401373150  0.07675325633580589
  0.08726846170130192  0.09784060947504608  0.10846200381158151  0.11935620941079374
  0.13006437484430960  0.14058868647493261  0.15098482807685337  0.16174487789217895
  0.17243593637860297  0.18325243330407109  0.19350131575681725  0.20379455327799648
  0.21410845721145166  0.22482922225080015  0.23536523135833723  0.24552763053418686
  0.25564766685700940  0.26573593647336008  0.27583598700506579  0.28607085053721487
  0.29639485468077392  0.30701870399707692  0.31762162939107796  0.32821845942936645
  0.33877495424204679  0.34914402938211653  0.35958669368491086  0.36996964967248597
  0.38036510892436370  0.39078921714489329  0.40135172838253391  0.41178582982139972
  0.42212319885126259  0.43251374634580281  0.44335327238621847  0.45434137413961728
  0.46503395243069234  0.47567995589098416  0.48628361491162703  0.49654564894581521
  0.50641546434613138  0.51613452902929779  0.52606896606684339  0.53609470147741090
  0.54621981535141995  0.55628293700260834  0.56647300774576970  0.57689055618295315
  0.58760612412058089  0.59837205278804495  0.60875546529470759  0.61885428469544312
  0.62890916706581734  0.63891455019645960  0.64888890485447592  0.65904859186493892
  0.66960339041141126  0.68070183938214601  0.69156106499504166  0.70250351088362983
  0.71322778223973538  0.72394145190698578  0.73437136190691887  0.74470710369901738
  0.75504163409910430  0.76558353975707372  0.77604899511411518  0.78669498844389651
  0.79691606056062236  0.80677841048598964  0.81655634551175893  0.82635999275993288
  0.83645683130571236  0.84684102681854323  0.85758290940067150  0.86837141470167778
  0.87893248089330622  0.88926096562941115  0.89973454611522796  0.90996694822519320
  0.92028221647922814  0.93024063456229222  0.94038946210242924  0.95034151777427089
  0.96051660444816334  0.97068840620721053  0.98077232586311103  1.00000000000000000
 -0.00225050884735462  0.00831324723584112  0.01711345552239671  0.02587192108583862
  0.03476591471110373  0.04397798841227871  0.05363172591065708  0.06368245619266409
  0.07407620782081589  0.08447649311407239  0.09453985713769607  0.10439496352632016
  0.11427715769288412  0.12432816689796924  0.13450107793151311  0.14477532994452771
  0.15523670880665022  0.16587195880386901  0.17678658139406384  0.18800913260979357
  0.19944049628046506  0.21085982379018839  0.22221484249436721  0.23373064215793354
  0.24554347624818829  0.25748891890015840  0.26938450944704628  0.28125413133514693
  0.29327527254177155  0.30520727932317571  0.31711836155130124  0.32906844141292163
  0.34147392233208557  0.35350794228648302  0.36573747231688220  0.37812935843591977
  0.39152460012055240  0.40465114603091046  0.41776259205881444  0.43051266968373370
  0.44303686860153241  0.45513022994156133  0.46736777548070030  0.47993422441263922
  0.49258115605239849  0.50505611222747493  0.51745215589082194  0.52997732221292637
  0.54247191225070657  0.55462562561263462  0.56673274498446458  0.57885838459112171
  0.59116419392653285  0.60365193321752775  0.61579596946197823  0.62792372558028531
  0.63980566693061491  0.65140487680096593  0.66286758015840586  0.67440638834605904
  0.68627221010745776  0.69812488034669873  0.70968747262827603  0.72068269308166244
  0.73120151312781634  0.74147032500037724  0.75165927417200262  0.76159914336981760
  0.77138384059944742  0.78094411327571589  0.79055569176837936  0.80010495629088074
  0.80960630902540121  0.81890036282494261  0.82806831623278643  0.83710681702367096
  0.84621060623748856  0.85535574498689704  0.86445132885447507  0.87344566681646429
  0.88210159746903949  0.89068236860948258  0.89916190841488852  0.90756409569085916
  0.91586591629254799  0.92396692898833410  0.93187516649440250  0.93961675544408829
  0.94730026845696946  0.95503270587773970  0.96280785887827247  0.97049641504577899
  0.97795766551216179  0.98531047378355485  0.99252987808477433  1.00000000000000000
 -0.00236547381320510  0.00954282101678250  0.01957889366567376  0.02974272572093841
  0.03990070323361213  0.04996185005715315  0.06014215013007524  0.07042253093833389
  0.08059693588688420  0.09078068211391123  0.10105380475156935  0.11125821801201655
  0.12163880322712575  0.13189076390775931  0.14231610166229938  0.15273752203643959
  0.16344081959003587  0.17425900151627674  0.18472791454375848  0.19488616115589488
  0.20499649222998065  0.21511350467627394  0.22549624755353087  0.23598340781389854
  0.24673074751357585  0.25746097942868329  0.26802273078381944  0.27856964512563120
  0.28906697031468676  0.29974525815878056  0.31054580961747075  0.32116692727772983
  0.33176200510238929  0.34228200070152842  0.35316324668537930  0.36374148154419472
  0.37458561209387553  0.38504007900432652  0.39557520620859155  0.40582845716424260
  0.41617882525506156  0.42643924516366644  0.43693624051858537  0.44737317169776358
  0.45826772453341330  0.46851836672702868  0.47888994293074372  0.48905372242843020
  0.49962465024464436  0.51009010203201388  0.52068295568033152  0.53128720344292635
  0.54218717010573347  0.55280408118773583  0.56351014186214110  0.57421003379422997
  0.58509584064501141  0.59592116644792414  0.60668995127703373  0.61764639855706449
  0.62868315989618040  0.63986657918470369  0.65088347791633150  0.66193854162319465
  0.67278151907204398  0.68342525093663098  0.69403755390332855  0.70470014311075335
  0.71549439052975827  0.72629279980841377  0.73707888001595401  0.74760178575922109
  0.75790311260355658  0.76807207088694396  0.77812416131706363  0.78832396391864101
  0.79884333644238137  0.80956016817316401  0.82000032208752482  0.83055884506679978
  0.84133056837420583  0.85244476089048848  0.86318093846917365  0.87382478193836555
  0.88446993634531523  0.89495998385427900  0.90528608489142370  0.91555877795919394
  0.92601440040480199  0.93646573824597878  0.94703539890680288  0.95755472579755152
  0.96785733779648719  0.97849110649824644  0.98916453332094378  1.00000000000000000
 -0.00244707132170500  0.00968050202195887  0.01990559694968398  0.03016307843428435
  0.04013436209704574  0.05026562719876625  0.06084003403576551  0.07175150743558768
  0.08253601498968517  0.09315231286244080  0.10361425266983702  0.11418711710591388
  0.12465133316161922  0.13514291025071440  0.14574796039655072  0.15663651495924735
  0.16737136699011623  0.17771438022682812  0.18784119517656511  0.19816988279525402
  0.20858372975827208  0.21886932309979915  0.22908067933575979  0.23913321883630495
  0.24931179046446059  0.25951081902759615  0.26993392439359781  0.28035731336620223
  0.29085025990230207  0.30168252928375205  0.31273101364693884  0.32389042001686519
  0.33497266138748566  0.34618408618967417  0.35699597477394551  0.36760597394672045
  0.37808949637496608  0.38862174131791727  0.39891663154825469  0.40876078738730598
  0.41860243015916376  0.42859573181097366  0.43886763353249464  0.44952435268765012
  0.45982056404455768  0.47067357760370637  0.48141180723612215  0.49270259629271163
  0.50385876441073096  0.51489430338314468  0.52584979511851193  0.53634779077681827
  0.54661492427042979  0.55654967493194585  0.56700618254252300  0.57732187088697562
  0.58787455291186896  0.59813695019335111  0.60861319710855866  0.61899001190028102
  0.62934511066958021  0.63954924290778070  0.64984300856901145  0.66013047407425818
  0.67061313086204044  0.68105433008003391  0.69149948097839786  0.70212091423515643
  0.71269899523274349  0.72343468116419496  0.73413033146870810  0.74485025461540322
  0.75543595355820814  0.76576904611057572  0.77604556503072808  0.78617049997681165
  0.79639179479821298  0.80673495313874166  0.81706404113132491  0.82732197357859116
  0.83806210557368965  0.84925680240025592  0.86027870063065692  0.87101864745996660
  0.88204432314565884  0.89293965405809350  0.90350371889589576  0.91369737147310470
  0.92412026222430976  0.93481365648808812  0.94568318512956440  0.95659087562571099
  0.96728769044670737  0.97793212185491596  0.98891791114514538  1.00000000000000000
 -0.00216129620572439  0.00913750327505770  0.01843904570178646  0.02861380089396404
  0.03866116868626503  0.04928461562916379  0.06013739263729661  0.07110041788861790
  0.08210638600077756  0.09269747399653294  0.10350545916865700  0.11411940402879914
  0.12447178565905806  0.13521206980772965  0.14589880236846789  0.15697948022149585
  0.16768961382149311  0.17829377796099014  0.18889741257446890  0.19949767282220729
  0.21005734646490920  0.22034489330626336  0.23074687211340159  0.24153215252270469
  0.25250657136122001  0.26335575067246503  0.27402349547455962  0.28440030342687606
  0.29474024398202731  0.30492037108910114  0.31506482572990585  0.32533895495024345
  0.33583754742487565  0.34659712325496861  0.35726953538247747  0.36808829436511525
  0.37895930268049743  0.38975687140667581  0.40048976841706241  0.41107183519163809
  0.42176826570108222  0.43256340625151568  0.44359646058822999  0.45474084227393657
  0.46555422173760641  0.47625233813972961  0.48636536250195900  0.49634496852789145
  0.50639493729367568  0.51660544764124228  0.52700238764708873  0.53765992214969027
  0.54819440433569244  0.55860595262539536  0.56910254158481721  0.57990868364211934
  0.59078470964534247  0.60143932904584563  0.61208007799720676  0.62249459749165581
  0.63293413129854514  0.64313942629301513  0.65352929350355415  0.66394627680084595
  0.67456097672566973  0.68528917578168269  0.69579404264788725  0.70625614760410238
  0.71658517150665779  0.72699720579978433  0.73756944964331705  0.74815431918048192
  0.75871491339372144  0.76936743994178991  0.78033056743074969  0.79137251433240208
  0.80238103248987669  0.81317446062950360  0.82377517932422017  0.83426363579243334
  0.84485239694740855  0.85540823821865342  0.86574573228397578  0.87604427871231161
  0.88659803853081198  0.89714870594176632  0.90771494785225837  0.91805331610462793
  0.92837438957595886  0.93845499114560149  0.94865587541100238  0.95892877564478962
  0.96950719671072638  0.97975064285213620  0.98998584900006337  1.00000000000000000
 -0.00261167349709946  0.01127343886125544  0.02301738619341820  0.03529247915956775
  0.04735831359172200  0.05934991999603433  0.07115039054697483  0.08274255814475910
  0.09421282016103623  0.10564938053659226  0.11701007921272645  0.12822533566505256
  0.13942563554923762  0.15049663490058440  0.16121784030957600  0.17176420975004839
  0.18226090323870803  0.19278701444482774  0.20313278223743156  0.21345701167457670
  0.22382233485843533  0.23407033076786882  0.24406558191367875  0.25393555857373334
  0.26395003688672974  0.27410196947140264  0.28425768927202577  0.29436559633097958
  0.30448914237214503  0.31454994652202528  0.32456571039819598  0.33458382788014585
  0.34476814020806695  0.35510087796395134  0.36525380056973988  0.37503899062915164
  0.38451845589129624  0.39403637400211566  0.40383997674463790  0.41368404716852086
  0.42321443675120185  0.43258381526312117  0.44223902576093410  0.45214249860265060
  0.46205992011602620  0.47169975896782546  0.48129332600136993  0.49116226270759600
  0.50097449066063082  0.51089482963248767  0.52069070051653399  0.53039793717477901
  0.54005711010264712  0.54989517383998332  0.55973343130186570  0.56959351482545695
  0.57943501886602211  0.58932778864539870  0.59921607321260095  0.60884788704911219
  0.61834805103037382  0.62803895922039032  0.63789024437670405  0.64774951654706570
  0.65771720539881884  0.66772901316374322  0.67810665775725276  0.68856314408687236
  0.69928657689069473  0.71009390301984898  0.72090939267532428  0.73167153214559744
  0.74234278942621512  0.75275445890339621  0.76270473970241359  0.77253823117244946
  0.78245949047111185  0.79274878651673941  0.80329575943867171  0.81382194690600396
  0.82444401606333795  0.83538867869478328  0.84675455063307348  0.85811203331159158
  0.86941247865118754  0.88069696053425262  0.89216013675693295  0.90351696092075739
  0.91489239003351774  0.92636857149839236  0.93831237093632081  0.95078608510712281
  0.96322002476896862  0.97546179983721248  0.98768135778454569  1.00000000000000000
 -0.00228110881830310  0.00893129469265227  0.01870254657956495  0.02910632362864248
  0.03983836330734705  0.05055749196324035  0.06132214081629594  0.07207666554456726
  0.08275283051795680  0.09323715510008013  0.10365780984743489  0.11424074233579204
  0.12459418923044022  0.13502479525052569  0.14562399201611551  0.15662339080762985
  0.16782599687172059  0.17873768520791486  0.18946530857452962  0.20000232253688704
  0.21071443707476648  0.22140130295276322  0.23196848557191083  0.24235951705173581
  0.25276931926664548  0.26333468559070700  0.27385169312448499  0.28425180081905566
  0.29488143962306312  0.30580977009220006  0.31685844503431221  0.32767406612854111
  0.33818879507913124  0.34849700935852940  0.35862431050219457  0.36858945822924238
  0.37884605333848431  0.38925115304020502  0.39981291995347201  0.41030996307262974
  0.42099101449249615  0.43185992449445837  0.44235900455140947  0.45264828575739130
  0.46313441013349171  0.47398511746912764  0.48510948954581790  0.49586879200809802
  0.50627843584556487  0.51648524487418990  0.52713021692402617  0.53787387186669500
  0.54846021016896918  0.55883630254743555  0.56915535212102508  0.57937531600071335
  0.58958785057719099  0.59983931263843204  0.61028815497183042  0.62076424239762884
  0.63142088189067835  0.64209046253130786  0.65249186665732684  0.66298604431834385
  0.67362054362212342  0.68438011788583963  0.69484839423251055  0.70539248445944736
  0.71599251483679693  0.72672763279454899  0.73706072936599476  0.74712922397978732
  0.75726908523776415  0.76750494750450793  0.77812786505814557  0.78879199787437504
  0.79956890792763746  0.81047543889254681  0.82120542409277464  0.83178164476755367
  0.84228037460814231  0.85276190668546736  0.86314817695116686  0.87351446040721337
  0.88424164986541598  0.89510520709447905  0.90575614371143365  0.91619857515435288
  0.92683010313805902  0.93745439663680996  0.94774487887087056  0.95804402312232728
  0.96835700854080775  0.97901905858460792  0.98944399516393833  1.00000000000000000
  0.07536341080746400  0.16156252994393328  0.22221475742087099  0.24258763099600597
  0.24725568243455309  0.25684102181034923  0.26582762335508675  0.27438967457613561
  0.28335404137505132  0.29261903707351572  0.30284376031466592  0.31348184073091689
  0.32495892326094566  0.33564171148831667  0.34459983702075986  0.35307510340278853
  0.36114938042786648  0.36892776032987135  0.37649056505211842  0.38368748526195179
  0.39072895902462873  0.39761516083175313  0.40430009518977506  0.41098749207517465
  0.41765470138407279  0.42417199687324492  0.43069732485686274  0.43705829499571314
  0.44326777997178901  0.44935283113531554  0.45535659959965052  0.46131243776516456
  0.46728886150647864  0.47338479658598764  0.47958920955690765  0.48579222770669561
  0.49190402548961609  0.49790385313114593  0.50381140302961658  0.50971875378860698
  0.51572226325228443  0.52177415662142412  0.52781027274919989  0.53382332566625601
  0.53984973924806801  0.54593867097745530  0.55199143414704821  0.55798197379245806
  0.56399962329583819  0.57010130415555271  0.57620066794793368  0.58225918324849890
  0.58839552190044497  0.59467045326796697  0.60109339111006976  0.60744363554954572
  0.61372247453078954  0.62002418058199549  0.62646760569242099  0.63306207602251741
  0.63956719441467236  0.64619388893072760  0.65287597034240530  0.65968544534089502
  0.66654214497671294  0.67349173578269739  0.68047335678411291  0.68754444460713582
  0.69472453352643071  0.70194671069453163  0.70918033911546141  0.71647950248784686
  0.72382330126202710  0.73133045217205084  0.73897885985588208  0.74669619479561289
  0.75470286428495481  0.76300908113481980  0.77144641889386434  0.77992736334506951
  0.78863712114686535  0.79774198417809072  0.80740809685803872  0.81726665591505421
  0.82762128079011366  0.83820773080861111  0.84928853558274842  0.86070608339154542
  0.87240359204822027  0.88433827975268509  0.89664474519992732  0.90990038022953923
  0.92485622526122713  0.94255913270383307  0.96592616947536503  1.00000000000000000
 -0.01979414274193267  0.12414690836162816  0.16800044030504019  0.19590849916589748
  0.21843606237082464  0.23761340636340728  0.25440541870523953  0.26952316485528482
  0.28385248046694617  0.29755417577090731  0.31054188847008551  0.32283991101950943
  0.33450988297590295  0.34571397347144989  0.35650575508687904  0.36687221534107928
  0.37681444535476133  0.38628432874903323  0.39560049839312089  0.40443908517319754
  0.41320317191236949  0.42168137672912365  0.43001711082115912  0.43820661961482610
  0.44624638016047991  0.45417892284307604  0.46207082323244308  0.46989083622595224
  0.47761226243811411  0.48529800782958937  0.49296532588532754  0.50055184925803764
  0.50798916966984353  0.51522912103429797  0.52232781259930161  0.52932457457034765
  0.53628724500486968  0.54324611031763437  0.55014774035626179  0.55693929161972688
  0.56362074392366501  0.57022164516658846  0.57678580318222616  0.58333660121487629
  0.58984594698793080  0.59630938205828643  0.60271975884283258  0.60882435730494588
  0.61479216510893597  0.62069804717446775  0.62655309825127914  0.63232606239760858
  0.63807495566523831  0.64379754591943494  0.64943082263718221  0.65503162994822439
  0.66056340160195870  0.66604474410319392  0.67153527548596859  0.67709223281078790
  0.68271834324502245  0.68829997483574867  0.69389985452119918  0.69952900257498207
  0.70514495604129990  0.71071128871590239  0.71620021516432375  0.72161132697482799
  0.72700372683287295  0.73243551561690445  0.73789812778358577  0.74340188668266294
  0.74898413157922317  0.75469250615407024  0.76040517315306799  0.76617078442847275
  0.77206848439938081  0.77808419586007627  0.78411325980751923  0.79009219013444631
  0.79615203042996241  0.80246306346354834  0.80893732496510029  0.81567533744762521
  0.82263929650770973  0.82976217575676781  0.83728081093276840  0.84510502473190896
  0.85311394653199257  0.86205187720842080  0.87159283178674041  0.88297395531799894
  0.89604180542428480  0.91315307699787907  0.93905582600944648  1.00000000000000000
   9.7342900703489178E-007  -1.0000000000000000     
 F F F F F F F F F F F F F F F F F F F F F F F F F F F F F F F F
  <DiscreteSampler_grid>
  grouped_processes
  1 # 1 for a reference and 2 for a running grid.
  10 # Attribute 'min_bin_probing_points' of the grid.
  1 # Attribute 'grid_mode' of the grid. 1=='default',2=='initialization'
  0.0000000000000000 # Attribute 'small_contrib_threshold' of the grid.
  0.5000000000000000 # Attribute 'damping_power' of the grid.
 # binID   n_entries weight   weight_sqr   abs_weight
    10   10   4.675095305838619E+005   5.240750649829327E+011   4.675095305838619E+005
    11   10   4.675095305838616E+005   5.240750649829319E+011   4.675095305838616E+005
  </DiscreteSampler_grid>
