  0.00288416034726963  0.01177038356393662  0.02238210025794777  0.03324019031789117
  0.04421695205918618  0.05458184659241038  0.06466756488473988  0.07496133935796430
  0.08532773705164090  0.09543338933144375  0.10573355506609419  0.11689022852240655
  0.12854583664888936  0.13942037073759658  0.15029522045833932  0.16124560869512050
  0.17200029345249832  0.18299624273875742  0.19369542939215634  0.20406828563062104
  0.21430945755148342  0.22452786688606896  0.23497924970734757  0.24546331722929532
  0.25588736762231179  0.26650275747101643  0.27703932104446138  0.28767780631321227
  0.29786085322309569  0.30790382858005416  0.31811821957584618  0.32883521441979369
  0.33959691285784033  0.35020931606661948  0.36085193805941679  0.37128659639183620
  0.38161135738133334  0.39178275375212379  0.40243886666850093  0.41305576632681990
  0.42389173441531353  0.43469591509415501  0.44554291345164015  0.45650240003101650
  0.46732564161410439  0.47791607492016241  0.48822971043235358  0.49856070374598688
  0.50914067361920567  0.52002014762837323  0.53075412270609823  0.54165509929792210
  0.55195617704965805  0.56192604320264816  0.57171422403597427  0.58184148697985394
  0.59231091754791487  0.60282300258509602  0.61319798481590770  0.62398751109075823
  0.63529671307447799  0.64620396134769342  0.65704609077870602  0.66733842166898327
  0.67776804152783832  0.68806889770705237  0.69898885965087598  0.70988788929090030
  0.72067823327705949  0.73145489853631451  0.74276027828909208  0.75405399996798528
  0.76513395305100806  0.77576803141891204  0.78605701112745996  0.79593838349167667
  0.80592785993929683  0.81619039118231274  0.82688305701701992  0.83759847842334312
  0.84840788205560358  0.85932423404456137  0.87006419485151665  0.87998629634137826
  0.88936793891773003  0.89872242354455134  0.90859585099960860  0.91865893437144597
  0.92882266531264845  0.93783159746280564  0.94722939301785491  0.95646149803010860
  0.96739828280181350  0.97814287604976591  0.98924996061187587  1.00000000000000000
  0.00946819764440217  0.01576296187759631  0.02560075465998563  0.03646385732054654
  0.04695587216353658  0.05716789684668851  0.06736227198070675  0.07750872831151867
  0.08721940586074962  0.09687964814673497  0.10707864462129756  0.11763731506634947
  0.12804722803717630  0.13829045278874269  0.14855009899100302  0.15918434417925520
  0.16954227371017941  0.17979941849579029  0.19002609570913076  0.20029361864042056
  0.21039396533597218  0.22040722533875923  0.23054961658093734  0.24086901302359731
  0.25124134181645902  0.26173563639325442  0.27280322081328318  0.28401853538337740
  0.29510460899082835  0.30618391824996050  0.31694567739081736  0.32778784846712256
  0.33843383985422393  0.34944885243253271  0.36010112850542697  0.37068112378751211
  0.38103422438248613  0.39140576004908301  0.40173630437694136  0.41213119462267844
  0.42289991883992900  0.43322482732449025  0.44311574946671439  0.45303200356294249
  0.46285469829880405  0.47346910830648375  0.48383555206721784  0.49431405853821458
  0.50463626870681388  0.51478984758011437  0.52451774463773582  0.53431780239911286
  0.54404569486779697  0.55397305783545425  0.56360133852535055  0.57339928018635622
  0.58332191436721759  0.59387489126655435  0.60488836289324166  0.61649271635316116
  0.62781052910513635  0.63866165519622720  0.64898379834859143  0.65907076119276009
  0.66892335544936599  0.67872458077337228  0.68872797462527235  0.69874872912711983
  0.70886541269225367  0.71915852469017683  0.72972195638256665  0.74045563307722373
  0.75116497142328520  0.76182625298085960  0.77221767898494154  0.78223615937738700
  0.79229513944545804  0.80265243819570509  0.81332101068079898  0.82417218748287102
  0.83494832961191312  0.84575235764787504  0.85683955864698580  0.86804638296133041
  0.87908141538796791  0.88958496507001905  0.89996758250456566  0.91056651164299018
  0.92100626891681348  0.93122602772731611  0.94140103983831736  0.95112281264091947
  0.96086173190673674  0.97052344901041632  0.98058630079198683  1.00000000000000000
  0.00000007714155497  0.00000351983854448  0.00000792381731679  0.00001187273820744
  0.00001589741413644  0.00001991754724970  0.00002456157761759  0.00002996742140367
  0.00003608042416479  0.00004301892588585  0.00005089960798561  0.00005964826477412
  0.00006905668869460  0.00007980011096067  0.00009167300495922  0.00010420770369818
  0.00011701376194221  0.00013027672495369  0.00014395596995014  0.00015832270275410
  0.00017330095437889  0.00018860960248363  0.00020503471033023  0.00022241366087993
  0.00024029732655668  0.00025976055621927  0.00027946478155266  0.00030035656969491
  0.00032141403039355  0.00034471030465444  0.00036918484215040  0.00039412201141532
  0.00042031839433762  0.00044815798135145  0.00047805260907620  0.00050900287950210
  0.00054012775062053  0.00057341077889109  0.00060530258408356  0.00064181125373683
  0.00067771062264739  0.00071617578536415  0.00075755052625853  0.00080060950980181
  0.00084384467470982  0.00088596214578718  0.00092775915589358  0.00097044845190167
  0.00101326820388509  0.00106146988866120  0.00110907632926404  0.00116171127041094
  0.00121564444189811  0.00127008705767773  0.00133013019882428  0.00139192032813071
  0.00145908291615291  0.00153565766585614  0.00162264341473290  0.00172668272456249
  0.00183706685364520  0.00194003290288589  0.00203133688803042  0.00212212205974214
  0.00221538369587609  0.00231259363713823  0.00240600090209342  0.00252385900596461
  0.00265119622590486  0.00278817293349359  0.00292969184542561  0.00306725495575498
  0.00320989836231716  0.00339133686179939  0.00359872738153445  0.00384294313236251
  0.00426495618140761  0.00465335127626053  0.00497821522955990  0.00527927101503584
  0.00556613229859598  0.00582371342768167  0.00605447149249702  0.00632124667806579
  0.00660249172856744  0.00688774693778987  0.00725788465437197  0.00763680210509751
  0.00806890200651118  0.00860671085113217  0.00978225894784563  0.01119579286719436
  0.01230613725440610  0.01535266209720405  0.08671678063851086  1.00000000000000000
 -0.00240431262409086  0.00961235879692171  0.01972584150504952  0.03071440166503745
  0.04188995863083043  0.05249680325861594  0.06312956946640673  0.07411675258030807
  0.08515400761278738  0.09574571825524889  0.10617136280203485  0.11644235255222667
  0.12676088492450907  0.13711885098315921  0.14769011139486260  0.15860888856804975
  0.16922536286142684  0.17957146620910897  0.18961835055325615  0.19986326197442780
  0.21017749416465925  0.22002158948835715  0.22985544834937519  0.23986369709730029
  0.25024432721290707  0.26072145271269237  0.27165891370164169  0.28275997153057786
  0.29375179981425203  0.30486345130149023  0.31548881419063107  0.32557052599382474
  0.33554225361951817  0.34627785070186134  0.35788015386044730  0.36970662296575524
  0.38128621847354444  0.39226381655153841  0.40289897907566929  0.41317581103995688
  0.42369532270839350  0.43456074980764542  0.44581312697063769  0.45714399306465731
  0.46858625425903616  0.47986893099479005  0.49067062621666607  0.50112466970992831
  0.51163590304650686  0.52237872233137372  0.53324329132357950  0.54407020550926943
  0.55497816634472819  0.56604854364049484  0.57702321581041927  0.58743543784666508
  0.59786141948058658  0.60862662182950134  0.61962476029265734  0.63041890194447703
  0.64110890088645611  0.65226923816622340  0.66363703361734849  0.67489135992758997
  0.68569582263974715  0.69635252512379620  0.70677776553515725  0.71713302082071950
  0.72758756117317269  0.73850519669133508  0.74945873900843507  0.75976077139353893
  0.76974703217814511  0.77998179995241246  0.79086332543120352  0.80204333667202399
  0.81329197508349604  0.82451621797976460  0.83576420188246403  0.84687133296010586
  0.85743181001983004  0.86748762163415116  0.87728530053941600  0.88690374118851678
  0.89663914721373528  0.90618598959501151  0.91607761718157821  0.92589644235004398
  0.93548620398424787  0.94456144376983509  0.95342841499804021  0.96216188807680725
  0.97060059664223064  0.98015631277928805  0.98977881759264574  1.00000000000000000
 -0.00133246663730859  0.00941824262501683  0.01993520445872653  0.03123361837892331
  0.04285546869470007  0.05394873625068013  0.06421395539595448  0.07404812718118732
  0.08391624174230639  0.09399771925903265  0.10445384963183657  0.11518806945876948
  0.12616353523163509  0.13742697892728536  0.14866011876211982  0.15983283522288946
  0.17076496991043097  0.18168881707699641  0.19282738464132224  0.20402920555427670
  0.21492215000609347  0.22533440196820806  0.23514760807318330  0.24507004289018267
  0.25543873283552754  0.26620184344529219  0.27665975985719721  0.28688403734409973
  0.29762641846188381  0.30877664156877532  0.31988072599208306  0.33042780275308981
  0.34062147572509088  0.35084626693732779  0.36085803002933348  0.37065890758789077
  0.38047116474483117  0.39064629611339652  0.40119506554256912  0.41157669692260396
  0.42190986755929893  0.43207813477942691  0.44228114152289077  0.45242845349251465
  0.46322502086106787  0.47427578769718376  0.48500659680559149  0.49544116977741925
  0.50554127376598201  0.51580614530908220  0.52602216092047205  0.53635936261330175
  0.54635197902874466  0.55627004694940141  0.56623330422097484  0.57656871193150827
  0.58706137294011163  0.59734151008585867  0.60759130938737871  0.61751973266695792
  0.62717822537051549  0.63675354308607834  0.64672966788084685  0.65721385548302447
  0.66779280449621992  0.67883022231836876  0.69029024324436083  0.70184962543997642
  0.71346110103030635  0.72503012841304471  0.73669410022469350  0.74859703327483751
  0.75986173746314645  0.77150340454067245  0.78194567393331260  0.79254177912348001
  0.80268294863732714  0.81282106130680765  0.82321970793231236  0.83336239694882197
  0.84403820264425400  0.85472980300652424  0.86577577514109516  0.87697838785447735
  0.88816937673614815  0.89889491848234127  0.90944628415898021  0.91956590952897765
  0.92933957233803222  0.93924897759822590  0.94891888128255841  0.95811115519608780
  0.96760536897637650  0.97726501601856841  0.98878929512451263  1.00000000000000000
 -0.00241988212584586  0.01045421560935776  0.02002167760967834  0.03044150023756567
  0.04040025174796761  0.05068326361243591  0.06115784746809573  0.07188359077641487
  0.08282611090533859  0.09311461426182455  0.10352914715043895  0.11430129666471250
  0.12478426001904498  0.13559805021355797  0.14624467420714560  0.15682341821854368
  0.16718057740338510  0.17780037368384474  0.18837599111723552  0.19867771702548709
  0.20904798325719046  0.22006263855772484  0.23110958122972680  0.24089461623185060
  0.25075599535696141  0.26059726632550473  0.27080671156095903  0.28126847625105772
  0.29203783244263137  0.30282940592024371  0.31365497236509882  0.32492852939268685
  0.33631622950400636  0.34707230349621343  0.35752744683397769  0.36769987529403553
  0.37821128164390200  0.38852995084195879  0.39880945647848520  0.40899121265449961
  0.41893229783866626  0.42879116195271683  0.43893307032597007  0.44929988119614778
  0.45986043546900185  0.46999727324721630  0.48007446355475641  0.49043731722142175
  0.50100770284673546  0.51178249789742580  0.52238929149072522  0.53283812336251291
  0.54352032730648892  0.55409818755555695  0.56516510505557316  0.57659783287226363
  0.58771933035746216  0.59824376595061290  0.60883348787497138  0.61988841910313042
  0.63108532595004996  0.64200517412467373  0.65290987455519134  0.66372840170702974
  0.67404163805307682  0.68456252550518037  0.69531583645526529  0.70616824508600495
  0.71695146721690561  0.72801045706882783  0.73941059425660227  0.75088797458190515
  0.76240553907641218  0.77363403444836276  0.78452558722626342  0.79504832896437694
  0.80564263703931072  0.81631697956996085  0.82672869978282992  0.83696132328711881
  0.84718838518539274  0.85744819619057999  0.86734810336880386  0.87704466300655126
  0.88696847248024191  0.89768910459348550  0.90848635451588700  0.91907600602905548
  0.92851064731109700  0.93811678018714251  0.94756770578276472  0.95810011429491371
  0.96815170316020982  0.97858899971844504  0.98924698251178178  1.00000000000000000
 -0.00121595697015528  0.00970676082035229  0.01965782304996192  0.02905227337709887
  0.03941115592177441  0.04970309268265220  0.06013713538071519  0.07033474199061074
  0.08087951432279508  0.09165673774399656  0.10250996912614586  0.11272485244901648
  0.12269138528389045  0.13280938653749985  0.14325356706407399  0.15371070275078966
  0.16413484083052240  0.17487232927851382  0.18585234252610403  0.19681964367456289
  0.20763550960078470  0.21823017717304893  0.22852612313073603  0.23826748280917542
  0.24774381822847238  0.25746024871746381  0.26748778056740963  0.27741056612046638
  0.28733589986193020  0.29771220001658061  0.30852961136617302  0.31934460884099997
  0.32986306687815425  0.34038886578034033  0.35096637660102492  0.36177604251303946
  0.37241848429469421  0.38302721805135848  0.39353410754053236  0.40393775955321820
  0.41383107091447652  0.42335415928614467  0.43283520617444404  0.44252721288841362
  0.45236726056365772  0.46254411734475842  0.47313878770236789  0.48432161808890606
  0.49580369625132797  0.50723875816886599  0.51842958704706243  0.52933413534583285
  0.54036720927461424  0.55178884506629911  0.56343511592882356  0.57507857464696610
  0.58639502751290651  0.59757026895270471  0.60876788932865900  0.61975483547194288
  0.63097952771513521  0.64211540228502717  0.65300717140977260  0.66354054003092500
  0.67380834006623569  0.68396665709104199  0.69367503424010080  0.70313286678384024
  0.71266344159681028  0.72239061987547104  0.73236133585435825  0.74238119413073800
  0.75259450388891114  0.76314978470661765  0.77378575545396489  0.78414945262024371
  0.79432884034763662  0.80461741751810245  0.81516256554835154  0.82571845459654503
  0.83618645379387668  0.84665915997097874  0.85733765496659486  0.86816265231120449
  0.87857430326411601  0.88891539112302287  0.89998340123727139  0.91143560447875005
  0.92246615910651153  0.93263578671213343  0.94287130529754548  0.95364876607509785
  0.96452583174625228  0.97584845549591370  0.98785167198926516  1.00000000000000000
 -0.00294753520744665  0.01098298708207816  0.02202248645797553  0.03243883193417425
  0.04294265025076238  0.05340793014971160  0.06402722488608877  0.07418715586379716
  0.08410130411430154  0.09366069091545183  0.10331959864068960  0.11214644279720305
  0.12101845274628895  0.12989685165832113  0.13947022709292309  0.14950843878418818
  0.15981698717622106  0.17045437507365721  0.18116957481258419  0.19165290653627998
  0.20193081093451859  0.21212603320493176  0.22239041856828023  0.23276933310977752
  0.24347342666719143  0.25426404445287532  0.26466357595468404  0.27525867123691350
  0.28601506496100748  0.29724416683962895  0.30837218563780538  0.31920718486557459
  0.32982929685329376  0.34036544889671627  0.35120642363141724  0.36218977642814759
  0.37332301174668092  0.38443965889522685  0.39540258446116544  0.40621744904675644
  0.41722270784165649  0.42832674978392776  0.43979284302211163  0.45123886053480422
  0.46272757598390701  0.47373737734755506  0.48466200705549589  0.49573448912005286
  0.50674275099833099  0.51728227930468962  0.52821744477640564  0.53823148808219545
  0.54895260738165441  0.55921875418737232  0.56979782555420844  0.57988786449321261
  0.59028043162979305  0.60072252080531030  0.61139789777830578  0.62169411544377495
  0.63183834865534483  0.64134793631514442  0.65053076556149325  0.65956954430918113
  0.66891538223682279  0.67846154622885302  0.68830928137598169  0.69923441977760581
  0.71038539585101212  0.72114768183074640  0.73154802787543527  0.74153964989474463
  0.75110206043435146  0.76079831857764102  0.77083124358265231  0.78179921252086526
  0.79283498188499091  0.80391392467771050  0.81501598150991672  0.82639440162770306
  0.83800449930590737  0.84987456951938278  0.86119946046349316  0.87224217668187842
  0.88254972411889776  0.89302650542275008  0.90345052810989812  0.91399077570668408
  0.92435781625024394  0.93446244552218638  0.94475604767365706  0.95531859347131676
  0.96628263261896752  0.97737497368275494  0.98866599312804260  1.00000000000000000
  0.16744515305137977  0.19547903974765646  0.22344612763447383  0.26324532766933578
  0.29262620840787723  0.31797251985739200  0.33825301622734799  0.35645262339206790
  0.37231597716408393  0.38615631988722948  0.39895884220178141  0.41152418374857463
  0.42376100864782945  0.43540269461898917  0.44654763535422998  0.45745869555557117
  0.46803488261753867  0.47806703678817641  0.48777747989428272  0.49727077279001675
  0.50659314170994874  0.51544814679486273  0.52403152321322144  0.53248837957102169
  0.54099795744741697  0.54962099822275334  0.55829661100043648  0.56674352658751104
  0.57497109255544021  0.58303753020660720  0.59104709655846799  0.59886156933772416
  0.60647691788934177  0.61370375818486045  0.62095070241219041  0.62821243993791087
  0.63525907676316007  0.64197944384278394  0.64862010517291369  0.65524482948231466
  0.66189158275256688  0.66855188221674966  0.67515183604349904  0.68156374121831498
  0.68792801160192651  0.69415977411204366  0.70047837294705095  0.70675227648912931
  0.71282348582996491  0.71879769394485493  0.72473802744199134  0.73078563523961870
  0.73691865291874004  0.74311933565590527  0.74937114477139877  0.75547145969642204
  0.76148613254609343  0.76756023967637843  0.77381243150636647  0.78007712870005763
  0.78619397435949379  0.79202935990580126  0.79786430199855252  0.80372753969417410
  0.80967306997472943  0.81540756081187982  0.82099365353348475  0.82653460219676211
  0.83210467081739214  0.83775148634629659  0.84321494119946139  0.84855754438530107
  0.85387025794059013  0.85915228447985481  0.86452685768663073  0.87000621012184365
  0.87553779530948939  0.88113194104592241  0.88672805141966460  0.89222325328551566
  0.89768738670432058  0.90329983340481279  0.90901430685684137  0.91499521097914704
  0.92089837366866212  0.92680556271976011  0.93282280234742387  0.93892798210970196
  0.94519669066980150  0.95173958236718337  0.95895045030258474  0.96658089683888704
  0.97375142468631148  0.98101491474502112  0.98960256700948590  1.00000000000000000
 -0.01499111825706090  0.09089593834413789  0.12867406345241153  0.15322547027800157
  0.17260018523493068  0.18857830555866978  0.20219620165979663  0.21416851572545198
  0.22528420393660761  0.23555742594021781  0.24544357460239088  0.25483811840837034
  0.26392105180087144  0.27301707265519015  0.28198643110388277  0.29074496201868727
  0.29898269583384640  0.30691887636646581  0.31478165741637043  0.32225609348472339
  0.32958672623117036  0.33674814179238072  0.34375059787476797  0.35083275406683095
  0.35753971406439877  0.36416188738421673  0.37070203087161469  0.37721681211267594
  0.38374558431006878  0.39019889108218891  0.39649857140989808  0.40262889672520291
  0.40863741721939140  0.41466195998853633  0.42057669351480631  0.42623257939284054
  0.43169853024120319  0.43703087281264008  0.44266536561112707  0.44863828798656263
  0.45476922088637367  0.46088127848568511  0.46683926351091537  0.47259117493478947
  0.47831088769882457  0.48423804698952183  0.49041615379474540  0.49670431583628960
  0.50300747215808328  0.50921655225646612  0.51520219912200027  0.52097327146037109
  0.52660677723622273  0.53228534622361323  0.53808961172293479  0.54398023169913157
  0.54992231230500177  0.55593035346532871  0.56185698135079154  0.56764811691048367
  0.57330724616532824  0.57891519149797377  0.58471350061880067  0.59069932823791826
  0.59686481005880021  0.60297949756449254  0.60881334282816568  0.61452579488065184
  0.62031607772715613  0.62646630346611631  0.63345077191560384  0.64052356624367313
  0.64758071147281060  0.65454129624486601  0.66156421097435369  0.66851936960947900
  0.67568977996707458  0.68294019230349978  0.69058247426654029  0.69822610087974524
  0.70586817619357645  0.71395479943929796  0.72247345515568906  0.73143742831009362
  0.74114752045482224  0.75143820436300024  0.76269621344282001  0.77456250334394749
  0.78713641434910420  0.80078998428729153  0.81566490958212234  0.83235568051221753
  0.85200745542032819  0.87575955862841537  0.91357322860575352  1.00000000000000000
   5.0099474236332975E-012  -1.0000000000000000     
 F F F F F F F F F F F F F F F F F F F F F F F F F F F F F F F F
  <DiscreteSampler_grid>
  grouped_processes
  1 # 1 for a reference and 2 for a running grid.
  10 # Attribute 'min_bin_probing_points' of the grid.
  1 # Attribute 'grid_mode' of the grid. 1=='default',2=='initialization'
  0.0000000000000000 # Attribute 'small_contrib_threshold' of the grid.
  0.5000000000000000 # Attribute 'damping_power' of the grid.
 # binID   n_entries weight   weight_sqr   abs_weight
    10   10   1.760040899756572E+001   7.179077199465351E+002   1.760040899756572E+001
    11   10   1.760040899756573E+001   7.179077199465357E+002   1.760040899756573E+001
  </DiscreteSampler_grid>
