 -0.00250753984109099  0.00948585839291996  0.01964401720585115  0.03016462109369285
  0.04071398153463774  0.05125783644061237  0.06180034589054096  0.07234739320861282
  0.08289801599188891  0.09344668831460066  0.10399176693055753  0.11453817816223445
  0.12508192570639357  0.13561493292321358  0.14614598675258439  0.15667969922588240
  0.16722787356822041  0.17777537422153392  0.18832557558093330  0.19887298316663110
  0.20940934360489327  0.21994099532353653  0.23047086982722062  0.24101425855702868
  0.25156482536929026  0.26211295916932398  0.27265356244300765  0.28318683860932081
  0.29372768150689299  0.30427542948956421  0.31482641376461556  0.32536977632119490
  0.33590828416397178  0.34645088242501038  0.35699410314853847  0.36753926644159557
  0.37807373203432321  0.38861079143063998  0.39915120480337013  0.40969459107183159
  0.42023567016732538  0.43077487800525610  0.44131576058559074  0.45185587232406432
  0.46239265214293779  0.47293478746330092  0.48348420101834072  0.49403808331898474
  0.50459163770311566  0.51514479781691591  0.52569826974540868  0.53625274334780437
  0.54678463501294960  0.55731602791408152  0.56784505959463372  0.57839568369065364
  0.58893666196537831  0.59947451537882268  0.61001398082564473  0.62056468298238154
  0.63111186530308050  0.64164190750297123  0.65217322503282893  0.66269817737814118
  0.67323837746929971  0.68377610483475804  0.69432621554600948  0.70486314193134025
  0.71539241193018632  0.72592048952101274  0.73646093235023991  0.74700640476924585
  0.75755012622134588  0.76808737393630311  0.77861931472721291  0.78914639449040214
  0.79968001535799249  0.81021971519378533  0.82076943955531778  0.83132166230992066
  0.84186675010825796  0.85241089809751858  0.86295226094230881  0.87350092500703735
  0.88405079096430617  0.89459961934968091  0.90514865265379574  0.91569532108081664
  0.92624146206776303  0.93678108306507479  0.94731717344337452  0.95784920804079887
  0.96838500964004370  0.97891843284030955  0.98945914276269609  1.00000000000000000
 -0.00249362935541865  0.00953198056685062  0.01969697002672504  0.03021637598614500
  0.04076217918647092  0.05130571838487294  0.06183937002111858  0.07237449477454209
  0.08291024812604904  0.09345532145594457  0.10398647896677067  0.11452286055464407
  0.12506023475502026  0.13560428039429331  0.14614987432474039  0.15669121266218394
  0.16723921996450189  0.17778806160619651  0.18833214507975243  0.19887462823415358
  0.20941263529007909  0.21995882306866310  0.23050335841331951  0.24105408358760602
  0.25159970192813935  0.26214873136061745  0.27269498000577380  0.28324617202291008
  0.29379683409200130  0.30434142358460331  0.31487940255303332  0.32541841766349805
  0.33596578713398106  0.34650424721575068  0.35704086078928043  0.36756836140157484
  0.37810801825239693  0.38864331494713833  0.39918540152514070  0.40973008941754724
  0.42027555127802874  0.43081614203405999  0.44135380987781686  0.45189236846158326
  0.46243873008383046  0.47298276210359630  0.48353193140537903  0.49407439358177674
  0.50461786990476587  0.51515182958908912  0.52567911969923364  0.53621237051699056
  0.54675022959620601  0.55729856014695267  0.56784236529658749  0.57838959250561994
  0.58892702974475941  0.59946276796639231  0.60999898225687277  0.62054745794856137
  0.63109804529984037  0.64163985801133672  0.65218101036356313  0.66271874124368790
  0.67326692165178625  0.68380518298538351  0.69435099117142562  0.70489543805778410
  0.71544824009924468  0.72599773458454364  0.73652989814884751  0.74705960970841889
  0.75758759657817532  0.76813247067269630  0.77868243330121489  0.78923487325740549
  0.79978175444946531  0.81032500059256984  0.82086791578896845  0.83141314017175638
  0.84195378731155435  0.85248463127917185  0.86301997263291652  0.87356366898428661
  0.88411814926196974  0.89466767787695944  0.90520723911983625  0.91573520985617740
  0.92626031909431861  0.93678970633894776  0.94732792422741186  0.95787796772479084
  0.96840237479778535  0.97893758861885405  0.98946094275481666  1.00000000000000000
   1.2070928896460631E-009  -1.0000000000000000     
 T F
  <DiscreteSampler_grid>
  grouped_processes
  1 # 1 for a reference and 2 for a running grid.
  10 # Attribute 'min_bin_probing_points' of the grid.
  1 # Attribute 'grid_mode' of the grid. 1=='default',2=='initialization'
  0.0000000000000000 # Attribute 'small_contrib_threshold' of the grid.
  0.5000000000000000 # Attribute 'damping_power' of the grid.
 # binID   n_entries weight   weight_sqr   abs_weight
    10   10   1.946898240000001E+006   3.790412756915101E+012   1.946898240000001E+006
  </DiscreteSampler_grid>
