  0.00980421568440044  0.01533226067970113  0.02419330808274687  0.03496747500861286
  0.04537695815974736  0.05546268133766730  0.06601529108159739  0.07746169720070897
  0.08859398657973422  0.09952017971395420  0.11009691362393462  0.12119379704452735
  0.13161507211427259  0.14190038895594331  0.15184194575887874  0.16202589807365234
  0.17269645514582527  0.18340784302464541  0.19379108651843358  0.20407032792208149
  0.21425793975702884  0.22449556354271116  0.23504078693536382  0.24587621864537784
  0.25658149640072037  0.26698081408827457  0.27711129238768911  0.28721027406298411
  0.29742522641596636  0.30761004311505691  0.31774877852086630  0.32781252697286029
  0.33812300648008908  0.34877010436657141  0.35961105574192043  0.37084694059436812
  0.38185849637479791  0.39288278672926835  0.40376641042525763  0.41471116209408543
  0.42550684370975234  0.43601487827352353  0.44612129942118955  0.45647567989544191
  0.46723876173730416  0.47817579979994823  0.48867164542052188  0.49881502923251764
  0.50912710406884720  0.51995446275218704  0.53107372972981182  0.54240208995514771
  0.55288489834785326  0.56343988878046825  0.57376913467492507  0.58410473364515725
  0.59426175968815897  0.60442364389558478  0.61494348640953844  0.62587280977375492
  0.63696206064289651  0.64814684569502612  0.65914619174706879  0.66997643758637115
  0.68078134662815126  0.69164252407806504  0.70164679267122831  0.71076793245100833
  0.71995969613702993  0.72923096042907432  0.73913711495717105  0.74899680156363180
  0.75955906124538519  0.77022847462319055  0.78089280275154194  0.79121728470145458
  0.80179286448806952  0.81223848514004682  0.82238314661931511  0.83263371669292563
  0.84311413274881264  0.85374361328173265  0.86439892831811971  0.87552213567559256
  0.88714022206722043  0.89827890833514479  0.90885986514671524  0.91928225321130308
  0.92951469046889090  0.94003458466975820  0.95033860163671013  0.96090583055432000
  0.97131846854940485  0.98435518463023630  0.99046329895285379  1.00000000000000000
  0.00081084732698856  0.02134033203497913  0.03723084095845906  0.05046655782513112
  0.06285701418078973  0.07509548983909005  0.08697289259955987  0.09853630408226367
  0.10961084513477079  0.12040784941891289  0.13080290778005785  0.14082595160968422
  0.15095301984717410  0.16111746067971047  0.17129482133954707  0.18137287389047749
  0.19180216657567586  0.20244499347956746  0.21287459692490160  0.22305877445038058
  0.23302355776684383  0.24277850804761239  0.25246932747949902  0.26227660829077076
  0.27258597915092725  0.28321043265122142  0.29355134377017350  0.30354862910205144
  0.31363946425057398  0.32424193049943151  0.33497596787845613  0.34515211954193659
  0.35510331720579408  0.36488967378676679  0.37506626029038476  0.38499820385132638
  0.39495386848164327  0.40518468344395070  0.41558735586782858  0.42594177421684815
  0.43535993591042332  0.44565841540750439  0.45617733114182080  0.46686918793883569
  0.47714036079129923  0.48696829886712045  0.49674599353077187  0.50676869972609573
  0.51683163874081683  0.52709123923959667  0.53769063029224284  0.54822150446013496
  0.55830281500899293  0.56828849629219791  0.57814601709101843  0.58816990498595956
  0.59829034285623006  0.60849240899716239  0.61916112333480944  0.62951401066400392
  0.63943318569933794  0.64900031950220982  0.65870844160499065  0.66839312179385324
  0.67805722253404976  0.68785821133291114  0.69800093138611441  0.70845843063011915
  0.71761127758133569  0.72724153273569914  0.73658034452616883  0.74618148211097823
  0.75593281674782098  0.76581249290260978  0.77699806250256154  0.78867433192754066
  0.79967544354338416  0.80969551854418720  0.81959533271866292  0.82981325148207996
  0.83989181901770149  0.85012624597782649  0.86039106396126452  0.87024466572535486
  0.87998659380643562  0.88998844500877283  0.90052715474265810  0.91105619156900253
  0.92143878032120352  0.93160747949193734  0.94180495265674546  0.95167505431117216
  0.96164223038843544  0.97158720133036458  0.98171159631014071  1.00000000000000000
  0.00000252433859566  0.00000592354018235  0.00000943047286474  0.00001301316580045
  0.00001646446575189  0.00001997660350248  0.00002408739818200  0.00002888691428143
  0.00003452638305811  0.00004119500464422  0.00004874798130323  0.00005741082741314
  0.00006684984473842  0.00007669936203734  0.00008660636360506  0.00009674857021315
  0.00010707612183497  0.00011755572470669  0.00012809138468780  0.00013906796217029
  0.00015068639739899  0.00016286448621159  0.00017560658145234  0.00018860946939811
  0.00020208428696128  0.00021572503363938  0.00022979920043576  0.00024482577457008
  0.00026070539870706  0.00027730576109878  0.00029457248157354  0.00031237799121636
  0.00033062606481270  0.00034895978497777  0.00036739613871018  0.00038635435681964
  0.00040573001600429  0.00042632012838652  0.00044777497868068  0.00046996332961404
  0.00049404877093937  0.00051942831637251  0.00054696248806470  0.00057697524562440
  0.00060625097022889  0.00063175628999151  0.00065727065582737  0.00068335561874934
  0.00071122674284308  0.00074197562337278  0.00077353837570886  0.00080427977114013
  0.00083474272682572  0.00086501027280230  0.00089760067902085  0.00093312229555447
  0.00096940636230802  0.00100525723216099  0.00104098337732842  0.00107813132987006
  0.00111509335796092  0.00115396258139868  0.00119783075722128  0.00124029434334710
  0.00128057648714647  0.00132441293529676  0.00137124104856148  0.00141935264063377
  0.00147063929137903  0.00152985648848015  0.00158853251699411  0.00164668980861940
  0.00171725495072346  0.00179210688047324  0.00187009135016070  0.00196135846485498
  0.00205060820338386  0.00214159284509210  0.00223786677847790  0.00235332855510419
  0.00248945558359718  0.00266835990794993  0.00287809918996506  0.00304964953059964
  0.00321590740828959  0.00338125212223316  0.00356593825033212  0.00386390925803020
  0.00417672496153328  0.00443115142473193  0.00501404530540479  0.00599184163774493
  0.00706906746310779  0.00735105132720132  0.06835566248654829  1.00000000000000000
 -0.00222989128895146  0.00980980854919033  0.01987965018966224  0.03012447022812396
  0.04040884529709698  0.05113597336808776  0.06173695237820093  0.07269505379901536
  0.08389586984845331  0.09586916835581889  0.10689705630160196  0.11752553696746834
  0.12841873323832753  0.13866552975605373  0.14876854349017804  0.15836410110936053
  0.16824111747571222  0.17802335768464767  0.18764273813919222  0.19766636244540742
  0.20789364458198334  0.21862209460453688  0.22930312186456303  0.23929524703335764
  0.24911962669855667  0.25926603392294834  0.26965857179993746  0.28028333071996869
  0.29114341881801470  0.30212817022851102  0.31291915711809903  0.32299043035556535
  0.33276498434050694  0.34292164239684858  0.35293470822173229  0.36294040594402033
  0.37273041431543735  0.38334435824743140  0.39430493723874677  0.40534851911420822
  0.41603213074003781  0.42634781927338244  0.43669660529566173  0.44689083728867213
  0.45711149612660562  0.46738244202585666  0.47791602508638925  0.48888586774044418
  0.50006390113268329  0.51125578893399259  0.52267586034731195  0.53404123067763620
  0.54509017300497109  0.55609350943742986  0.56733882209743358  0.57902167401604721
  0.59028137700198247  0.60115989922584212  0.61209450833924495  0.62322980203914713
  0.63431479391900580  0.64522320833342439  0.65571284590531398  0.66599327224547911
  0.67634342603193731  0.68662554784749119  0.69751020611802161  0.70791616278562297
  0.71808962651300168  0.72821214468102102  0.73868785483866783  0.74884853120658357
  0.75886316854647629  0.76889786745448163  0.77937189089573577  0.79012294290426288
  0.79995542540450149  0.81037454586998381  0.82102471872141802  0.83199913434962458
  0.84233538991029744  0.85192186784318236  0.86198495218603777  0.87248771245065293
  0.88338225198802134  0.89395852853581403  0.90459215465393705  0.91571005018038165
  0.92771040015667472  0.93925578275339516  0.94994519625355567  0.96017224121736711
  0.97030142511566864  0.98004777155626255  0.98987645340601405  1.00000000000000000
 -0.00258464040948549  0.01075677778610772  0.02137239233675415  0.03222045881443788
  0.04265005876409498  0.05299299463405352  0.06336810136992044  0.07391259719754306
  0.08421925097252658  0.09414595993981753  0.10421933818275392  0.11459988773959941
  0.12555876831238835  0.13646811665087652  0.14721628512289600  0.15800664458982211
  0.16912237149974529  0.17998766431954322  0.19040850225908557  0.20106975277911168
  0.21173267548339020  0.22225341663267062  0.23274201301692621  0.24355202875228885
  0.25419531474144802  0.26514380090267486  0.27610478369722302  0.28723993085079419
  0.29803285103148730  0.30892989610077937  0.31952690513995730  0.32977089481520699
  0.33965566053773827  0.34975709839908170  0.35991839833205486  0.37039376242621269
  0.38076004713474459  0.39158304844203379  0.40243500270447335  0.41305092785869485
  0.42392405229832436  0.43438891007914598  0.44556553110056257  0.45651079271092415
  0.46729284305775054  0.47792974682021661  0.48827719057919777  0.49830734204994753
  0.50824625651996158  0.51855862071725101  0.52930102476156982  0.53999032876716224
  0.55056717742867778  0.56096355652356666  0.57177459446039336  0.58280711899765814
  0.59377451986245300  0.60445188082185164  0.61526757469103066  0.62625558214014654
  0.63741579295014728  0.64827895477930197  0.65862238511517479  0.66882791450905044
  0.67883413009192495  0.68898270810590456  0.69883637109774555  0.70888436840353697
  0.71883885310680184  0.72891982104555575  0.73889423372261931  0.74923660254089075
  0.75942755957091046  0.76920567011768848  0.77873414853807643  0.78825504399408308
  0.79815401115652174  0.80811031257220689  0.81825386478160489  0.82846175529189248
  0.83855364165218649  0.84866314691021916  0.85900279100324628  0.86993516183073749
  0.88105743052434549  0.89186282487790403  0.90260749486591574  0.91312761353112648
  0.92369349385892452  0.93395998977496386  0.94434082210766246  0.95507615517416133
  0.96595697467105224  0.97684970347186884  0.98822016717162542  1.00000000000000000
 -0.00272861998630968  0.00956109175853634  0.02023720120321731  0.03107610791654250
  0.04162309269902324  0.05193421327868940  0.06240742607823413  0.07311228398310890
  0.08386644449941601  0.09437951323554918  0.10517572137456757  0.11637097215944314
  0.12775158330429576  0.13855271977507255  0.14875837422396054  0.15886301760737104
  0.16932410814479251  0.18017330090853440  0.19109563893099957  0.20194933282552952
  0.21308913196106127  0.22410717149857079  0.23511162757839763  0.24569439435043647
  0.25663963499938136  0.26799440174627182  0.27960810135521325  0.29153281350496096
  0.30367523563776944  0.31561127076932771  0.32687287302770796  0.33782002562118063
  0.34868323486588015  0.35932615194738537  0.37004512243337251  0.38119689669717205
  0.39284844769481758  0.40440484932652204  0.41552066291206430  0.42680698993796728
  0.43798416107224708  0.44904383245007468  0.45966588407517256  0.47018805476393788
  0.48058329778281134  0.49128929681456757  0.50268294774854827  0.51488645535436850
  0.52591054408380800  0.53664720348777206  0.54740349047778580  0.55802919619486524
  0.56829726408435643  0.57793312029184041  0.58781533736517488  0.59794147737509096
  0.60795301951000480  0.61792156836709577  0.62766076495957679  0.63776052896369828
  0.64810696518060740  0.65819564828555566  0.66814050654762036  0.67799198591249721
  0.68809684159276896  0.69855797390237195  0.70906228516322745  0.71966005430853330
  0.73000207908709180  0.73984970677713835  0.74951128428938407  0.75921788570785054
  0.76915814515291980  0.77914548048218990  0.78904842258699659  0.79884138006084315
  0.80853528309167333  0.81843465032585627  0.82906959273784309  0.83945828796470956
  0.85025279284624977  0.86062791847734899  0.87101264811527601  0.88102237257298399
  0.89156807989134124  0.90231309648128066  0.91320850570748691  0.92289003080465826
  0.93236280166363028  0.94187967428317898  0.95131362954239773  0.96092696129435651
  0.97017654113257745  0.97975659372389068  0.98969845778690702  1.00000000000000000
 -0.00213539915588662  0.00910365832346714  0.01881942963950927  0.02838813348509009
  0.03819791709343809  0.04836610587206414  0.05854316023787850  0.06871309555244462
  0.07891132853853358  0.08950952565350034  0.10030113548571998  0.11049437023562129
  0.12022747253729532  0.13075142744476420  0.14140671990825954  0.15240144471743103
  0.16224362742408049  0.17302152513676045  0.18399780696469797  0.19504918964144416
  0.20573477477192226  0.21671142190198556  0.22788432502632947  0.23944440482027030
  0.25149300295406540  0.26353803161319445  0.27503678824954425  0.28587406690366723
  0.29642975586045400  0.30678980515486992  0.31711714908206762  0.32754947340929114
  0.33805653862553331  0.34882462937634373  0.36002863584048667  0.37145151020275802
  0.38281419225095659  0.39391149142666526  0.40523835821689042  0.41663466782147507
  0.42854733934392453  0.43992804939223323  0.45073234184586630  0.46077603998181155
  0.47100905049489095  0.48165727279094778  0.49295209149481806  0.50400951293247043
  0.51482859640578027  0.52514143753838194  0.53548576167496553  0.54578458381588446
  0.55575969629958588  0.56572597597006025  0.57625218755995478  0.58668662221755186
  0.59627753050411625  0.60529683585479166  0.61463909043356768  0.62392830748396821
  0.63411352313182268  0.64418033321395063  0.65505985538689160  0.66595208735399225
  0.67594109653257928  0.68584675950945773  0.69557562985049559  0.70605915256162777
  0.71697643950701662  0.72778552800962659  0.73912538452256415  0.75047012264423640
  0.76192393284346938  0.77343600406643220  0.78477747773320083  0.79575450122579616
  0.80631198411714011  0.81671049608965940  0.82751395457532351  0.83814910819824406
  0.84847770192212635  0.85837801852321038  0.86804387853897025  0.87810467476541643
  0.88838930701689289  0.89874052875608057  0.90896819661363870  0.91938759702787876
  0.93045412300537522  0.94130917965339334  0.95123681361671841  0.96101445461745716
  0.97075729646111908  0.98057434896902784  0.99030625567728314  1.00000000000000000
 -0.00262010333552302  0.01076254363781350  0.02202511080870372  0.03353415777039819
  0.04471262998104645  0.05528521952912267  0.06607565292113005  0.07708612862023050
  0.08878596693511533  0.10053280974346825  0.11160185396995259  0.12208789252588813
  0.13267180410432766  0.14298368594423672  0.15307947229714153  0.16312463602568697
  0.17353983669182060  0.18390318162064995  0.19386732814920657  0.20385707111235774
  0.21428454000713396  0.22531387954563797  0.23619575895058639  0.24699760832748188
  0.25759559742760135  0.26842833623463119  0.27874631358576973  0.28934300592851087
  0.30021228217029050  0.31179018270024378  0.32337424657692293  0.33470409189536571
  0.34522807628896579  0.35531116083684777  0.36581705995835084  0.37643711525449436
  0.38717698448921134  0.39782213041945164  0.40883610132217529  0.42003217039439311
  0.43098859002704165  0.44144746198712076  0.45142094573993974  0.46157643678679883
  0.47201783364558364  0.48208326896823439  0.49166266755109267  0.50110446585110147
  0.51158266169257283  0.52285885144891653  0.53463951935388410  0.54625826453586701
  0.55738722214710545  0.56784682449619617  0.57799812401738948  0.58817071417250921
  0.59834733347142122  0.60850149473873560  0.61820067698104686  0.62824142050551268
  0.63880438651864913  0.64989839272021699  0.66096119030912781  0.67221045918640054
  0.68322155313130184  0.69396940351237857  0.70396839300025216  0.71439196977587482
  0.72532121393720839  0.73630733579512864  0.74702838574891883  0.75720953218552189
  0.76758623208657584  0.77812875209705723  0.78881205242660302  0.79942869873596412
  0.80971218093971442  0.81977030001919660  0.82943626933377290  0.83900686370486921
  0.84838067828850794  0.85838441644753705  0.86906336421919095  0.87995086497506680
  0.89084882105847973  0.90135576844915744  0.91199235762582354  0.92227572435914851
  0.93189211966397578  0.94104619236281151  0.95011793087516072  0.95968542931248435
  0.96991313777001287  0.97989804528844549  0.98999617448970278  1.00000000000000000
 -0.01714761960763134  0.21766551664437514  0.30237083315151203  0.33480027707175908
  0.35404896855005485  0.36915284636016171  0.38285615953072960  0.39578128411718538
  0.40724698097931800  0.41848348289500503  0.42937790582896884  0.43986696205814307
  0.44986130613309916  0.45947823099075408  0.46892992211727141  0.47810928169899991
  0.48705727459544751  0.49579977453505786  0.50427109141592752  0.51274349185787715
  0.52112361072048397  0.52916110208390377  0.53686170243620601  0.54443501116190796
  0.55200614989628172  0.55948414344171626  0.56691964724516519  0.57420932423083892
  0.58130558114774911  0.58829617516816646  0.59524943157592736  0.60217230030215474
  0.60883816000645496  0.61527609602661593  0.62161510296268152  0.62782522434748689
  0.63410161817391630  0.64048927016142310  0.64678403840915510  0.65300526954690974
  0.65901280897842807  0.66517742759050269  0.67129979726423206  0.67745810191855049
  0.68351652867882251  0.68954565220964870  0.69569473845586915  0.70186609535595212
  0.70812260144588646  0.71430656171184692  0.72031100322259933  0.72617039519369520
  0.73193595193801453  0.73764570534256835  0.74337598109607039  0.74906114561851833
  0.75452500678113121  0.75979701342649730  0.76504423088575213  0.77044873218477250
  0.77609648631596118  0.78193486265369183  0.78769536191509970  0.79326995971016045
  0.79863622570354686  0.80386009991338514  0.80903125289319699  0.81414656917304895
  0.81947747185339015  0.82466421919095234  0.82975718950078292  0.83492617489110132
  0.84018154251646848  0.84557093926065718  0.85121027497136548  0.85688542646272725
  0.86247217754521632  0.86789948923437565  0.87313540933217548  0.87836851330443522
  0.88368018808970339  0.88902679941324325  0.89441913155561303  0.89994855373946503
  0.90546747050434551  0.91112157131082150  0.91705338757146759  0.92334699141266086
  0.93000936657569189  0.93642603386352208  0.94394278068022452  0.95190604508936549
  0.96054605814420579  0.97070665912903009  0.98364296580584387  1.00000000000000000
 -0.01962476309194371  0.10772800375898876  0.14267535331324335  0.16484485681418673
  0.18276710978076399  0.19797558555343453  0.21116498257398103  0.22334017233918499
  0.23458362688919657  0.24519106055027037  0.25523412765384551  0.26483313594314045
  0.27383181943459439  0.28229326207671585  0.29041258878680104  0.29805909497469213
  0.30546866239981318  0.31285099258867755  0.32013770564766270  0.32722131105808550
  0.33424294013436595  0.34139327288914983  0.34840394815392689  0.35521579269435533
  0.36181853766470967  0.36829849431470041  0.37473804431193575  0.38116434179692243
  0.38764439581698140  0.39387473667445722  0.40006030255389868  0.40604329849631687
  0.41222412208170334  0.41852971489029689  0.42466991165543810  0.43059465685972326
  0.43625987209733375  0.44189572297853291  0.44768546027306050  0.45353746581644827
  0.45942639397286489  0.46520715580266431  0.47087450883399878  0.47659526833405569
  0.48225856479083762  0.48779010583625526  0.49318083817707531  0.49859776059475991
  0.50374422332458979  0.50900463012663433  0.51418528014006037  0.51945474387798729
  0.52488880998555887  0.53049354211376520  0.53613503312160582  0.54163868798303338
  0.54714621413955911  0.55277157911447072  0.55848147207567078  0.56397744337187916
  0.56934043649241384  0.57470226337090413  0.58030689587735074  0.58624188520215559
  0.59226046894740336  0.59826163434335966  0.60425931504907116  0.61023144844270005
  0.61623351775932311  0.62242788286418005  0.62894950950605799  0.63556219387405921
  0.64185770881400117  0.64799268383184849  0.65436061894538078  0.66114136367867460
  0.66843001368414823  0.67589106492180773  0.68332485589534520  0.69097317940221192
  0.69904728632542934  0.70732144970010002  0.71568460446602289  0.72415088566160379
  0.73310818732737326  0.74266150886341720  0.75289099925179737  0.76355596934750147
  0.77482178161234905  0.78721777820192207  0.80131638088587109  0.81753674374041019
  0.83531068018031762  0.85572012532071429  0.88859703271578006  1.00000000000000000
   4.1150649604725621E-010  -1.0000000000000000     
 F F F F F F F F F F F F F F F F F F F F F F F F F F F F F F F F
  <DiscreteSampler_grid>
  grouped_processes
  1 # 1 for a reference and 2 for a running grid.
  10 # Attribute 'min_bin_probing_points' of the grid.
  1 # Attribute 'grid_mode' of the grid. 1=='default',2=='initialization'
  0.0000000000000000 # Attribute 'small_contrib_threshold' of the grid.
  0.5000000000000000 # Attribute 'damping_power' of the grid.
 # binID   n_entries weight   weight_sqr   abs_weight
    10   10   7.123987104402268E+003   2.278192179279890E+008   7.123987104402268E+003
    11   10   7.123987104402268E+003   2.278192179279889E+008   7.123987104402268E+003
  </DiscreteSampler_grid>
