  0.00292189128525140  0.01177051458442955  0.02176092847446256  0.03217782076732163
  0.04232106152325966  0.05241587802450855  0.06234561849964971  0.07277102796821659
  0.08249802226393935  0.09300244063598034  0.10354323228595926  0.11430728441653812
  0.12550767126300991  0.13672656504393543  0.14770066449807448  0.15831380546025844
  0.16882962539357171  0.17957457038765293  0.19015771339009599  0.20092651043145721
  0.21173323803493327  0.22256206849258703  0.23326671198048751  0.24387501514901683
  0.25406741436602609  0.26400949341052560  0.27382292817977927  0.28384186065006972
  0.29420750047085475  0.30475788423437949  0.31583138923935444  0.32706946029716832
  0.33871866701433462  0.35014735402777347  0.36130580778574478  0.37243453639915075
  0.38344333929772750  0.39448246580648466  0.40551139294600813  0.41634711832434695
  0.42689023775386242  0.43723161495492752  0.44767561082500795  0.45851604807245827
  0.46982411014863001  0.48131313248629509  0.49267733454039381  0.50373537320611195
  0.51454943351939664  0.52512644090058291  0.53548825580373638  0.54575674280363973
  0.55611912976243416  0.56672504178697336  0.57764134153233682  0.58838573911581105
  0.59886606596908309  0.60924529780513959  0.61935750311293980  0.62917795689027411
  0.63889131521172371  0.64904598197392838  0.66006811995046577  0.67150488761860583
  0.68274466797371469  0.69333898350250667  0.70348057579175249  0.71367336909983814
  0.72387412718246091  0.73426299205226930  0.74497355489640971  0.75583931173812424
  0.76692687741266141  0.77744363477587741  0.78799721218219343  0.79840966661302004
  0.80875694365242223  0.81881254048210206  0.82877869761026202  0.83876471383118489
  0.84902549483551348  0.85932978482016642  0.86943044402116965  0.87945144256566821
  0.88940869119200250  0.89932383155695150  0.90924902503402616  0.91937873244738244
  0.92942846462220507  0.93913607572330127  0.94841377145496863  0.95778930621938219
  0.96841431709476944  0.97895256166879130  0.98951467909857316  1.00000000000000000
  0.00971908890116864  0.01540268322370547  0.02446108529059463  0.03516462989605499
  0.04553338270998894  0.05562437194375426  0.06587133970396154  0.07598088329810615
  0.08621393436177574  0.09610955718716661  0.10616409981164399  0.11659493747007081
  0.12729780582422826  0.13798662591295394  0.14838167345639067  0.15863783453181055
  0.16910354292371221  0.18005563085704973  0.19133686183360388  0.20284596137669550
  0.21452748266144742  0.22615225203671588  0.23768467999176396  0.24835147249344697
  0.25845749759816289  0.26788346741219010  0.27736174839850408  0.28704775469533067
  0.29718696963618463  0.30767030455170113  0.31863644454195872  0.32992826965361655
  0.34087622699145587  0.35153542276920857  0.36221191307285999  0.37287843577848367
  0.38330954305017484  0.39385496996544933  0.40407242939278609  0.41433611278072829
  0.42472109771003741  0.43573671751714321  0.44648473340114775  0.45659067464370900
  0.46658801656232540  0.47678169223863931  0.48703336198719005  0.49731911131448331
  0.50790025336741429  0.51843411585736743  0.52872756927274456  0.53895916419442269
  0.55016380636099527  0.56167498613681510  0.57199092337832569  0.58231257806528491
  0.59246900780654033  0.60390888162229073  0.61463728281319174  0.62521513616155611
  0.63533914113085166  0.64550821694500637  0.65617636293430293  0.66703630264084746
  0.67781198789393071  0.68869832977231327  0.69912361417391911  0.70920197816539010
  0.71895850575063114  0.72892872046544177  0.73891385856087655  0.74870131512943061
  0.75838316245655835  0.76819692711744125  0.77824385069773616  0.78867504788033738
  0.79949850084294483  0.81058504683401122  0.82153522731828232  0.83235643554494509
  0.84317799409807492  0.85428945920015242  0.86489072426819980  0.87525451160495493
  0.88555764544401128  0.89631278029795403  0.90694124344345595  0.91735848842975687
  0.92779733077785420  0.93834909549583356  0.94911481369058281  0.96011982515704664
  0.97125089649312313  0.98156796761233422  0.99140403550757039  1.00000000000000000
  0.00000286224741029  0.00000690516344984  0.00001101184173461  0.00001467454100284
  0.00001824363193716  0.00002207804018288  0.00002652658060012  0.00003140465275561
  0.00003675004017522  0.00004278453940737  0.00004971427194625  0.00005750266742983
  0.00006606611035838  0.00007508925889855  0.00008432051804304  0.00009385581056811
  0.00010388157832623  0.00011430382440297  0.00012532647498713  0.00013699537141218
  0.00014933491947269  0.00016193357998370  0.00017482577065368  0.00018881860816438
  0.00020334518030654  0.00021846381097923  0.00023440269822984  0.00025105300028746
  0.00026875956112216  0.00028665274533368  0.00030495625138279  0.00032320024770454
  0.00034263654153502  0.00036244455939216  0.00038340368209843  0.00040386008346108
  0.00042499392575844  0.00044656735750868  0.00046988317070398  0.00049502476337879
  0.00052110102592699  0.00054724062184212  0.00057359739990422  0.00060004665673940
  0.00062808354823948  0.00065855471057280  0.00068884886589110  0.00071935656868803
  0.00074948789373680  0.00078075915239733  0.00081338257661281  0.00084738473988200
  0.00088028763962600  0.00091372517672937  0.00094736574466813  0.00098258374260005
  0.00102039977054222  0.00105993283142824  0.00109866934382558  0.00113894646576439
  0.00118526104758708  0.00123782265531149  0.00129369818401262  0.00134991814890864
  0.00141051052708789  0.00146769773467711  0.00153169135604019  0.00159621521452813
  0.00166157331020548  0.00172972862154793  0.00180894245116251  0.00188159644539197
  0.00196736245412588  0.00206055451116853  0.00214872211078399  0.00223220788577374
  0.00233987197444771  0.00250162446293892  0.00267038385690292  0.00284172190855376
  0.00306610096427610  0.00328565196453465  0.00341809911585628  0.00354822659891672
  0.00368668172950836  0.00387461632211499  0.00409419032960236  0.00429110149870236
  0.00451239462207047  0.00484075260375208  0.00535584312380176  0.00569436876604857
  0.00639877186134626  0.00735828367883867  0.06490061415833670  1.00000000000000000
 -0.00191428257247402  0.00845443757112530  0.01767628047885249  0.02754805432891144
  0.03798184536076207  0.04906270960661756  0.05992371494331907  0.07075738858053830
  0.08110086329063426  0.09205846042062847  0.10320405932235782  0.11439574506800321
  0.12563343441228020  0.13667695460201859  0.14790911709033178  0.15946466440045798
  0.17007388769989967  0.17996136378038935  0.18983840554447451  0.19980293086801618
  0.20969715893093613  0.21960624866300238  0.22992915904390632  0.24082421133746662
  0.25155206349154635  0.26205946782924683  0.27239688219598368  0.28305514061916515
  0.29410592651315270  0.30558783645700655  0.31667726241822530  0.32753447484123360
  0.33836288605165848  0.34937812735392104  0.35963670343171411  0.36969612497254012
  0.38025587951986328  0.39161579308606792  0.40264092475605645  0.41396237698991523
  0.42581125518718704  0.43756982383633397  0.44842236106469058  0.45879649088275110
  0.46917245789932310  0.47978690332903334  0.49073954167239414  0.50176807480546737
  0.51260943368102363  0.52364892744432934  0.53485218860848349  0.54620564475062083
  0.55719573632049946  0.56782790031558039  0.57800788673878301  0.58827400145564512
  0.59869681131297736  0.60928774500857430  0.61967216629581745  0.63034643635055343
  0.64137768816436713  0.65274142300341131  0.66393894814023779  0.67465598397180571
  0.68530089088033674  0.69595929847983984  0.70649087187412640  0.71692742115109420
  0.72746396573949312  0.73831704578397217  0.74910901838609367  0.76003002944786668
  0.77090888988326600  0.78122836561847486  0.79130902862389396  0.80158201509108451
  0.81225919725913798  0.82307965627220847  0.83371990394266715  0.84439875208563631
  0.85520644274637125  0.86578285651551457  0.87637661739815853  0.88670631526021415
  0.89687538320937488  0.90645426705718135  0.91549049401871685  0.92449878983584866
  0.93377386502201265  0.94352459915515641  0.95313415062640316  0.96275961427910739
  0.97235433666155158  0.98173991038269159  0.99092876143748199  1.00000000000000000
 -0.00262344313053469  0.00944442946077104  0.01998342184751243  0.03015864450639843
  0.04060197108492820  0.05115656301912325  0.06157629161369467  0.07251911074490941
  0.08338109726136048  0.09468206078526972  0.10549093163559101  0.11563547079608738
  0.12603781027231620  0.13684200120647230  0.14815389524680089  0.16029619769741360
  0.17156477152058483  0.18244322949979261  0.19280606880175599  0.20354624844113925
  0.21428232843446576  0.22473804907036007  0.23557832197593798  0.24732490108956556
  0.25899153497387972  0.27029718737163239  0.28032814918815735  0.29049243197431679
  0.30040942742935400  0.31072051221958097  0.32053243509749307  0.33007526210198851
  0.33963780864935811  0.34977717331910418  0.36076757428956274  0.37091547634486860
  0.38087508261973552  0.39100055191444971  0.40165964634881379  0.41251803242880264
  0.42326985358761232  0.43389139248965530  0.44456072774364980  0.45533479146551525
  0.46625011858409365  0.47767488186693924  0.48924868587946463  0.50058554095294772
  0.51138794450173697  0.52169300838395138  0.53161817512195075  0.54151462568322084
  0.55104469158137503  0.56061890793051405  0.57015515501302594  0.57985254383950990
  0.58953810818544716  0.59937213897651809  0.60944780179597635  0.61958161847446025
  0.62980651119756814  0.64010669438445778  0.65072541912950077  0.66168593355238758
  0.67225941625968344  0.68263736221595950  0.69311560213526924  0.70384802101321109
  0.71453168217003626  0.72500597312549320  0.73587285547129122  0.74700411286980961
  0.75784224952600920  0.76855541795645677  0.77917543953872481  0.78975364991478381
  0.80043434478018638  0.81145674258218525  0.82273610781260575  0.83404122283661419
  0.84463857304930234  0.85512268575603856  0.86508228119647912  0.87506778214623204
  0.88467325770741945  0.89460660006147963  0.90487219199841462  0.91516579657067776
  0.92537976923739385  0.93520919579843520  0.94576362702615846  0.95655087483331913
  0.96815728492213393  0.97907692422687465  0.98981639405034749  1.00000000000000000
 -0.00229648824566698  0.00910382201278355  0.01861960083447691  0.02832753873592394
  0.03807504208923729  0.04769946895373413  0.05748994013140864  0.06725288463934807
  0.07740071793170597  0.08740926665816921  0.09795326739304597  0.10845935262457106
  0.11839709853042157  0.12792975606877685  0.13770191989802658  0.14775769547656328
  0.15785424134560949  0.16796593828056300  0.17793100729911632  0.18818567700427413
  0.19840355128112888  0.20873016767786123  0.21924150638229473  0.22950889056471527
  0.23967697807553842  0.24995988407462358  0.26089756595549468  0.27196995988923717
  0.28293322618963274  0.29366286263481345  0.30517382120883918  0.31692758390223486
  0.32848448281328790  0.33895080706455211  0.34840085178819008  0.35771629003960070
  0.36733953602167690  0.37744512145078202  0.38773888495800757  0.39837867373624058
  0.40956169288957894  0.42055351291122856  0.43114106173815914  0.44159118241141371
  0.45180859057610295  0.46143463358999404  0.47069501764540511  0.48019589194400975
  0.49057612068449774  0.50147551424241221  0.51286756357842045  0.52423014275231805
  0.53556253010826005  0.54664032212668623  0.55771181029896266  0.56864149873074854
  0.57909405775228762  0.58939438588790038  0.59972129515999439  0.61018895357453096
  0.62083452384267990  0.63149708556480355  0.64240632351064009  0.65352492991233546
  0.66463640823774273  0.67537425454839650  0.68562876713498400  0.69588339657814757
  0.70641637484600384  0.71749906676901476  0.72862758765608548  0.73959223888472514
  0.75020279801211531  0.76112241004820336  0.77237031540005363  0.78371927273603259
  0.79479679710761064  0.80628803629488977  0.81731925331384636  0.82856863117361168
  0.83978508884925340  0.85094128667723268  0.86188162335935892  0.87302813583324079
  0.88468435165700021  0.89652110773266624  0.90723888726799062  0.91752805221308120
  0.92716854206490684  0.93732937481733847  0.94743409220346975  0.95727482251032259
  0.96769221322330190  0.97821424294877035  0.98911222130303011  1.00000000000000000
 -0.00189166273942408  0.00904382934543740  0.01852474611298193  0.02824607440611829
  0.03781865296106356  0.04737571434413589  0.05700130911257782  0.06737880028634707
  0.07792699632343461  0.08865460032522353  0.09918132514804391  0.10999925497794982
  0.12101602215307239  0.13219431074116103  0.14314233594261774  0.15373861313283307
  0.16413657780281560  0.17481357743889156  0.18583828211948036  0.19692077291410454
  0.20751123687600104  0.21817100596603115  0.22919060795476026  0.24061998521127895
  0.25236906946878213  0.26427118175323056  0.27606005923867089  0.28783782389116092
  0.30014917737981339  0.31231580734283809  0.32373001080992581  0.33461185880232824
  0.34540168909380253  0.35637131346157325  0.36732921302176896  0.37816022686430967
  0.38940928697418065  0.40089979437617956  0.41232352246599080  0.42315351370226917
  0.43359266940951546  0.44395221936461415  0.45422896359876408  0.46453891374313477
  0.47483361740703828  0.48532907210023701  0.49577940750362803  0.50607001550954622
  0.51625814609223397  0.52678548055167929  0.53756204282405584  0.54828920670351255
  0.55884618856594026  0.56948536656995830  0.58049758756389558  0.59185223242194829
  0.60278971226720623  0.61268103096638260  0.62200293339583468  0.63144221360964647
  0.64083665011346913  0.65030689449620205  0.66004375409694527  0.67025253867360424
  0.68049990002067529  0.69057103805990427  0.70049020606573487  0.71042066225489553
  0.72063884982554505  0.73072629876574957  0.74046896972022669  0.75000567989507705
  0.75990184625869572  0.77020625079807015  0.78048286864926697  0.79088814560442500
  0.80112313252939960  0.81127692783115102  0.82121780243058828  0.83128467941293582
  0.84184768840118274  0.85283869384233502  0.86374456549937251  0.87413302394010939
  0.88409104411336348  0.89415766042338285  0.90403012658597026  0.91375873863441204
  0.92391299418416217  0.93397006099588875  0.94371187573730120  0.95334987976511443
  0.96406268818853924  0.97587910096348596  0.98802199725022755  1.00000000000000000
 -0.00224036223634832  0.00905736736600187  0.01902889641722535  0.02975410531808821
  0.04043198627373527  0.05084042510601748  0.06104085471963983  0.07165125981142395
  0.08228053797976964  0.09313310257474965  0.10404570823274625  0.11531310164342766
  0.12656124080112227  0.13747852476014938  0.14816512351010952  0.15878817614123417
  0.16951827151238133  0.18046699173133635  0.19150849392290917  0.20266603080259823
  0.21393516098590940  0.22527577364498111  0.23662180370283703  0.24790061739238373
  0.25905946460354740  0.27001869013425817  0.28081166873176888  0.29126760656859774
  0.30150696412229755  0.31169004881292234  0.32219745917265408  0.33299206571579898
  0.34342151207216765  0.35364910113548470  0.36398384321612415  0.37489668072124066
  0.38624637689118180  0.39735781990997371  0.40850278143584351  0.41944531693595954
  0.43062217901356381  0.44121482077383833  0.45131406778394823  0.46119262150575202
  0.47093175029066536  0.48053245723901550  0.49007641341036706  0.49967533324488433
  0.51007943497764741  0.52099157915851058  0.53230465611739164  0.54328658262683982
  0.55373240068013707  0.56392699741775987  0.57457067750051538  0.58578271751806721
  0.59710403928831191  0.60779841475401364  0.61840783346325057  0.62934470649091889
  0.64047465370232792  0.65103809246148259  0.66094659996297878  0.67091891040169604
  0.68102319426635138  0.69141315901320854  0.70143178915129478  0.71158172622685900
  0.72218633004885591  0.73298495737194802  0.74399875307941532  0.75484814385810239
  0.76524617149186502  0.77548283205116042  0.78568540101818773  0.79583066480950082
  0.80573282444942851  0.81556045656107246  0.82538798190515650  0.83493989293025972
  0.84461958478557286  0.85463391277459344  0.86508386665079762  0.87535143400216386
  0.88529809896368949  0.89546185865797068  0.90543987972673134  0.91506252069525373
  0.92448600046503360  0.93409560552482418  0.94433299344155353  0.95565259347312814
  0.96683755346459965  0.97798079166652940  0.98906910403783310  1.00000000000000000
  0.12664192798684576  0.21028055125130204  0.24672046964211650  0.25898345089160180
  0.27609865156735608  0.29723281298739562  0.32033870279827614  0.34079726305146102
  0.35775016825568862  0.37280828711015246  0.38609754129395107  0.39837468978217433
  0.41016321005131057  0.42154881557727047  0.43248902045331000  0.44321999128490364
  0.45381258612582015  0.46393125411129749  0.47360923196487636  0.48296749990599502
  0.49208989143783605  0.50113575537231325  0.50981790912943115  0.51831004533605829
  0.52643805629576768  0.53452756989035566  0.54243377999777487  0.55029592032593899
  0.55826461263413729  0.56632866593982023  0.57416502404399949  0.58183075616307800
  0.58932485495494880  0.59664167754070219  0.60368674903530073  0.61063239332267882
  0.61724399861232515  0.62394677002392696  0.63039148972502468  0.63706434127894795
  0.64365393309751584  0.65042285144873102  0.65715408454261748  0.66385365770922322
  0.67049126545429660  0.67730449920734059  0.68415134326576266  0.69083280477091824
  0.69731987524301309  0.70374785718126509  0.71018671278890078  0.71660412992559663
  0.72303261015465159  0.72945864880696132  0.73577437441384097  0.74189588053324951
  0.74783862891602937  0.75333438661009078  0.75869280815953166  0.76398282726741851
  0.76928594063663713  0.77469722796958540  0.78031541453827125  0.78610786124827803
  0.79203341661071869  0.79792169503161392  0.80368267218621159  0.80943970554045419
  0.81522188304654464  0.82098108008164083  0.82669980660147624  0.83236781880968336
  0.83804821740214686  0.84383308067400431  0.84975529915313319  0.85575452893921999
  0.86157485061185313  0.86720546664558251  0.87272709214199218  0.87825981347475102
  0.88383200131977058  0.88935351591800171  0.89501776889398754  0.90090048277995005
  0.90683572942602775  0.91275857639715041  0.91874277977586161  0.92514623960169684
  0.93182825714671946  0.93887995911591515  0.94631890165212240  0.95393950495640878
  0.96203668129906006  0.97136578143469199  0.98326757687719257  1.00000000000000000
 -0.01956777663421468  0.10726426370054963  0.14303043912898172  0.16563129028149626
  0.18287271100122440  0.19747793262469149  0.21004942020872300  0.22147191661479504
  0.23224861806422817  0.24243862532907740  0.25210757574107595  0.26139086924345567
  0.27028252030141298  0.27906707856861707  0.28721445508177407  0.29545072910970810
  0.30332701504307458  0.31115914160484009  0.31860282492313186  0.32589786734181553
  0.33296729681893672  0.33976955610280246  0.34657243187178410  0.35330385043399809
  0.35969683106659300  0.36577094267998872  0.37171455905938239  0.37758288259576711
  0.38338618272783886  0.38917331186154114  0.39504810827334236  0.40103823482690748
  0.40698828705500373  0.41282539034266963  0.41863862621749820  0.42450218971963494
  0.43043520402862984  0.43639038528602447  0.44228446361003021  0.44817094671357843
  0.45415774981341339  0.46011404120796184  0.46610396247674191  0.47214127569442960
  0.47817348867166454  0.48418429310765126  0.49015759178131113  0.49599848408634373
  0.50164348273929371  0.50723502131874654  0.51257092986333730  0.51806815543217966
  0.52330238193428447  0.52851482499340374  0.53382927090890020  0.53901078879793130
  0.54435871804124836  0.54977156726636456  0.55535340723622328  0.56110062539729333
  0.56687572197813929  0.57262548944904368  0.57840534546376621  0.58427711604074828
  0.59051790710549901  0.59707864302939928  0.60349768328310516  0.61002287554152812
  0.61629745431147065  0.62259314921957432  0.62894487807274246  0.63538544220104942
  0.64188995365422197  0.64865694627341930  0.65560721625829466  0.66257780606804739
  0.66981346492533334  0.67737410202780557  0.68507094344071151  0.69295591946109336
  0.70076949968165025  0.70873592934698848  0.71691708803309739  0.72556359058220121
  0.73459885664408808  0.74408953424762359  0.75414368221788231  0.76487934174257632
  0.77624822018251849  0.78853515249824879  0.80210726016705547  0.81709321065893326
  0.83417465916709987  0.85549449659414611  0.89034497896954934  1.00000000000000000
   4.1026523683911123E-010  -1.0000000000000000     
 F F F F F F F F F F F F F F F F F F F F F F F F F F F F F F F F
  <DiscreteSampler_grid>
  grouped_processes
  1 # 1 for a reference and 2 for a running grid.
  10 # Attribute 'min_bin_probing_points' of the grid.
  1 # Attribute 'grid_mode' of the grid. 1=='default',2=='initialization'
  0.0000000000000000 # Attribute 'small_contrib_threshold' of the grid.
  0.5000000000000000 # Attribute 'damping_power' of the grid.
 # binID   n_entries weight   weight_sqr   abs_weight
    10   10   9.245448153215946E+003   3.170011370807995E+008   9.245448153215946E+003
    11   10   9.245448153215908E+003   3.170011370807955E+008   9.245448153215908E+003
  </DiscreteSampler_grid>
