 -0.00260088727730864  0.00983061110506156  0.02017423121441397  0.03066860221096413
  0.04121892879982834  0.05184996091218988  0.06235182112010525  0.07276074789561177
  0.08307412696341118  0.09373496986804729  0.10433108527945280  0.11484530467508454
  0.12520726174485217  0.13580248165555703  0.14635493977560843  0.15700429005049596
  0.16757627124063473  0.17826871242151171  0.18881411839533585  0.19930403713710215
  0.20967433961303908  0.22020057038679397  0.23068991289363441  0.24130332116664543
  0.25200268218798094  0.26258886598529035  0.27311083642886003  0.28356505156856404
  0.29399633876005044  0.30452898679827950  0.31487016094872100  0.32553284128355947
  0.33602454464058101  0.34659173906496205  0.35719766213929632  0.36774229892093241
  0.37829800393887136  0.38879362803497797  0.39946414664772267  0.41011771546818454
  0.42087926544162707  0.43161326661135169  0.44225881809579265  0.45274806619485597
  0.46310357198658947  0.47347125273143920  0.48377548680718901  0.49412661070732106
  0.50454202773150136  0.51492836000620690  0.52529048879730844  0.53568248561244036
  0.54614635720895122  0.55662546513202582  0.56709130956351206  0.57769992042293128
  0.58832514561162930  0.59888960396734214  0.60944344382248061  0.62005793623582817
  0.63070374949872499  0.64124049317074727  0.65183419132397791  0.66244303612907318
  0.67308874727068024  0.68363271137349568  0.69415718932112214  0.70470138700528862
  0.71530744966797488  0.72591044079729405  0.73642503199916154  0.74695636582539060
  0.75747860451101445  0.76802193027800358  0.77854695559557574  0.78916456899861476
  0.79962111175190986  0.81007003907291997  0.82049469279336273  0.83094739057209677
  0.84142365756591941  0.85169424582608466  0.86226503157465595  0.87297345979922292
  0.88350252912961713  0.89411873834792399  0.90460767074556014  0.91519017253151846
  0.92553841983390739  0.93586367179778640  0.94633910159402912  0.95679268688525598
  0.96735656405072346  0.97815577962778066  0.98904455831633498  1.00000000000000000
 -0.00254322153241145  0.00961981462624821  0.01997477522933413  0.03053805942085628
  0.04115960564784142  0.05171641000528299  0.06222130552796670  0.07267820429870954
  0.08322973056923724  0.09398119570621825  0.10467864235147881  0.11514406941156882
  0.12562772150603918  0.13609213320862285  0.14663037933798220  0.15720556715344092
  0.16773865272028646  0.17819181013112709  0.18856748719010138  0.19896064034556407
  0.20942338064673099  0.21992450597838484  0.23056510366084454  0.24126710822422101
  0.25193420951239609  0.26245977321270242  0.27297452548189827  0.28357333775934790
  0.29411523384997801  0.30464179292746307  0.31510114504166981  0.32561381661648708
  0.33607782373531941  0.34652160210849436  0.35696692559068222  0.36753046818898666
  0.37821835691521583  0.38913239789236970  0.39996449628617170  0.41056136602411702
  0.42091741135487742  0.43126911475812141  0.44173203762899843  0.45229425466684559
  0.46290572443753969  0.47354768291436122  0.48401086895362566  0.49440473743206970
  0.50471107255628112  0.51495369874493946  0.52533327182004907  0.53564413998233573
  0.54602747429397036  0.55644304522374710  0.56694091062604379  0.57759578714109561
  0.58812583327242030  0.59870840175770956  0.60932716880784865  0.61989316255786653
  0.63028304195929330  0.64050860024623091  0.65088222180036293  0.66129065220023664
  0.67170150134664031  0.68205917184206044  0.69251594830265151  0.70322586107540486
  0.71402889758163723  0.72495766726377975  0.73567625126285230  0.74639333511161521
  0.75693263689112056  0.76757615851532757  0.77817340357952658  0.78877654293282318
  0.79948120540024892  0.81013151005665185  0.82081386704820625  0.83151568941990539
  0.84206667088715959  0.85271871081022921  0.86312990184488547  0.87357986061010173
  0.88391522084437990  0.89428948137839703  0.90473619153425011  0.91512940915638152
  0.92575639141115029  0.93637063440482904  0.94713093044571239  0.95775343959477843
  0.96830815588298735  0.97896495600725819  0.98952608779633378  1.00000000000000000
 -0.00231373012055966  0.00931788974671577  0.01944145043440620  0.02993677094056514
  0.04052023029251917  0.05095330743677228  0.06138820823600093  0.07200801117244301
  0.08271224923964145  0.09337742252915131  0.10409615718939866  0.11477952268307731
  0.12547799502336560  0.13610368580905885  0.14669056847021278  0.15717245170330493
  0.16767957498758929  0.17821362609684849  0.18888105809373673  0.19961504886175507
  0.21033214620874596  0.22104842834223989  0.23166615607914021  0.24228615518013516
  0.25293820608491069  0.26370607008430019  0.27449783218640478  0.28535446915879376
  0.29620533097728652  0.30693233390799629  0.31742400156407280  0.32780229331233746
  0.33813803386656527  0.34849856160184406  0.35885549706624320  0.36909689668540946
  0.37936576957926449  0.38963791073627235  0.39997531275207315  0.41038947565810663
  0.42095247872809388  0.43156336420100228  0.44213622310266687  0.45270256931748148
  0.46334455902184207  0.47392924027905159  0.48440721953957028  0.49492957089367401
  0.50550349088514035  0.51605607611260584  0.52659679231365153  0.53709373750265266
  0.54767774819597292  0.55839369421745988  0.56920758989316889  0.57995693229395784
  0.59047475762847057  0.60099342366868558  0.61156175507543942  0.62214039344634664
  0.63269479752172963  0.64318444863550484  0.65377672711535417  0.66432329663511280
  0.67509478926190791  0.68587544071063478  0.69661857638623981  0.70721937867504037
  0.71764558590977912  0.72805124250533915  0.73853080927192771  0.74903179103034068
  0.75951606545085937  0.76980472388208354  0.78043442497463666  0.79111590904139284
  0.80167545018711717  0.81223572410430744  0.82271028132255830  0.83329799209670152
  0.84372574354823782  0.85410401605890207  0.86436671444351321  0.87470286206235959
  0.88507572888670616  0.89545320501605630  0.90575114995315464  0.91611429276053336
  0.92664390408307518  0.93705100607100178  0.94734953726638138  0.95766907058968131
  0.96812061602052790  0.97869212598497035  0.98930334412570453  1.00000000000000000
 -0.01790426104259437  0.09935395120345782  0.13341021570604769  0.15510268914726721
  0.17298354358255441  0.18846132269706883  0.20238619998676693  0.21512697954252247
  0.22695647839155433  0.23801633005928166  0.24847389124062044  0.25837808164709991
  0.26784487552980690  0.27690356412434886  0.28562781701213674  0.29405605614790625
  0.30213658185383846  0.31003713781935921  0.31770418192743499  0.32517670562810852
  0.33253573931851393  0.33964112638975275  0.34662737135942656  0.35349336904016854
  0.36020900544765577  0.36682226780849564  0.37334245611619704  0.37975089463692807
  0.38606941209608892  0.39233084583675382  0.39852081307404102  0.40460862824246036
  0.41067310618365921  0.41668200064339939  0.42261364462460871  0.42850330092411937
  0.43436663567648520  0.44019071320066833  0.44597203145721714  0.45172585505230661
  0.45744941444066789  0.46314582945618843  0.46882761313319782  0.47450277972445770
  0.48016964012820040  0.48582425528538120  0.49147188665534813  0.49711467499313022
  0.50275759417582766  0.50839748404217888  0.51404241962528197  0.51969643560174184
  0.52536702702484683  0.53105353792327192  0.53675097737302668  0.54247271335874070
  0.54822705530068361  0.55400310370235750  0.55980374078303596  0.56564059179456794
  0.57150928564845815  0.57740319456224753  0.58333960038846511  0.58937074024012903
  0.59544346048492791  0.60153963050056547  0.60773519594868042  0.61400784578666145
  0.62034327543721046  0.62676452447974440  0.63328961699908670  0.63990407034083363
  0.64662262000367721  0.65349207579653878  0.66048023802214673  0.66759104605018904
  0.67494723311997973  0.68242172634236620  0.69009966195963823  0.69802578365727752
  0.70612948284000077  0.71456309480933022  0.72327007236096341  0.73230880144881272
  0.74174795535947957  0.75161676387211684  0.76203753215189618  0.77308198914683235
  0.78490419591103844  0.79764025620840096  0.81156514354325371  0.82705858982593317
  0.84496484005930406  0.86671603125048891  0.90094492385479241  1.00000000000000000
   1.7998203208653246E-005  -1.0000000000000000     
 F F F F F F F F
  <DiscreteSampler_grid>
  grouped_processes
  1 # 1 for a reference and 2 for a running grid.
  10 # Attribute 'min_bin_probing_points' of the grid.
  1 # Attribute 'grid_mode' of the grid. 1=='default',2=='initialization'
  0.0000000000000000 # Attribute 'small_contrib_threshold' of the grid.
  0.5000000000000000 # Attribute 'damping_power' of the grid.
 # binID   n_entries weight   weight_sqr   abs_weight
    10   10   1.626590697206290E+010   3.935333153858607E+020   1.626590697206290E+010
    11   10   1.626590697206290E+010   3.935333153858607E+020   1.626590697206290E+010
  </DiscreteSampler_grid>
