 -0.00247245227204346  0.00957303870370083  0.01967285833538573  0.03026193407327412
  0.04093076891937918  0.05161586341374499  0.06220349190254520  0.07301803380048213
  0.08387208265749495  0.09480964384389201  0.10559270577940755  0.11642682121207730
  0.12696087767956127  0.13735058892205612  0.14777410373932431  0.15831272136443184
  0.16887025802342187  0.17951971887373330  0.19023225742728178  0.20104508362042633
  0.21172966706056412  0.22229293730822713  0.23270198312995707  0.24302208779753676
  0.25337774843952154  0.26380408823092805  0.27444120445419096  0.28502002028234213
  0.29561721693592447  0.30612826773380397  0.31667361235870489  0.32725261108947518
  0.33771439089624616  0.34801982387311714  0.35826404269689061  0.36851389184731692
  0.37879672806234077  0.38904985011908305  0.39938775430882323  0.40984494442489250
  0.42031089926564980  0.43091648977130176  0.44171026933784757  0.45256992620705833
  0.46335330816468573  0.47385146955650320  0.48427167776348162  0.49462597262458591
  0.50504202409623511  0.51543218714410988  0.52586740074513361  0.53635082540429113
  0.54683434162757061  0.55729250760478732  0.56777829735184715  0.57837508723830078
  0.58912600989466701  0.59990153110046673  0.61055509894047721  0.62109625995298690
  0.63158996017410807  0.64210502706202321  0.65260212514093729  0.66314484958213193
  0.67372086322732350  0.68438280139494567  0.69499877598586901  0.70561110053761622
  0.71620763086600125  0.72685593238729607  0.73745235575582824  0.74796899539843142
  0.75852386450957743  0.76910319783653491  0.77952663502288733  0.78999275666487478
  0.80049621215569933  0.81098466228975630  0.82155824832560154  0.83210887470863870
  0.84263060036146442  0.85310280392750681  0.86361551609126042  0.87422294472271456
  0.88460604840703383  0.89517217100010971  0.90593084817203628  0.91662981232369889
  0.92717637846667522  0.93778260594269458  0.94822539856147869  0.95858970070207727
  0.96878167211972699  0.97920844827942977  0.98956288064694364  1.00000000000000000
 -0.00245187867784054  0.00921191396125075  0.01918830366115415  0.02966785219907142
  0.04013471605110835  0.05055538187214600  0.06090946612677371  0.07130729726032667
  0.08174894251952795  0.09238391809134901  0.10296752514905182  0.11347826510605610
  0.12399828848976090  0.13487247267146305  0.14566998292765784  0.15618747550103684
  0.16664837668139865  0.17727060336734235  0.18783783877890403  0.19833403552946061
  0.20886423188860431  0.21972077850302665  0.23063028482318557  0.24117239279821440
  0.25179995202789834  0.26213412907497313  0.27260337790608563  0.28298351836765079
  0.29327676678660747  0.30346720607165878  0.31355426060327751  0.32391712522568145
  0.33424642456566656  0.34470433471408946  0.35522728641519064  0.36587302309257108
  0.37657652068701369  0.38717683476429576  0.39777686253130162  0.40828823122249869
  0.41883855893415706  0.42936765118519760  0.43998268489654468  0.45080519302292005
  0.46175113553936614  0.47251745934132405  0.48315649652996356  0.49387736611087157
  0.50457125176963014  0.51511074977475579  0.52563044923989533  0.53602741281153776
  0.54664199195999885  0.55706310404194614  0.56757621160085092  0.57807304913236190
  0.58868438269229106  0.59936073646156918  0.60990251109413229  0.62036339656182871
  0.63075661336563205  0.64121311169100736  0.65178018136413340  0.66227664966727884
  0.67266730355585491  0.68313495050340833  0.69372083250425010  0.70438804674008004
  0.71484873819923112  0.72518381728288905  0.73559956742704791  0.74601752176645386
  0.75660831571484999  0.76730551997247909  0.77808692177395888  0.78883659142203300
  0.79943998052049514  0.81001735957894050  0.82069217292320240  0.83127412049648997
  0.84193200809447444  0.85249203278500818  0.86298284098814182  0.87357514526767865
  0.88396026119155635  0.89457319158189319  0.90505958963942235  0.91564947918289963
  0.92636331337565836  0.93710451981074983  0.94784114733273417  0.95859017077186837
  0.96900732905470488  0.97947740973271269  0.98971095984293245  1.00000000000000000
 -0.00237582692356659  0.00934748312038382  0.01918630945751728  0.02947689786736306
  0.03976091321252262  0.05013362329505814  0.06046247149312638  0.07088635336339781
  0.08114276061850148  0.09154162234710241  0.10198619717996678  0.11283342199374059
  0.12379580056964969  0.13465890684155379  0.14543930659482696  0.15603035203230198
  0.16659406536681742  0.17688022739691706  0.18722198185449654  0.19765552943445105
  0.20807981281284382  0.21845074458972502  0.22887417512783229  0.23939158422724155
  0.24977647675024556  0.26021898671406790  0.27065949150046170  0.28126398326578800
  0.29188290620078888  0.30245389285742841  0.31303165250291209  0.32341581468650016
  0.33391924771311743  0.34435922485026504  0.35478056212419140  0.36537374091122415
  0.37581668642191429  0.38618904346744276  0.39660293081765635  0.40724310970033106
  0.41788812136437464  0.42843385463842487  0.43892634335192499  0.44950152143156358
  0.46008246578773798  0.47069902818936121  0.48136189231737797  0.49201323347905185
  0.50266351097130169  0.51352874487754896  0.52435441651605219  0.53514191741865902
  0.54567409751869844  0.55617834992599602  0.56667598085440440  0.57709426548289633
  0.58750414551035490  0.59804079743872096  0.60860190927003077  0.61930692011738064
  0.63004044345636878  0.64088829578859241  0.65158690554352106  0.66217876456727198
  0.67292341388735255  0.68371927670160082  0.69429540396354705  0.70485726171246743
  0.71534037674317674  0.72594175328460020  0.73652598840186245  0.74718296783999416
  0.75785786965190105  0.76833906895264892  0.77873076531538465  0.78905219726920606
  0.79949517217294563  0.80998115860267028  0.82057464103454281  0.83094220182488598
  0.84144171855903782  0.85200373451332756  0.86250681249740879  0.87300742289459243
  0.88335474603734065  0.89394417733794773  0.90446017843902027  0.91504473874343928
  0.92570264835382765  0.93632343265150519  0.94680699100784693  0.95725619599410994
  0.96793602114327026  0.97857739030662982  0.98927555268589040  1.00000000000000000
 -0.01834890757819484  0.10416985702481973  0.13828269615913774  0.15960041314770093
  0.17708226413225456  0.19223697418366725  0.20586076286914881  0.21832654097313298
  0.22992287474646092  0.24078247463807934  0.25107862635573791  0.26084624037738374
  0.27020286589645692  0.27914402249230275  0.28777717949313764  0.29611404220282156
  0.30416798737789108  0.31202263156614252  0.31958126760925976  0.32696723009239925
  0.33420625981702307  0.34123868247242506  0.34817404135936247  0.35497386354219063
  0.36163141425783135  0.36819929687525660  0.37466001337147653  0.38099235615761995
  0.38723814565297793  0.39343150188829329  0.39955176373721729  0.40558255996827147
  0.41158025481146687  0.41751921869683845  0.42338989841402747  0.42922929719129022
  0.43504148618174854  0.44081226855971450  0.44653841689411977  0.45224630516439146
  0.45792900043053653  0.46357865252589014  0.46920376298594124  0.47481418296984512
  0.48041099333602955  0.48599429650536907  0.49156939449420201  0.49714584931056954
  0.50272197299872423  0.50830285528616381  0.51387882917333405  0.51945756934713760
  0.52504290887554872  0.53064037538866737  0.53625630336573427  0.54190359079078032
  0.54758558304410310  0.55328930445965152  0.55901492628146454  0.56478791374983772
  0.57060506118565857  0.57644969809181279  0.58232715203361840  0.58827760299971765
  0.59427992275099573  0.60031481502763617  0.60644688806634461  0.61266225921540496
  0.61893544522033028  0.62529048471025195  0.63176269772778615  0.63833370081976004
  0.64499317791416022  0.65179880569887527  0.65874225250652541  0.66578528008069249
  0.67305077322133566  0.68046527287186565  0.68805129548720534  0.69589896865821155
  0.70392864678850531  0.71224452495565371  0.72086465930213217  0.72979123647255773
  0.73914011859489281  0.74890204945364747  0.75919252908076340  0.77005466478856899
  0.78165993750752183  0.79412747813885798  0.80771622874474924  0.82284789861824570
  0.84032959121956241  0.86168472269981655  0.89601300541156681  1.00000000000000000
   7.9071845472801835E-006  -1.0000000000000000     
 F F F F F F F F
  <DiscreteSampler_grid>
  grouped_processes
  1 # 1 for a reference and 2 for a running grid.
  10 # Attribute 'min_bin_probing_points' of the grid.
  1 # Attribute 'grid_mode' of the grid. 1=='default',2=='initialization'
  0.0000000000000000 # Attribute 'small_contrib_threshold' of the grid.
  0.5000000000000000 # Attribute 'damping_power' of the grid.
 # binID   n_entries weight   weight_sqr   abs_weight
    10   10   1.592275463298701E+010   3.525107303792080E+020   1.592275463298701E+010
    11   10   1.592275463298701E+010   3.525107303792080E+020   1.592275463298701E+010
  </DiscreteSampler_grid>
