  0.00966941304776547  0.01544444789800059  0.02452328202640130  0.03527244540155196
  0.04583660453162134  0.05627249130918111  0.06672004064396776  0.07729187719684755
  0.08788870721140694  0.09859729689437348  0.10938039267069649  0.12010461468294306
  0.13059420222542409  0.14087783124523415  0.15110283595683827  0.16135683954101498
  0.17167057890121942  0.18192904556088976  0.19199841461281064  0.20150087586394261
  0.21103097786464406  0.22052237844546688  0.23043290017244075  0.24086428180336028
  0.25099515204299966  0.26105533720729018  0.27097684731353183  0.28139444353424109
  0.29182837081588975  0.30203006209492139  0.31213431533076291  0.32220716918013476
  0.33225721322416940  0.34234347261745735  0.35278371829710942  0.36346865781193821
  0.37428096191553378  0.38453737239146113  0.39475111322094913  0.40484059741016915
  0.41503679343079192  0.42485141602077542  0.43474068564022322  0.44494229755050108
  0.45563035336702479  0.46617002423854614  0.47656514318571330  0.48707635640426494
  0.49763194638957281  0.50798802032636636  0.51836066456207286  0.52898518788269833
  0.53984320916263229  0.55042990938140435  0.56090290791342190  0.57141489155748826
  0.58202837865511570  0.59267700276492263  0.60318579409306394  0.61350394319019863
  0.62361896891228252  0.63365861639972088  0.64397026182119999  0.65445911950847147
  0.66467888866433356  0.67471211371883288  0.68477429874033835  0.69518974517910759
  0.70567353790932241  0.71615394459978510  0.72677166595340659  0.73761698257735808
  0.74863516297876864  0.75951078724013443  0.77027127863705080  0.78111448402946626
  0.79185761626672380  0.80237256114078848  0.81262049853657736  0.82286436223698589
  0.83289922735977551  0.84289338320868257  0.85278396456176109  0.86287814948224084
  0.87349476584701202  0.88459745089819675  0.89582285061549738  0.90666982436913335
  0.91716947004402705  0.92762851593763740  0.93809853385252839  0.94857496908945393
  0.95902634584962654  0.96941382362723427  0.97981676983082000  1.00000000000000000
 -0.00268116082456125  0.01001621471942730  0.02083786145547150  0.03161292531937215
  0.04231047930865517  0.05297656890508114  0.06386641513315550  0.07480340759245996
  0.08554326639377127  0.09627051535911212  0.10655083504581962  0.11646444704743469
  0.12646240368460465  0.13668370694761814  0.14737053081918849  0.15795344068194592
  0.16866412350334084  0.17923661840552338  0.18973661676522727  0.20013955315130175
  0.21064931395654241  0.22134178193458726  0.23198354850903111  0.24274175189079281
  0.25332351865757163  0.26403938446018310  0.27479617971732451  0.28562086327418035
  0.29616023348522780  0.30637280235066822  0.31659760885312532  0.32705560427115843
  0.33776005972149059  0.34864591928068650  0.35964794927940397  0.37083137579378195
  0.38165784347064474  0.39224959319872948  0.40289156379560220  0.41372695373339363
  0.42448879082130514  0.43526404066563179  0.44605649281652077  0.45673681031004726
  0.46702429735193396  0.47729750823715744  0.48786640259983599  0.49847766908081098
  0.50876685051073389  0.51881631137417716  0.52916565181511055  0.53977889098086818
  0.55071436572809529  0.56163626729274641  0.57284839227844264  0.58405671817429106
  0.59489303128950533  0.60571850941764716  0.61643918837448397  0.62712413700789926
  0.63759611455264120  0.64790325122443704  0.65835381257384984  0.66883429401617533
  0.67931383328095774  0.68968836237088826  0.70008251983192971  0.71069996066782049
  0.72131584689964234  0.73164668376860731  0.74162049021393206  0.75163528709734351
  0.76198693049180855  0.77257400257943631  0.78317292469820021  0.79347784220783468
  0.80363034761935404  0.81371379008734368  0.82383639196541647  0.83405744867316867
  0.84448301966813799  0.85526969812438014  0.86627129196107233  0.87670330363038829
  0.88697970686288596  0.89707173432082310  0.90733704366213908  0.91736915585545864
  0.92762159604350458  0.93757346505121819  0.94802664848324603  0.95810244261122213
  0.96825541411631288  0.97846083212794777  0.98905345305339010  1.00000000000000000
 -0.00243553006828452  0.00985170962410318  0.02013768494480913  0.03018097705222608
  0.04037774061232391  0.05065785908962273  0.06094611898174847  0.07105137816597627
  0.08103414363899103  0.09127760820147651  0.10168020740965812  0.11196925567369048
  0.12243665966916696  0.13272047006055024  0.14307355468999228  0.15307357242667546
  0.16307162911836856  0.17324876535097575  0.18353891592584015  0.19406730426665542
  0.20474729238764092  0.21549124489103352  0.22646833506395087  0.23697179668246027
  0.24778553350380339  0.25832241134409334  0.26881921179774459  0.27935092112435478
  0.28974887939769761  0.30007280192062685  0.31057879302490082  0.32120791293487150
  0.33165312097854249  0.34169556976674814  0.35163375986489426  0.36183567443445808
  0.37223730753439810  0.38297038329547056  0.39401434293195864  0.40498070144348736
  0.41625525455652129  0.42739114061383776  0.43848850590849625  0.44941767873234495
  0.46054759523884425  0.47172442182904534  0.48275191712047877  0.49377444302375600
  0.50486203845158018  0.51605693138500675  0.52676203439215996  0.53724800331512945
  0.54768627521365965  0.55828220787096094  0.56866978443967209  0.57874079753279950
  0.58899074252954986  0.59953203797593568  0.61017614409159426  0.62061256325423586
  0.63067894724969942  0.64050070090602440  0.65022654352640641  0.66061630343354516
  0.67128931215625964  0.68222948051828003  0.69273611246904332  0.70348631709409881
  0.71404774483445443  0.72457598094633313  0.73537151096564657  0.74638707352287004
  0.75699147196610617  0.76744564440174967  0.77771101706915124  0.78825123954903642
  0.79880317334363915  0.80909259666834621  0.81924718156044229  0.82940127495182114
  0.83976674781616389  0.85020253121447720  0.86040674126014305  0.87076134071915656
  0.88126737960979529  0.89195964067086309  0.90238469000807409  0.91303046068309912
  0.92326163234754088  0.93399047217688647  0.94447387441913400  0.95554268729149527
  0.96631044382130848  0.97756629216936897  0.98865633133275654  1.00000000000000000
  0.00805137909875396  0.02640641908664813  0.04537551229934518  0.06131818642946679
  0.07563448575894412  0.08857800640475304  0.10069679010855824  0.11282221334754741
  0.12482832983796824  0.13645330671373002  0.14746341157304749  0.15825090174027281
  0.16906905733136351  0.17982867241248313  0.19067495865156406  0.20196041476657314
  0.21306227415872686  0.22408993859040566  0.23418078500975145  0.24439187805459789
  0.25456041835740656  0.26490222025917570  0.27489598206956933  0.28460147250268353
  0.29436557181791095  0.30417630799708389  0.31386783129987239  0.32330107557819543
  0.33272475345117625  0.34234680820163793  0.35201908712138996  0.36155932580476713
  0.37095431872879431  0.38024450341525057  0.38941759851349034  0.39866920077598311
  0.40806856780643980  0.41747201306015413  0.42676473151728234  0.43578364714812867
  0.44453946637325081  0.45316461325320045  0.46169586998807027  0.47014538083791096
  0.47875079197768600  0.48751392607526006  0.49619402113480854  0.50491635648387134
  0.51370793072744270  0.52235778794829113  0.53101986517685262  0.53957074058006382
  0.54810415313215466  0.55668548221574665  0.56529665011520669  0.57387722335328617
  0.58234899488545966  0.59083813672147967  0.59928686473386061  0.60770999093770772
  0.61608309815271933  0.62447851480830552  0.63294687631612490  0.64140399905002909
  0.64983337324934931  0.65833656621112557  0.66697124051688150  0.67560284687879069
  0.68405112221414588  0.69236170763638505  0.70063305602308479  0.70903574496062072
  0.71762005301203813  0.72630444488748658  0.73509997845314445  0.74391468736750765
  0.75280012978879085  0.76174641649197372  0.77072851289837396  0.77999201623521452
  0.78949287658945766  0.79905112023781144  0.80848754139326695  0.81840028484287697
  0.82852889802839258  0.83896935622426316  0.84942367301995247  0.86058979375686373
  0.87238671203705509  0.88507825406071861  0.89858721483133508  0.91307793978574692
  0.92850271379374683  0.94622882388630158  0.96872545874931915  1.00000000000000000
 -0.00200940495791978  0.00977692619368171  0.02017768872935122  0.03091266672792548
  0.04148489699699059  0.05227167177802153  0.06285221502813447  0.07306359442748706
  0.08311196409796560  0.09344636402657298  0.10375591163020691  0.11403636566379667
  0.12446959241289109  0.13569655939309466  0.14671678034362642  0.15722673579095706
  0.16780286563905039  0.17818291307367370  0.18871988647350718  0.19933119493270499
  0.21009980149050211  0.22040314134991154  0.23043211031412525  0.24050165866617684
  0.25061831799207662  0.26054967856623495  0.27089814456093952  0.28181684986027600
  0.29252702878153619  0.30290134021569531  0.31301622508885274  0.32351206820070483
  0.33384998331032417  0.34428038599090627  0.35474163931097352  0.36534053691538615
  0.37584998722993485  0.38644956477468739  0.39694715838813266  0.40706800034982993
  0.41731839891184902  0.42780360653183069  0.43833060082331682  0.44875403063023506
  0.45941451892605273  0.47039601257732283  0.48136379502373000  0.49199519717323908
  0.50257464878251423  0.51255892360709387  0.52246126137538340  0.53246948133721594
  0.54260114498546175  0.55274872530282348  0.56286426903652753  0.57352261419040163
  0.58440834653280205  0.59522786075171130  0.60610862143958233  0.61665152635067810
  0.62768866210631091  0.63835056339316854  0.64914191314327319  0.65959947956382659
  0.67003432020542997  0.68035343431108719  0.69070520402292690  0.70112224991363736
  0.71168537679155908  0.72235676236984891  0.73288455098992678  0.74373487350309131
  0.75478752525480353  0.76562110971551267  0.77618954719031108  0.78655388792282432
  0.79733584482681497  0.80792355186819309  0.81873786254889502  0.82955072802406682
  0.84030360041016539  0.85081039863847785  0.86146944848286289  0.87242657818602043
  0.88310078425797467  0.89380151186404877  0.90452141712551448  0.91541151497507944
  0.92587836039874272  0.93667981901692177  0.94744071056832968  0.95810838834401091
  0.96857563770445587  0.97889719925584284  0.98950484738530509  1.00000000000000000
  0.02938812473154695  0.03701800370065454  0.04536459395623214  0.05492933456803482
  0.06429720249883446  0.07335811258596545  0.08207551915480010  0.09060905394153770
  0.09903469629066905  0.10748201494634231  0.11596921185482639  0.12449336529066519
  0.13335667252838670  0.14209044013901367  0.15087216416383503  0.15962477728530716
  0.16852037203381395  0.17720752809255369  0.18570864445640539  0.19399073508070802
  0.20236418668006548  0.21077779279562614  0.21907058964429063  0.22719221621544522
  0.23517420466771305  0.24311033476960200  0.25102335147823168  0.25886343455150795
  0.26667002926483591  0.27453713955679132  0.28251152687124675  0.29050540711438450
  0.29838178669938115  0.30617775709725914  0.31407044757930780  0.32202137837487110
  0.33002134666353472  0.33789847148198127  0.34585027416911729  0.35376817671872490
  0.36189526267378391  0.36989817174194928  0.37801484134654095  0.38622496085989383
  0.39450997907046553  0.40279126245901326  0.41104080375392882  0.41920206243902242
  0.42724980151581482  0.43528765492037003  0.44331908942515041  0.45133690451570846
  0.45937768098743226  0.46749676796403988  0.47582805741783557  0.48443854780354528
  0.49336175123845577  0.50228511091800432  0.51134965835117474  0.52021499080349631
  0.52918014871544528  0.53811284541993953  0.54712844002403183  0.55611341701177974
  0.56520709187729024  0.57450065654182114  0.58388956150911508  0.59332539724075450
  0.60276830286188399  0.61232108204462632  0.62197585509881059  0.63179780824898979
  0.64188944929146374  0.65234285404331527  0.66297339546770095  0.67383273040145553
  0.68488848247191259  0.69601469236581581  0.70693947930796486  0.71798994244228787
  0.72904040648593049  0.74084172114080260  0.75308734904404662  0.76572202323471805
  0.77795849591565136  0.79034301201940504  0.80329092108236755  0.81678648055126735
  0.83096129796529561  0.84588974824444374  0.86163872424410937  0.87851417491629513
  0.89773111731957278  0.92029918692800972  0.95076983700209927  1.00000000000000000
 -0.01631004566827584  0.10018238619364536  0.13372401851956439  0.15398224097050722
  0.17072003045527934  0.18541761600702741  0.19856797939501725  0.21048023527427678
  0.22153910472923702  0.23197229826520796  0.24187807364015868  0.25129544264118125
  0.26030658472967583  0.26908855177755248  0.27758718583765329  0.28580881294767813
  0.29353453484434899  0.30082970650008989  0.30800016631445809  0.31512251919516265
  0.32219160251972523  0.32916902248875068  0.33596437165926857  0.34256507972344857
  0.34901873889161522  0.35538792176504991  0.36170035672478473  0.36793322164295306
  0.37407401763639675  0.38009807358388936  0.38605042499728009  0.39204917172180925
  0.39800356411514676  0.40382258521118686  0.40965125336882091  0.41550569778033658
  0.42129681308827671  0.42702979868479429  0.43268267014392148  0.43824326974139316
  0.44377266026494810  0.44932613539024724  0.45487044024640888  0.46035632641119967
  0.46581168622666136  0.47120925404099445  0.47673649178144867  0.48236565526851516
  0.48802035806626182  0.49365280071601786  0.49927230454741156  0.50496561525433170
  0.51064816064194207  0.51630506263593534  0.52198404333922122  0.52769768769870251
  0.53343631856167539  0.53920664999719525  0.54505832786175201  0.55101727875031170
  0.55709189171886497  0.56308482364786627  0.56920495763580270  0.57530022100843181
  0.58147308040183476  0.58772347898116140  0.59401750374635143  0.60039259873881279
  0.60689494538304312  0.61354133104459330  0.62024596981800462  0.62705361157147776
  0.63391182675218172  0.64092791374130564  0.64798962827508855  0.65523451721041948
  0.66263676894638424  0.67022257671363294  0.67798958044940394  0.68585477750978507
  0.69414418924394050  0.70287734099607790  0.71204235511347691  0.72167194343189445
  0.73120189174276429  0.74130942039680625  0.75173240886302561  0.76289995770894925
  0.77468823591822589  0.78762339072664900  0.80187703096155749  0.81776251019840707
  0.83609078626891775  0.85881667586343768  0.89474069694617875  1.00000000000000000
   5.2300246275703627E-007  -1.0000000000000000     
 F F F F F F F F F F F F F F F F
  <DiscreteSampler_grid>
  grouped_processes
  1 # 1 for a reference and 2 for a running grid.
  10 # Attribute 'min_bin_probing_points' of the grid.
  1 # Attribute 'grid_mode' of the grid. 1=='default',2=='initialization'
  0.0000000000000000 # Attribute 'small_contrib_threshold' of the grid.
  0.5000000000000000 # Attribute 'damping_power' of the grid.
 # binID   n_entries weight   weight_sqr   abs_weight
    13   10   1.360832530747699E+005   3.121279930380064E+010   1.360832530747699E+005
    14   10   1.360832530747699E+005   3.121279930380064E+010   1.360832530747699E+005
    16   10   1.360832530747699E+005   3.121279930380064E+010   1.360832530747699E+005
    17   10   1.360832530747699E+005   3.121279930380064E+010   1.360832530747699E+005
  </DiscreteSampler_grid>
