  0.00309016274313029  0.01111894679402848  0.02105265933517541  0.03123382571072000
  0.04166505205272535  0.05249218514077560  0.06323326077800021  0.07440026382754600
  0.08537662294140225  0.09620127899375215  0.10686065664440024  0.11765543623063646
  0.12840691490818829  0.13893081465082840  0.14950074256050858  0.16008090969809541
  0.17047394754317488  0.18096722767270063  0.19159245839511346  0.20252913239974563
  0.21339068783480958  0.22400866540220130  0.23428589885520726  0.24444760693944484
  0.25487127378501945  0.26579948966073291  0.27660404633092900  0.28736265703026748
  0.29803966355328670  0.30881112812547939  0.31943430266936718  0.32990863467705256
  0.34019846127437386  0.35046355449393762  0.36048012186562667  0.37034521616986632
  0.38037277219931698  0.39078868125928046  0.40155610754119553  0.41238749724074109
  0.42296657294664286  0.43358318535322105  0.44410828673474256  0.45496326687588745
  0.46568273179207964  0.47640937232371106  0.48716978397420918  0.49837136401921300
  0.50906854358794529  0.52015280756445692  0.53049787736193155  0.54085624560961099
  0.55101292844945893  0.56136906193619107  0.57191323453907317  0.58246377537537819
  0.59308651254628730  0.60344289991635058  0.61389388778867082  0.62424807734963073
  0.63528855747611157  0.64599379005758617  0.65670074180587668  0.66713530465501780
  0.67742886544931002  0.68784268165757401  0.69854814956917499  0.70951842800351539
  0.72060644422034192  0.73171477754226188  0.74286682892199396  0.75381565756836988
  0.76455049596822200  0.77500103737880621  0.78547421886179802  0.79593566171025887
  0.80642382717396144  0.81686430617041061  0.82710206438153677  0.83728972148136616
  0.84762410752117834  0.85813616610331500  0.86846947209088787  0.87861114530549000
  0.88864379196828325  0.89858384959200799  0.90838847531222922  0.91825205559651479
  0.92816678391754703  0.93808007617449951  0.94792386647239502  0.95818562526662987
  0.96873880461072481  0.97925980411291802  0.98960587648404053  1.00000000000000000
  0.00952961560602755  0.01607993432701454  0.02535735522426277  0.03616074951047368
  0.04650968099507992  0.05686857561643741  0.06737499788844191  0.07810429504098547
  0.08877216931991726  0.09953331161535667  0.11021330048570221  0.12083648068991336
  0.13134855467055012  0.14176414667982234  0.15216553321567836  0.16248724993234223
  0.17267774748041126  0.18283083946507972  0.19309149482014101  0.20342002528246500
  0.21376456290335602  0.22393584339609268  0.23421151819649003  0.24457740938275485
  0.25497949332603259  0.26528605189307392  0.27565634955137941  0.28601632075617905
  0.29611721668848301  0.30612300668035702  0.31614843851809771  0.32639611219246834
  0.33683178901614746  0.34732872200178105  0.35794700584534728  0.36862783732343651
  0.37930670289002150  0.39035976979077858  0.40146436196403962  0.41259479994907949
  0.42341957473425529  0.43405755507752236  0.44447129490071180  0.45483480171985374
  0.46524154322032307  0.47566091432013352  0.48589290578575794  0.49603701893220553
  0.50608884602085846  0.51627123746615622  0.52646445494459804  0.53671479938611388
  0.54680742025314211  0.55671277157770704  0.56659784140490177  0.57659633857714065
  0.58684453935527969  0.59729064237297125  0.60775945562645539  0.61806534568374150
  0.62840625485884483  0.63883805368242652  0.64925571843091068  0.65957821016945950
  0.66979444889417739  0.67993385081049518  0.69015575247725436  0.70049927083549457
  0.71108950508015278  0.72193318702318998  0.73292717359318316  0.74391942421497725
  0.75458268043104970  0.76505557685413694  0.77557082653057108  0.78586326572552145
  0.79609572097018744  0.80623342098593886  0.81646209597308417  0.82672739144996987
  0.83697405104008937  0.84707400816190892  0.85726677478413560  0.86736870199734450
  0.87749229952463803  0.88745706296799887  0.89748938541071543  0.90785454987775849
  0.91839834075264759  0.92896465367022363  0.93946435629648983  0.94999202398725568
  0.96046484524130649  0.97054351045094256  0.98066957571552937  1.00000000000000000
 -0.00213448661449517  0.00764841073655366  0.01666211378152510  0.02552543413905297
  0.03459170284135553  0.04378364374565884  0.05298075479685988  0.06229471247527735
  0.07166794128338240  0.08105694577132261  0.09045262790923161  0.09989948522847683
  0.10956306912544841  0.11938763282763543  0.12931087695824922  0.13927138744378778
  0.14937784317529587  0.15975516792452452  0.17032989949504326  0.18127639174995658
  0.19236884593503209  0.20361117972256679  0.21501048489521404  0.22658256192170148
  0.23817643704738067  0.24977553561145616  0.26146058536114253  0.27331491264523528
  0.28520560871403972  0.29716620117850950  0.30898321602858708  0.32116249160599114
  0.33365536450267974  0.34634625631664295  0.35909734846309782  0.37192993526568041
  0.38462541475943124  0.39718361139903247  0.40980021357960977  0.42224730993011167
  0.43465066465147639  0.44716917175803100  0.45995454958594162  0.47290241873932748
  0.48585352697439832  0.49866862934202477  0.51145145514771229  0.52403303532665912
  0.53634098114012740  0.54843555315929293  0.56047291065465621  0.57256661415171317
  0.58466171063055483  0.59659060029916511  0.60864327745073110  0.62107590376631094
  0.63306992398355266  0.64471260555643473  0.65625881962927601  0.66783486556007010
  0.67905684058297955  0.69043739220302369  0.70167865064835211  0.71261495900412730
  0.72313879307702722  0.73357080375130868  0.74410938237342039  0.75473096525267092
  0.76515524510884847  0.77551404676250779  0.78588443308068889  0.79615517805200275
  0.80590821674120106  0.81577576791528839  0.82545188728622010  0.83489106907334520
  0.84407220961968765  0.85315689471306744  0.86242330442237480  0.87160138632159456
  0.88054114342194856  0.88918069660878163  0.89761582209598256  0.90606896881553145
  0.91456044683978233  0.92310094331929005  0.93160093732052862  0.93992385078050966
  0.94809553728360008  0.95610517061008904  0.96383453343653058  0.97132674799497420
  0.97869448061555409  0.98590003420519223  0.99292186378043512  1.00000000000000000
 -0.00224761483269531  0.00957430195398856  0.01979322037692044  0.03013763016714164
  0.04064064189300926  0.05128768163942327  0.06187406431950951  0.07249286255005201
  0.08298979897154930  0.09394495058632490  0.10495576880257305  0.11568346837735806
  0.12653888647582123  0.13726117127013260  0.14793225880931751  0.15865617290366074
  0.16919274643052246  0.18009721840250995  0.19100596323970798  0.20231357139724368
  0.21326753753658936  0.22401845151379776  0.23494239020174462  0.24584836111548358
  0.25629109002629652  0.26658791640597701  0.27718999940305267  0.28801201424174439
  0.29837059065046301  0.30859152868304945  0.31882667943317172  0.32921837335350740
  0.33941843909596420  0.34943892152971617  0.35942822021238319  0.36951066130770049
  0.37991522471547073  0.39037099416438181  0.40069235539450110  0.41082681098050833
  0.42134781870205917  0.43216038222665321  0.44299771262132071  0.45367982887672986
  0.46419153481741998  0.47463033464563315  0.48486193246372289  0.49512244486566848
  0.50555687687772188  0.51604471362100957  0.52618989302013430  0.53618966580330185
  0.54613725636107469  0.55637924637540193  0.56686019822020184  0.57766354575968815
  0.58855172011929813  0.59958205065536863  0.61074043870483308  0.62209979673454663
  0.63318773379178850  0.64412488008812263  0.65459358131205636  0.66490647975568196
  0.67530911028979101  0.68588223938237181  0.69656680373413249  0.70715415636309220
  0.71771135768797023  0.72824083557054553  0.73875114161311384  0.74934504000394864
  0.75968680473019390  0.76976416163296080  0.77965093092186022  0.78963575128924302
  0.79972130504209704  0.80994808802791984  0.82069554236768993  0.83124288477515240
  0.84218406527885448  0.85279273993569238  0.86381612623320692  0.87455012032173574
  0.88520333075529956  0.89599711333045085  0.90671541769039321  0.91732760159319238
  0.92779186985546236  0.93821471180926763  0.94851573149313817  0.95866761395842282
  0.96897036860842800  0.97911250619596657  0.98955782859883468  1.00000000000000000
 -0.00246892367730325  0.00999052659876692  0.02031657210974849  0.03087937062977785
  0.04125950395137541  0.05159092875439135  0.06188490642592861  0.07222152506282617
  0.08211200632896734  0.09290588510552823  0.10325449944286397  0.11403123272803607
  0.12456397802861849  0.13581533580338467  0.14721196695661429  0.15812491064326323
  0.16922415112516806  0.18036412727499104  0.19131820645304504  0.20186774964691287
  0.21262067886488042  0.22359342611072752  0.23450293006064141  0.24514165319635925
  0.25591763765088821  0.26690600405935927  0.27795031544634746  0.28875762656962445
  0.29941860431837647  0.31008545587039088  0.32054532594276214  0.33101288162434889
  0.34130048224182202  0.35172165832814450  0.36217236340693909  0.37268347083201420
  0.38297653456618713  0.39315527019411728  0.40331058520740282  0.41348147461720997
  0.42369032543404239  0.43389812146378703  0.44418888523671934  0.45441025841945498
  0.46470022826620716  0.47515076020287345  0.48546780774795800  0.49563149747652530
  0.50568786118159592  0.51569762318287593  0.52573559476201659  0.53557168812198952
  0.54564623201315665  0.55585146081522552  0.56615123771937093  0.57630225229361132
  0.58649952696060403  0.59723453316229469  0.60829013810684573  0.61930077446037890
  0.63036733268260770  0.64166688757422718  0.65290836778724759  0.66412851177527910
  0.67490317060053662  0.68550251201389101  0.69572658153232803  0.70586723492949166
  0.71598758577878396  0.72608417152670590  0.73625467185027715  0.74635515173961553
  0.75656495045285788  0.76723140853344840  0.77794989376377366  0.78850706483486965
  0.79894035419173381  0.80950701699334715  0.82030184443546439  0.83101825501246573
  0.84186967182519812  0.85282280603493088  0.86349713465902012  0.87407543456619496
  0.88425935351923113  0.89435056406299451  0.90453888503823787  0.91479517827168910
  0.92534017708243177  0.93596381205188184  0.94664467822868414  0.95728417726823867
  0.96817307519950790  0.97882718718313677  0.98950767664308747  1.00000000000000000
 -0.00228189789595090  0.00938477677397665  0.01944402423665734  0.02986043756407527
  0.04056982085043603  0.05118026428682347  0.06154811236922202  0.07212504269643660
  0.08277743820096645  0.09362138522593762  0.10439962086236440  0.11497357726891634
  0.12565528297975936  0.13585334747146960  0.14610471661785984  0.15611631722479000
  0.16629180670994398  0.17654047503746487  0.18676008806707572  0.19687057640630634
  0.20709360581862030  0.21737378348517059  0.22776740452941097  0.23817490474490466
  0.24823400945870619  0.25849516643419379  0.26859601762315416  0.27917518593223672
  0.28992151791087112  0.30083634882596089  0.31182630595226113  0.32253947906811148
  0.33325100122729212  0.34367630301806368  0.35433432143570037  0.36491447037789643
  0.37525029132663973  0.38540001164449839  0.39574508771108419  0.40644162740480161
  0.41715096407604502  0.42782542403255025  0.43827993119699327  0.44855178300079351
  0.45894624762868680  0.46905463267148401  0.47931912909244445  0.48964022215442127
  0.49996522137644744  0.51014637853215161  0.52032234497287733  0.53099285865764601
  0.54166558284760224  0.55219568772266470  0.56292901350419056  0.57349114622404540
  0.58401772868968971  0.59410931835539871  0.60439502975671611  0.61476238325396804
  0.62536033340989550  0.63598249686533681  0.64635567605934385  0.65634917532564541
  0.66655240715902775  0.67693830914767206  0.68737810191048387  0.69761145104362310
  0.70786534042226368  0.71837422379936544  0.72931504674317138  0.74012809392440304
  0.75099662741658535  0.76150938740970076  0.77207800602600862  0.78263372818011701
  0.79363354652969165  0.80493377547372602  0.81635367807634385  0.82784253199640134
  0.83903379059654770  0.85015206252588427  0.86094950737476839  0.87177945214001606
  0.88283011880706952  0.89375653816853784  0.90457124380714826  0.91519118705527380
  0.92578090460466267  0.93623933985992169  0.94669902928228966  0.95736403354510680
  0.96784484853937336  0.97842141670490512  0.98906364148496828  1.00000000000000000
 -0.00279873223554400  0.01165715616743647  0.02338457951019894  0.03564135585970350
  0.04804962018611658  0.06063094876372149  0.07279767876242850  0.08456838308908528
  0.09632531168922558  0.10790297400767561  0.11918712493702802  0.13036475605864434
  0.14161570150052083  0.15279292190293742  0.16383527983130711  0.17470544892291362
  0.18525152748766535  0.19567778471576117  0.20619551184482160  0.21697985455630808
  0.22769049251269269  0.23812644688726739  0.24847269199917463  0.25877205441077983
  0.26894110469192312  0.27904075490842140  0.28919319864733761  0.29940879171744950
  0.30957908801940065  0.31978129152922896  0.33008155032005765  0.34010465958503977
  0.34985223369972790  0.35953929596581052  0.36921188022247731  0.37883475232035130
  0.38833161591497578  0.39786168996160570  0.40756180962876337  0.41729340526340303
  0.42682938662071224  0.43633454586561538  0.44582519080905053  0.45515175998631957
  0.46426887126895061  0.47336877307330028  0.48271077436398124  0.49252401969886861
  0.50238620626036623  0.51241653316927105  0.52231301271522379  0.53202068090924481
  0.54175904994320345  0.55169874435490540  0.56187251441972319  0.57185295452707474
  0.58160463640855831  0.59112232001829279  0.60055333086975515  0.60990008030173848
  0.61921222951210597  0.62871514380676508  0.63842716308830127  0.64823152911257154
  0.65809911972655855  0.66784971322593012  0.67737340583687244  0.68702877329459622
  0.69683496451626625  0.70681983268772886  0.71663163305828781  0.72677230418258743
  0.73712385494604737  0.74756354448245654  0.75753251355980522  0.76756785792938997
  0.77788655202743606  0.78837747878265485  0.79880219078626935  0.80920457070445240
  0.81990438453358616  0.83095350478961438  0.84233699438751120  0.85389936892644136
  0.86560420970844254  0.87712191404498940  0.88841141652459354  0.89986700109276641
  0.91151678533573888  0.92329312044725464  0.93520803067584823  0.94762931869742439
  0.96040000718215368  0.97338675285911502  0.98654799834342055  1.00000000000000000
 -0.00236086661849197  0.00968187677074248  0.01999536868811236  0.03027497893350250
  0.04056410429841958  0.05132868183103066  0.06197079356426242  0.07253776506224112
  0.08291596000069483  0.09361247332354701  0.10444762458767955  0.11512392238190985
  0.12577543041410688  0.13605756441967304  0.14624415258777285  0.15644623103764052
  0.16683816292593528  0.17727944194344580  0.18772382276935082  0.19814030860933934
  0.20850642295422256  0.21882293001301698  0.22914988114137425  0.23945079543479722
  0.24961651310764604  0.25977488930763670  0.26982182332025356  0.28017966707426534
  0.29063358422463398  0.30114389210812936  0.31198579310335067  0.32311511204826854
  0.33430830149613344  0.34484101967005892  0.35539661047744719  0.36611207744153013
  0.37688249002860352  0.38730122431343433  0.39765810890961084  0.40833609147262001
  0.41905432698839962  0.42996354310055412  0.44047804143360092  0.45085326227440481
  0.46111914953427713  0.47126243046865390  0.48157309659845438  0.49212415724779918
  0.50272858417835198  0.51308208447574832  0.52330682346274271  0.53362171849192575
  0.54385202900824980  0.55409766393291349  0.56447115649977120  0.57522233977198156
  0.58589411014945292  0.59640372123685825  0.60694990595538101  0.61748356365924817
  0.62793768311459863  0.63837264503023528  0.64883266273917384  0.65980202083199446
  0.67044215356614878  0.68110953687187181  0.69147404855203998  0.70204713200567415
  0.71260502055822827  0.72330851231043114  0.73407961466758387  0.74492157720559382
  0.75576686952241334  0.76664739669269155  0.77742744728025548  0.78817497529239289
  0.79841152144249572  0.80846255140558532  0.81847844941105652  0.82880978305049868
  0.83935856530359010  0.84993618832180484  0.86045788101686649  0.87133572397053460
  0.88222910597814941  0.89309538172883451  0.90363347749328815  0.91422646001219632
  0.92527613407168285  0.93654023502939832  0.94749411628513724  0.95827940675798851
  0.96894503286342715  0.97961622071576226  0.98980685835345150  1.00000000000000000
  0.13839636027534191  0.15042282354373196  0.16665976026575324  0.19792396096495896
  0.22527887472180047  0.24410168659954823  0.25410678598496411  0.26311749989604405
  0.27302965298617948  0.28302269864848933  0.29237269940432553  0.30167938940456041
  0.31137262410818167  0.32248524637536846  0.33347804843388018  0.34326350335387007
  0.35221055520746675  0.36049976453502186  0.36845997519175705  0.37617584606030130
  0.38349526390366279  0.39070267149060539  0.39765349387097260  0.40441619520010902
  0.41104546324614333  0.41759748007662356  0.42412363535757047  0.43061420180765592
  0.43705511301301009  0.44345286471216327  0.44988358906634834  0.45634626069720785
  0.46281434948985395  0.46918842436236730  0.47538824293604287  0.48151764749824005
  0.48756567955346503  0.49368152365923657  0.49986735504697916  0.50603114770517610
  0.51213319582636241  0.51810871237166101  0.52408530910775553  0.52982868818847362
  0.53581610463209606  0.54168288829466882  0.54782153653234789  0.55395512844122585
  0.56011545071261071  0.56624984097047215  0.57236755018843344  0.57852002335620756
  0.58476646779172792  0.59114170001635824  0.59751510902828786  0.60381441670780200
  0.61006278372583778  0.61636435583032567  0.62276584376286181  0.62928109730432813
  0.63582865408524891  0.64240158464810981  0.64909371925127546  0.65589957458033266
  0.66279460836773796  0.66976721606023604  0.67677689981442191  0.68377893594803796
  0.69085486147082775  0.69804840504877219  0.70541869201328411  0.71281072519337896
  0.72027396637765129  0.72791692386976703  0.73586683870215375  0.74399875066720511
  0.75217898022439567  0.76052011630869387  0.76902600910156449  0.77785697721267688
  0.78700679317934119  0.79634598913628674  0.80583707289414708  0.81542857718752093
  0.82521309955061228  0.83529721394497225  0.84570330873501387  0.85650598780248322
  0.86792783655315975  0.88019703835881435  0.89339473451781104  0.90780197222949022
  0.92379718502609787  0.94185118549499569  0.96513492531230594  1.00000000000000000
 -0.01963737201447124  0.12287479239054891  0.16918489137826487  0.19690629248242034
  0.21903147057060884  0.23780021481509983  0.25458898508304745  0.26990431973636203
  0.28419334414776976  0.29762146794890576  0.31042586700862784  0.32270484588084086
  0.33447263959059675  0.34564112529441082  0.35622105323949793  0.36634251162513520
  0.37616246042838131  0.38565450436254906  0.39491972610362441  0.40388600710628753
  0.41287196336823756  0.42173366552186775  0.43036954090173957  0.43873753004544352
  0.44695725565031980  0.45505554987882441  0.46290344384845644  0.47053390342588985
  0.47801385746013703  0.48535302190002988  0.49261400538444067  0.49983137414845652
  0.50690840659908942  0.51386270903117193  0.52076826428867740  0.52761813032511029
  0.53446127872416593  0.54130307261156752  0.54810061927117359  0.55481875726868468
  0.56143383908961508  0.56787323156259550  0.57432402795681203  0.58076359872402428
  0.58722157469800051  0.59363999987536142  0.60007107019739636  0.60625410542773817
  0.61232546235930185  0.61826113867319743  0.62412644982957954  0.62994359538650802
  0.63575074369360030  0.64164593282883953  0.64757542747035568  0.65343188854268708
  0.65914799959588111  0.66472711486517233  0.67033056227609755  0.67595913640564720
  0.68149989976747749  0.68699156672276229  0.69247939686646154  0.69798856062652004
  0.70351598187677467  0.70907371232032446  0.71469391613817090  0.72037065496811803
  0.72604435314312810  0.73169460184204504  0.73725191773658816  0.74272656082437227
  0.74822815547172006  0.75381333365006387  0.75950397248333590  0.76525999129518529
  0.77104376644910777  0.77685603222441224  0.78272604025672232  0.78872636368133320
  0.79495286384306929  0.80132769137900040  0.80777286891678646  0.81442699578111810
  0.82131882418347579  0.82844157874424473  0.83580301817610636  0.84377282750183524
  0.85213169487094143  0.86126039613233096  0.87091582500473830  0.88197398396028892
  0.89470626512645346  0.91154098333223688  0.93792676207149839  1.00000000000000000
   9.7461805639980274E-007  -1.0000000000000000     
 F F F F F F F F F F F F F F F F F F F F F F F F F F F F F F F F
  <DiscreteSampler_grid>
  grouped_processes
  1 # 1 for a reference and 2 for a running grid.
  10 # Attribute 'min_bin_probing_points' of the grid.
  1 # Attribute 'grid_mode' of the grid. 1=='default',2=='initialization'
  0.0000000000000000 # Attribute 'small_contrib_threshold' of the grid.
  0.5000000000000000 # Attribute 'damping_power' of the grid.
 # binID   n_entries weight   weight_sqr   abs_weight
    10   10   4.373692049376696E+005   3.600137627392324E+011   4.373692049376696E+005
    11   10   4.373692049376697E+005   3.600137627392324E+011   4.373692049376697E+005
  </DiscreteSampler_grid>
