  0.00967812888485120  0.01560635172512267  0.02462018878189343  0.03577399688428363
  0.04651972248390772  0.05713837989163681  0.06760319869301794  0.07842091147371114
  0.08933494840940220  0.10043984362243839  0.11137927287196803  0.12221204966819325
  0.13246023399172344  0.14278040066304121  0.15308789379642279  0.16341525213561670
  0.17329960316163079  0.18293946580003209  0.19258207623344137  0.20205645421333601
  0.21196355036377937  0.22213136534558262  0.23255396886026619  0.24294683635430672
  0.25350907749469698  0.26389856616474933  0.27436084453888304  0.28443376575855261
  0.29441813004350520  0.30448116301384387  0.31489268791104619  0.32559450018377045
  0.33590521240400051  0.34608761230106982  0.35634291295682641  0.36668828916242113
  0.37691894038257456  0.38695170069424384  0.39708554440910954  0.40743068416083744
  0.41763381901623048  0.42796010847763932  0.43838759108385339  0.44924604801308177
  0.45987488130909854  0.47041374366522087  0.48072481720838361  0.49123161910455343
  0.50179365168389500  0.51224008251388564  0.52240884483716854  0.53245743205389606
  0.54273173969796218  0.55329795692426742  0.56386723519116155  0.57446353996461530
  0.58515630253558404  0.59593923258494619  0.60688946159071466  0.61801234508135428
  0.62909418959121499  0.63990032069824809  0.65058917399236271  0.66120597748097676
  0.67169296330307726  0.68206277301034579  0.69230575704669484  0.70246615696847170
  0.71268317056873809  0.72297884646555610  0.73314773029549618  0.74319568908259714
  0.75346447385802595  0.76410984212782518  0.77462278004323959  0.78476998270520970
  0.79496301600147234  0.80542270172014019  0.81579189903014382  0.82617032833320225
  0.83640872415080003  0.84652278372764156  0.85634782519716668  0.86584561064236598
  0.87558829017227746  0.88550730454498883  0.89555971515511867  0.90577534722452402
  0.91613230098544063  0.92699561427685473  0.93787107970578709  0.94856676909420123
  0.95906923112863374  0.96943828053334469  0.98009496800240958  1.00000000000000000
  0.00000240274123444  0.00000290468250169  0.00000316275881737  0.00000343001556691
  0.00000369255823070  0.00000395486012710  0.00000421200683039  0.00000446731871845
  0.00000473425239615  0.00000501445756058  0.00000530761525108  0.00000560512722963
  0.00000590400287359  0.00000620667143682  0.00000651258348206  0.00000682275725586
  0.00000714012750489  0.00000746092568584  0.00000778232054333  0.00000811276968643
  0.00000845838424437  0.00000880767560048  0.00000916719631548  0.00000954441135388
  0.00000993986850964  0.00001032832977427  0.00001072909968194  0.00001115105183010
  0.00001160173695820  0.00001206100980828  0.00001254406704954  0.00001304198176025
  0.00001355098445544  0.00001406808655487  0.00001461841044640  0.00001518661394333
  0.00001575776879643  0.00001633501943173  0.00001694354654929  0.00001758809055507
  0.00001825021693744  0.00001892756226659  0.00001963790702475  0.00002039754198532
  0.00002119058670405  0.00002201016793800  0.00002288130622075  0.00002382967781236
  0.00002483704676942  0.00002585861750152  0.00002697158704329  0.00002813675656994
  0.00002931524142368  0.00003055241616879  0.00003196785413395  0.00003345913160627
  0.00003502051420831  0.00003674438092610  0.00003861804261234  0.00004053061500280
  0.00004266864599560  0.00004496608157538  0.00004745385156541  0.00005021209421546
  0.00005319829403977  0.00005639192474516  0.00005987828013381  0.00006355366401730
  0.00006759787701219  0.00007221779853867  0.00007725131338380  0.00008313830599492
  0.00008957519414846  0.00009685386038969  0.00010463701307739  0.00011323618513032
  0.00012277820301407  0.00013362041445750  0.00014602214372779  0.00015996523472081
  0.00017580149742501  0.00019330655922452  0.00021305229550088  0.00023702065325604
  0.00026550563979454  0.00029886105652103  0.00033787103171450  0.00038177969539872
  0.00043474503204911  0.00050270819938976  0.00061871064648584  0.00082467615003275
  0.00118683992429787  0.00168631283514731  0.11136012868752762  1.00000000000000000
 -0.00230519908632722  0.01061674603404295  0.02135158305020531  0.03227832229152313
  0.04304030348887522  0.05316417591444288  0.06358974853063649  0.07428349611462307
  0.08482203603829044  0.09514063826138952  0.10535628777209750  0.11644535944399330
  0.12746452422154139  0.13871076485244144  0.15001981605733047  0.16101721515487355
  0.17194058156348824  0.18257349905487991  0.19317309884939660  0.20340555503460250
  0.21361840724168152  0.22356170636249720  0.23364921097243888  0.24399905914359807
  0.25460031034100145  0.26556866327663026  0.27623267229136222  0.28693491678000704
  0.29750690064542817  0.30813228182806585  0.31899187573759535  0.32932900003127841
  0.33949743564811291  0.34934039610650652  0.35932069760660545  0.36923559727686184
  0.37925851148390705  0.38924940567654209  0.39923872139408878  0.40965399482449799
  0.42014498967289798  0.43057420462989560  0.44098848324431017  0.45144748745543894
  0.46166644820246405  0.47192902779732865  0.48255360926191032  0.49381538673525027
  0.50490577551470817  0.51564939486154449  0.52644978177706880  0.53709939869625301
  0.54771213411059472  0.55793427627336978  0.56835171834208775  0.57889931401507444
  0.58935081874179829  0.59995188135579214  0.61039890696866939  0.62090009510358701
  0.63141902924297810  0.64203944122048173  0.65256287097020205  0.66331319231055452
  0.67406044107163943  0.68474572406193623  0.69537757460134175  0.70616488484159212
  0.71700187625586187  0.72791871606156477  0.73873302551128173  0.74918303337232572
  0.75937920859661556  0.76950179228307769  0.77991408519787908  0.79061164088420899
  0.80171231913767227  0.81268707049371858  0.82291279042199739  0.83305492743945164
  0.84363678569149392  0.85428627658072109  0.86458598078260840  0.87498141254168738
  0.88512805676143280  0.89546254224931521  0.90561812626804739  0.91631736660381335
  0.92684528780727493  0.93708296451125950  0.94704241363792852  0.95717845451243022
  0.96773426027961840  0.97812522567885685  0.98884129864180337  1.00000000000000000
 -0.00239281911655341  0.00962980185962295  0.01959273964705797  0.03018392842065935
  0.04090427172549563  0.05107393502615025  0.06093512096749189  0.07106930622543287
  0.08142189142867072  0.09180557353643314  0.10205109959487847  0.11246354833526408
  0.12269635868654277  0.13261321340378454  0.14248150917620092  0.15258274688746282
  0.16285004728853755  0.17301621392320005  0.18287741466029397  0.19264029224598395
  0.20238895623211617  0.21240922846892649  0.22298525804187308  0.23385053168614622
  0.24517378258473244  0.25635060974988522  0.26743874744536256  0.27813425921278301
  0.28892215540633470  0.29987038686496831  0.31066973368323614  0.32131281254360666
  0.33185311422278846  0.34236966368749039  0.35268532587762541  0.36292163760784524
  0.37324127750728375  0.38346954944859196  0.39346803146486176  0.40336202385636344
  0.41307419294869813  0.42282179388646413  0.43245897907488001  0.44236894500830648
  0.45257390728199176  0.46294149770885568  0.47372133223287022  0.48455902053156624
  0.49530734314910052  0.50615576565332676  0.51718907122669522  0.52825458068043751
  0.53922838413477714  0.55058724598048858  0.56207459688184669  0.57333372473032918
  0.58443237777341861  0.59558057215548210  0.60663527010804763  0.61757560788762911
  0.62839362428212886  0.63890419710983570  0.64949529562199515  0.65999511934257504
  0.67036320957059370  0.68044328850186997  0.69035231446832312  0.70040908470391172
  0.71059736553860509  0.72100535434190083  0.73162653358317764  0.74231717350834547
  0.75309630083676737  0.76413117817542864  0.77521320249561698  0.78624327723384768
  0.79737296095182009  0.80822830957699254  0.81902856463460216  0.82930885922274289
  0.83972800506072864  0.85029436951966308  0.86094929261626452  0.87203196573139663
  0.88329274059747775  0.89477197778519135  0.90549729067633311  0.91590672246437999
  0.92612798148318232  0.93603098482980895  0.94634645971244280  0.95660039526240304
  0.96726402959751079  0.97771713241025271  0.98879258588055075  1.00000000000000000
 -0.00211701202693496  0.00893737515358299  0.01833772602558578  0.02862114650342347
  0.03878739953295431  0.04884030088522894  0.05880549665685146  0.06888181637395921
  0.07922201395801701  0.08955354298220761  0.09976170857702973  0.10972897213091470
  0.11978920603936796  0.13007877718385508  0.14040719154574993  0.15050203142751342
  0.16036916698492285  0.17027573214424715  0.18054179675184662  0.19114148905509701
  0.20196363142939508  0.21299459217109212  0.22431754400772799  0.23572260169933559
  0.24735662169963493  0.25925794031693478  0.27135451962987595  0.28247314622179759
  0.29344380285040478  0.30406730634205492  0.31455024181671115  0.32500055164394809
  0.33569840037040244  0.34647759592105171  0.35729935571881088  0.36776700538463064
  0.37814537060271203  0.38856290777511199  0.39891482872792977  0.40949441802487102
  0.42013229151998649  0.43138375845996713  0.44239611904609599  0.45319815252231244
  0.46344843942100394  0.47373957538254063  0.48417320048866114  0.49512584805873594
  0.50557599370381912  0.51572451854080936  0.52584815382503991  0.53635415676600506
  0.54692381574502225  0.55725626080074619  0.56807502631555751  0.57901430632652351
  0.58995253602492281  0.60043591434988941  0.61093181319917822  0.62163642540213471
  0.63240395823271311  0.64305590960161452  0.65324354663818507  0.66316791513459661
  0.67326179821436438  0.68364161980705263  0.69391001513318995  0.70399232269892942
  0.71411751266930601  0.72437706962253090  0.73444013290478161  0.74449103115877935
  0.75473763409192163  0.76539541628891239  0.77623309695329112  0.78712628193387479
  0.79814691706399254  0.80891988395089576  0.81965176743176893  0.83008977642390958
  0.84075677574347796  0.85164383315130654  0.86245407577950206  0.87310506187779524
  0.88364748745797228  0.89398695748025947  0.90415978914102857  0.91449271850630742
  0.92497179030152710  0.93583794151150024  0.94646957794941566  0.95712682015142336
  0.96787280486329297  0.97852447679220944  0.98941267366798047  1.00000000000000000
  0.02217675195156558  0.02629429280232206  0.03108921231954077  0.03605592641157478
  0.04107806752702864  0.04622203888000017  0.05140696640567823  0.05674358107147213
  0.06217923727798105  0.06760541535644243  0.07307206330594185  0.07840003183405338
  0.08373216216550375  0.08912996798887293  0.09462914628414466  0.10028563801111193
  0.10581204789486397  0.11135021397227753  0.11695376346162696  0.12259192022169592
  0.12830594162113890  0.13404875196420937  0.13982181038274821  0.14577102019090615
  0.15190361140027922  0.15806778700294427  0.16415930110137547  0.17023464417089337
  0.17631553848352444  0.18244510794909646  0.18867243140058440  0.19491894140410734
  0.20133363938137022  0.20785759838380130  0.21436311456545623  0.22092965529202621
  0.22747593630708826  0.23411346750991599  0.24076706637164799  0.24745286226144472
  0.25431985660891909  0.26134144019566707  0.26853144599193912  0.27610162567844576
  0.28388698319543826  0.29170331132065302  0.29965576999538562  0.30779166356267490
  0.31614237841971043  0.32466135841332799  0.33315403759974138  0.34159543028261724
  0.35009193684737261  0.35865333276931161  0.36737902503009223  0.37632219170728903
  0.38537486847832492  0.39431672734464795  0.40327479352657064  0.41238698904932886
  0.42168920642477647  0.43115921130940038  0.44059317396258874  0.45016777218141957
  0.45995611877641279  0.46999231968637023  0.48021493559918194  0.49081328028718407
  0.50158411038698547  0.51237208644807952  0.52340345029292112  0.53489635962152227
  0.54693335319559366  0.55908280423650047  0.57155526565490833  0.58447356885578072
  0.59754528627765180  0.61045899697863026  0.62358757424034938  0.63751482871145149
  0.65202984462655245  0.66687324457883046  0.68223126210533547  0.69835143821315604
  0.71516812100336058  0.73245494349726281  0.74984320285260320  0.76784802276909081
  0.78641268390906571  0.80669651191643188  0.82804475874720773  0.85053817999027714
  0.87567176254913792  0.90517346751564753  0.94199393010528787  1.00000000000000000
 -0.01467821263102564  0.08775101549086878  0.12502765142244313  0.14810477334243435
  0.16680306116061022  0.18292500036823703  0.19760702865275240  0.21100804325088715
  0.22339609786716308  0.23495992349179551  0.24585635787277202  0.25587947471143013
  0.26533069229377865  0.27434874484331384  0.28310867692194036  0.29158947707839816
  0.29988220355923129  0.30804991151111488  0.31599697238533914  0.32374792823379350
  0.33139933617599021  0.33882024843477498  0.34609070942220982  0.35315475111281297
  0.35997146843768285  0.36667525981754917  0.37323494675950458  0.37961625684029693
  0.38590949031206867  0.39215274562337094  0.39830462043063569  0.40427184968756774
  0.41021093240325179  0.41619250511191047  0.42205527746497440  0.42787361906834925
  0.43370760985941792  0.43960195781146072  0.44551047801148508  0.45132583728947068
  0.45704535477396080  0.46281275263989946  0.46871413316611654  0.47464676749455392
  0.48057317516180997  0.48639965892266546  0.49217346074833968  0.49803690462988626
  0.50382120352086324  0.50968152052064353  0.51554325449700844  0.52129805367767745
  0.52691567800799788  0.53251942020123799  0.53821155402878740  0.54397246318844861
  0.54976941309449623  0.55561235091784777  0.56136404126726513  0.56735532781849551
  0.57337363614023173  0.57944489119316100  0.58547333102526189  0.59152462183639476
  0.59763269495633686  0.60392773077203588  0.61030947822430903  0.61672143748238661
  0.62318174573962848  0.62967243316921395  0.63627687008653377  0.64297315730887716
  0.64981115381826227  0.65677616788848747  0.66377062391654118  0.67089205546712571
  0.67812950325195542  0.68556573808162891  0.69340374880920341  0.70149237143203425
  0.70973687454633305  0.71850875499775602  0.72763607732150537  0.73717497702176149
  0.74698117946982856  0.75698164930041423  0.76732055161565549  0.77834352676916940
  0.79003233002974405  0.80280670865537984  0.81685075413208619  0.83286009180595599
  0.85200029475958328  0.87626324627994401  0.91404936668518699  1.00000000000000000
   3.6733217677971367E-008  -1.0000000000000000     
 F F F F F F F F F F F F F F F F
  <DiscreteSampler_grid>
  grouped_processes
  1 # 1 for a reference and 2 for a running grid.
  10 # Attribute 'min_bin_probing_points' of the grid.
  1 # Attribute 'grid_mode' of the grid. 1=='default',2=='initialization'
  0.0000000000000000 # Attribute 'small_contrib_threshold' of the grid.
  0.5000000000000000 # Attribute 'damping_power' of the grid.
 # binID   n_entries weight   weight_sqr   abs_weight
    10   10   7.533937138977261E+005   2.040973251759190E+012   7.533937138977261E+005
    11   10   7.533937138977261E+005   2.040973251759190E+012   7.533937138977261E+005
  </DiscreteSampler_grid>
