  0.00960745943606044  0.01568708290254922  0.02501276690849751  0.03596908295596331
  0.04649442588286658  0.05703150650667065  0.06750704785521985  0.07797458712052281
  0.08839769877738986  0.09881983312816360  0.10924807659823529  0.11973278906798036
  0.13019811991222804  0.14081867363355785  0.15138684685289147  0.16198819011211452
  0.17256099664334745  0.18316405847860878  0.19387163284268777  0.20450706528758036
  0.21512960662376038  0.22553364552331806  0.23600058453740685  0.24634551716443576
  0.25668344064841875  0.26699079050320529  0.27749853908015426  0.28810558861951580
  0.29851908100594421  0.30863527253191597  0.31866204094737399  0.32885334082157092
  0.33916213790406413  0.34953296470705486  0.35982471333243482  0.37030345403082215
  0.38065045643132334  0.39107561238277067  0.40139128522363954  0.41186082111592892
  0.42243378800489095  0.43305126872014738  0.44374086744961844  0.45444308908636949
  0.46530641522647054  0.47617701726155670  0.48714252122666424  0.49792884119429115
  0.50856684751592718  0.51921517544124030  0.52977790899688415  0.54029868033048079
  0.55062625474293603  0.56098268157490361  0.57135406044352111  0.58162354830063356
  0.59188358810901531  0.60228535170016617  0.61279664618356589  0.62368018201918540
  0.63442430653049142  0.64524437495023557  0.65587899227645374  0.66646229955648484
  0.67667125128962247  0.68686743521757665  0.69738374058899710  0.70804582940249838
  0.71869087664474129  0.72912854619428957  0.73974317345280982  0.75018411548524977
  0.76047791954361854  0.77080431971611818  0.78127238631925622  0.79168519200763721
  0.80221551299561689  0.81275302560779383  0.82356234082350765  0.83441067337052388
  0.84496099850140882  0.85557424958206962  0.86585796573459517  0.87632445216887622
  0.88642218721982624  0.89651039892659568  0.90683599484014066  0.91722098229842086
  0.92779996113907537  0.93844981784098525  0.94937295804591604  0.96037693866205354
  0.97067253874720394  0.98112982048469222  0.99146432625284919  1.00000000000000000
  0.00000252483782371  0.00000276022256741  0.00000293687642679  0.00000310569397172
  0.00000327235581794  0.00000343827006215  0.00000360583177920  0.00000377682398758
  0.00000394986313731  0.00000412273580147  0.00000429915258191  0.00000448242942314
  0.00000467821323129  0.00000487224359790  0.00000508204385276  0.00000529959682074
  0.00000552233553212  0.00000574768499523  0.00000599106363430  0.00000624850430243
  0.00000650842108521  0.00000677412963387  0.00000705189931420  0.00000734782334851
  0.00000764779927761  0.00000797152005003  0.00000831434567252  0.00000867010695797
  0.00000903108422191  0.00000942149835866  0.00000983049472876  0.00001024259175952
  0.00001066719895274  0.00001112053071689  0.00001159375136205  0.00001207364619599
  0.00001258626646978  0.00001313691452327  0.00001370559647725  0.00001429179186714
  0.00001492478557459  0.00001559882797269  0.00001627252349066  0.00001699506906640
  0.00001776226093514  0.00001855683299929  0.00001937703780359  0.00002026081596222
  0.00002120965211981  0.00002217351903973  0.00002321818989167  0.00002433626657292
  0.00002549023382692  0.00002670690685450  0.00002804476058351  0.00002941156170928
  0.00003089287546083  0.00003248998548780  0.00003416420213166  0.00003592295381553
  0.00003782282634515  0.00003982599643719  0.00004198428454825  0.00004437165834406
  0.00004689596620771  0.00004961477385028  0.00005258929290590  0.00005578344244091
  0.00005940450901411  0.00006332189333155  0.00006757047861317  0.00007218359166570
  0.00007733484354351  0.00008309561730449  0.00008961202558144  0.00009686487318222
  0.00010504413325128  0.00011437696461597  0.00012509322246773  0.00013797827183084
  0.00015298257372780  0.00017104706858975  0.00019208865541992  0.00021702533963844
  0.00024735698236773  0.00028389755539729  0.00033231046683477  0.00039964974589915
  0.00049331616549699  0.00061522254765178  0.00078153555304490  0.00103093815025436
  0.00143303911692806  0.00265029470670254  0.06420340984544476  1.00000000000000000
 -0.00231293676538984  0.01012867987256052  0.02070218652719976  0.03175222266235947
  0.04265972105198893  0.05349135137729598  0.06440650342240470  0.07562727482413206
  0.08634502210093650  0.09674818291913351  0.10703100321107352  0.11739127165268762
  0.12774758323167398  0.13813767927371509  0.14868914728001456  0.15954365054290015
  0.17031180099185869  0.18114472497868872  0.19179183824679225  0.20250360540823356
  0.21288348823734615  0.22337360771719889  0.23369953300464097  0.24423041300119339
  0.25465256980178064  0.26507462291652212  0.27561389907390260  0.28620749295570502
  0.29673460907586846  0.30720543248001286  0.31792580141363935  0.32869835259309527
  0.33928778835501039  0.34968871650726618  0.36046743885726013  0.37143953191509355
  0.38250951876881162  0.39363422431963824  0.40475295584217807  0.41566824169710881
  0.42609289911143433  0.43630070941255877  0.44651278744570005  0.45683453698641585
  0.46719625350692312  0.47748672829002775  0.48788548265588599  0.49820167752425920
  0.50832503834470344  0.51835640885844847  0.52860077106422487  0.53902099165148276
  0.54944427966728571  0.55980280889559830  0.57032292159191578  0.58076822579246434
  0.59142974069946641  0.60203441845220718  0.61271771744252002  0.62329052560860820
  0.63372818216137972  0.64434151301968667  0.65467264575454087  0.66509104195541568
  0.67557507429077301  0.68617768693636905  0.69653808287539687  0.70675671442001353
  0.71722647060362688  0.72756062146063127  0.73793257614811547  0.74826923333874396
  0.75904133173655353  0.76990415772453435  0.78058585004991421  0.79111991267914605
  0.80127646685773379  0.81134341697598278  0.82144574194991149  0.83146922346094632
  0.84152896597589610  0.85157554693209792  0.86206170753595457  0.87263394383888759
  0.88346412476417935  0.89429648567265119  0.90506168581602553  0.91595631611313144
  0.92659743521934079  0.93734699379918174  0.94771647270611770  0.95809094504151537
  0.96862901825358827  0.97900840354691676  0.98955695654435993  1.00000000000000000
 -0.00249973538302866  0.00980363422285716  0.02017309653703295  0.03074583591577251
  0.04121779909371337  0.05168474051937404  0.06232820666603517  0.07304025095404125
  0.08384721050857412  0.09455887240195422  0.10515742349649949  0.11585515193399978
  0.12647039519650241  0.13699036318575938  0.14744433045009456  0.15799975051361098
  0.16876849132673841  0.17945808346882894  0.19008218137241450  0.20048261820394392
  0.21090903770781247  0.22129264655180170  0.23194913734002770  0.24247897990890246
  0.25306172217252532  0.26347654979999224  0.27424155774352732  0.28509522747028221
  0.29607820837332294  0.30680543009562405  0.31751425554749879  0.32826109168787482
  0.33895633840508965  0.34969292628806958  0.36030321830627798  0.37084853211276897
  0.38109909267112424  0.39127026663658787  0.40167627805383577  0.41231040490636073
  0.42295902573808020  0.43364919008556185  0.44456385708784335  0.45546307453497403
  0.46608156006392976  0.47651811194629162  0.48698805177148302  0.49759778750614619
  0.50805583910857266  0.51849818583682850  0.52893271049676593  0.53940064305123869
  0.54958615567413427  0.55979347145674507  0.57014962093886212  0.58070464541685507
  0.59118187985599469  0.60155769475038656  0.61191076866743732  0.62232238354919822
  0.63289050992401030  0.64340712918463205  0.65396379407427296  0.66446260280600111
  0.67534026952310722  0.68627871596475198  0.69701429394862857  0.70759439448027239
  0.71803334596165058  0.72863345369674326  0.73905373668646202  0.74941144832895901
  0.75980715662403997  0.77011128138078555  0.78036030855954019  0.79048170165151255
  0.80084408129579443  0.81130226704696473  0.82181919398452219  0.83224368315372643
  0.84274906399374072  0.85324201620768048  0.86369375901816203  0.87396162767918906
  0.88444594312221436  0.89488143788381169  0.90517669369111031  0.91551044988065577
  0.92586882407461724  0.93631107103892219  0.94659957945748952  0.95684513189447362
  0.96760402564439096  0.97822743770069132  0.98909422172836958  1.00000000000000000
 -0.00267257716784227  0.00966198602755321  0.02043222490588025  0.03140849183462713
  0.04229971184234930  0.05287025154508977  0.06334346073238808  0.07393782457076067
  0.08460920931526918  0.09546366269327840  0.10620472052087790  0.11698175747306211
  0.12767710813252631  0.13840305069410921  0.14900269407219216  0.15948963957553050
  0.16985431595201983  0.18019748648406936  0.19052886700033816  0.20081176476296231
  0.21122624059769701  0.22172384094408304  0.23231204939329694  0.24291397243953586
  0.25348626130767377  0.26411596292595957  0.27469020536703598  0.28512989401037919
  0.29570418031484036  0.30637362807298774  0.31715755977384497  0.32794637661631770
  0.33870818786239493  0.34950914759214857  0.36022814917823071  0.37090676755638763
  0.38134892589828012  0.39166046167793112  0.40221517370977095  0.41287543566995666
  0.42353134835280309  0.43402009348627257  0.44473784033070063  0.45548344926264178
  0.46594074127987861  0.47627885411930787  0.48686289531212756  0.49722113963240872
  0.50736362573039440  0.51745261101559303  0.52793831029275484  0.53850725671449906
  0.54919308409940604  0.55979678042926884  0.57032695166527236  0.58086303133013961
  0.59114479340436776  0.60152556496492082  0.61167106730300147  0.62169898680453139
  0.63184811061451174  0.64198083107597592  0.65259756780976419  0.66332057564260005
  0.67397045873166384  0.68455468548217924  0.69512956763819178  0.70595661250472419
  0.71677377400552600  0.72766129576279559  0.73834307350319073  0.74898181155469035
  0.75935601952055465  0.76959615500579603  0.77982525187463725  0.79010533866747368
  0.80052085332160017  0.81084853910629151  0.82108361622470838  0.83135707956456495
  0.84197101362258631  0.85251587123517703  0.86298172247998062  0.87317630238696875
  0.88353028079765528  0.89395263821413007  0.90450500472894846  0.91497862819875286
  0.92568828784037671  0.93652302860974357  0.94748832171015396  0.95819481519391558
  0.96853296979968651  0.97894388071897509  0.98944167195397437  1.00000000000000000
  0.02153618094800636  0.02866649665540190  0.03559282065742073  0.04247148714044328
  0.04938507118381569  0.05636481819582305  0.06348985900656702  0.07076431886993610
  0.07808300082167864  0.08538121043641277  0.09273194166976273  0.10014983963829789
  0.10764197641122657  0.11520774982709200  0.12277969353967773  0.13037280906429238
  0.13806379445195624  0.14588585998761971  0.15393782518222845  0.16202053988358697
  0.17004046991789193  0.17807535746698733  0.18621488662756777  0.19436981473435810
  0.20256892530664822  0.21074827880562533  0.21900012956168755  0.22728553175491881
  0.23573408380050342  0.24424049607853759  0.25283878467591092  0.26155921136830007
  0.27025023759691463  0.27913132561835707  0.28807226054380491  0.29719333065025777
  0.30648055238278310  0.31576958062000432  0.32501477929087058  0.33420687388624742
  0.34337310024240586  0.35263278873276027  0.36206103485180502  0.37154504826544493
  0.38114391936095771  0.39081703004689600  0.40052556503798142  0.41029055779255691
  0.42005543423225100  0.42985482848389867  0.43969922913862403  0.44962787890482425
  0.45962887273219033  0.46967806790600525  0.47977842572844509  0.48996704759571535
  0.50029950969097825  0.51065401807421373  0.52094075726500932  0.53116120417341883
  0.54144563510369492  0.55182584259106893  0.56226364880117241  0.57270139665870057
  0.58308458339054292  0.59347663413923701  0.60397165578904544  0.61466912617601088
  0.62555038306426303  0.63650081928724511  0.64738036658510889  0.65809290255245501
  0.66890572614061361  0.67995742278156213  0.69118320904321895  0.70240711829935265
  0.71363839068183121  0.72504150609345885  0.73640250844682553  0.74774687709349941
  0.75896612649887119  0.77013686213997878  0.78146593467616388  0.79312064078282196
  0.80529712134662446  0.81762377188758273  0.83017914560211781  0.84336210753456742
  0.85717507833747986  0.87159982677261183  0.88655652701478260  0.90237237105672108
  0.91956363034538557  0.93892210840868762  0.96388666655762667  1.00000000000000000
 -0.01796412652449262  0.10051894643137764  0.13402076081708200  0.15460159857645012
  0.17133437184661990  0.18591273568386441  0.19902297264336610  0.21098974978001661
  0.22211496901070646  0.23260934944922626  0.24259545835418522  0.25212079691241435
  0.26112536107924089  0.26979194097275011  0.27810370244630089  0.28619269525711410
  0.29405060568855257  0.30171139139060893  0.30925099493207059  0.31654672469421019
  0.32363810269498550  0.33062972788890177  0.33749107007255730  0.34421807340634125
  0.35082558682930215  0.35727418223635055  0.36357814625530965  0.36978650785337869
  0.37597478882969398  0.38199380132531768  0.38801867797603523  0.39401295267842484
  0.39996648886768144  0.40590769339800070  0.41180701357862293  0.41772100239240562
  0.42358339961988672  0.42938260491188918  0.43514031045305263  0.44088266043995594
  0.44664020497670964  0.45242018789646854  0.45819622791138925  0.46386469915874334
  0.46947966065252611  0.47510624507690807  0.48079562341524740  0.48651887184251852
  0.49223380189206034  0.49787934229229852  0.50347896440533990  0.50908719239483380
  0.51476188410853763  0.52052283574413272  0.52633536780129975  0.53218940397138104
  0.53805732041398402  0.54391015284464150  0.54972917247286279  0.55550837666256636
  0.56128740139286770  0.56715053510297186  0.57306275584637467  0.57902308295256744
  0.58509132115107576  0.59126183906702334  0.59749204179734217  0.60378996910677030
  0.61019389644937072  0.61669932623879731  0.62329336453577477  0.63005291444531386
  0.63694963478073330  0.64391837447001221  0.65101143903706316  0.65821641935481534
  0.66558440847790601  0.67318213382382397  0.68096119150392020  0.68896521823729662
  0.69732822302614894  0.70584769122959701  0.71467113772735225  0.72381051343990210
  0.73339390706015006  0.74354419832851137  0.75415497868346404  0.76544696511954424
  0.77744952695985881  0.79041168218633451  0.80466552309041661  0.82057951557038511
  0.83904854805664764  0.86156358685036993  0.89744015174707570  1.00000000000000000
   4.5840595634994147E-006  -1.0000000000000000     
 F F F F F F F F F F F F F F F F
  <DiscreteSampler_grid>
  grouped_processes
  1 # 1 for a reference and 2 for a running grid.
  10 # Attribute 'min_bin_probing_points' of the grid.
  1 # Attribute 'grid_mode' of the grid. 1=='default',2=='initialization'
  0.0000000000000000 # Attribute 'small_contrib_threshold' of the grid.
  0.5000000000000000 # Attribute 'damping_power' of the grid.
 # binID   n_entries weight   weight_sqr   abs_weight
    13   10   6.225595617193007E+006   1.595117390966824E+014   6.225595617193007E+006
    14   10   6.225595617193010E+006   1.595117390966827E+014   6.225595617193010E+006
    16   10   6.225595617193006E+006   1.595117390966823E+014   6.225595617193006E+006
    17   10   6.225595617193011E+006   1.595117390966827E+014   6.225595617193011E+006
  </DiscreteSampler_grid>
