  0.00928095672981176  0.01716881294901363  0.02725924429669826  0.03826015851874439
  0.04861702810914457  0.05879952885881071  0.06916878954928583  0.07962214908539000
  0.09004537549355682  0.10034018369158199  0.11065081674875114  0.12100941244145838
  0.13151677370167758  0.14201482049724432  0.15244892307096850  0.16284312084422442
  0.17331034408591767  0.18387046294514187  0.19437886436588489  0.20474640293117599
  0.21511972992679901  0.22538458925409829  0.23568333715697729  0.24593320533345031
  0.25623528830303838  0.26659912693652799  0.27697194132992436  0.28737931459772420
  0.29779144837364380  0.30815511731980111  0.31852736868033088  0.32884886210281994
  0.33921306911348859  0.34962350769400219  0.36011785410305025  0.37068133115843621
  0.38114361196492635  0.39152494793182008  0.40191686309795038  0.41239469473351087
  0.42288655500833200  0.43349462420665430  0.44412521714202913  0.45476639179617934
  0.46526897296478947  0.47568813586795822  0.48603979665377872  0.49629018821179621
  0.50656620705364597  0.51696779898432632  0.52736036427063016  0.53787023993516936
  0.54831527823044734  0.55888585920351008  0.56941455380530537  0.57997683701963876
  0.59045978259409659  0.60087104657777268  0.61137104007687137  0.62204553779195060
  0.63267139994375199  0.64319763989674783  0.65377863868808550  0.66450557231620655
  0.67526090520254700  0.68593218668019384  0.69663354997546667  0.70718689128078482
  0.71760129213973090  0.72804898676452134  0.73856488905026640  0.74923518749857065
  0.75955119552939576  0.76997590733243848  0.78027074136529473  0.79067088554474818
  0.80086656057072281  0.81111782554045830  0.82156997973129042  0.83194831199960295
  0.84238266262896433  0.85273802198738513  0.86339940171876783  0.87395984797559056
  0.88423281091197758  0.89448655421680445  0.90466155075022214  0.91493426685425805
  0.92512911152749122  0.93534077855783493  0.94575251051305154  0.95625550868246600
  0.96682921919546116  0.97742673923976164  0.98855199186612475  1.00000000000000000
  0.00000248887319414  0.00000271845190724  0.00000288054700644  0.00000303515113258
  0.00000318351978015  0.00000333570592964  0.00000348952333258  0.00000364800762122
  0.00000381144690503  0.00000397755549336  0.00000414518874772  0.00000431894111386
  0.00000450279261955  0.00000469260852711  0.00000488578553565  0.00000508537968804
  0.00000529342885928  0.00000550903115746  0.00000572799895896  0.00000595961683693
  0.00000619984888737  0.00000644739001651  0.00000669230036127  0.00000696377775685
  0.00000724485036713  0.00000753187320535  0.00000782593436213  0.00000813800032934
  0.00000846828195967  0.00000880694279203  0.00000915946078468  0.00000952882714377
  0.00000991276516065  0.00001030066056095  0.00001071263858091  0.00001115390859297
  0.00001161180397423  0.00001208253426441  0.00001257107018379  0.00001308628806015
  0.00001361690223007  0.00001416455508961  0.00001473993151187  0.00001535022393931
  0.00001598848513332  0.00001664984555774  0.00001737050395576  0.00001812010475312
  0.00001889823619975  0.00001968732644310  0.00002058674795934  0.00002147929893199
  0.00002242007351859  0.00002342621158106  0.00002448329582370  0.00002557908244215
  0.00002675257243624  0.00002801490815756  0.00002933141234143  0.00003071602850029
  0.00003220168239249  0.00003376695318279  0.00003543463575975  0.00003724748977437
  0.00003919002956786  0.00004120420751075  0.00004346953288265  0.00004586334157417
  0.00004846455030220  0.00005136548929235  0.00005445774796305  0.00005784089992348
  0.00006147864242702  0.00006543858214262  0.00006980260777901  0.00007457977793820
  0.00007993751823590  0.00008600041217432  0.00009284067721663  0.00010048939055502
  0.00010917456548679  0.00011904546021965  0.00013100447730607  0.00014480747078319
  0.00016122830052576  0.00018076375441745  0.00020565027114776  0.00023891539921620
  0.00028210194239662  0.00033813383879677  0.00041523092852288  0.00052869422382767
  0.00069405535866873  0.00098040444828041  0.18112958490670036  1.00000000000000000
 -0.00238933045001063  0.00938573206977013  0.01934092541328675  0.02984456731344263
  0.04048971788392625  0.05130811410394915  0.06194898939023036  0.07247764459064883
  0.08297915622956165  0.09348297551802538  0.10409830669914207  0.11441935287090360
  0.12469755911212875  0.13494199594295375  0.14537940342649289  0.15594543686677084
  0.16651080247869171  0.17708697272824978  0.18782992488415431  0.19845334872834747
  0.20907939662512365  0.21968073955450443  0.23025961778108051  0.24087133374374256
  0.25142749489263555  0.26211916768985288  0.27268579726968906  0.28326676769379283
  0.29386894059125385  0.30423488132365029  0.31471276129347697  0.32483954174126706
  0.33504191952773482  0.34499876755531328  0.35521680946224921  0.36565499875956303
  0.37609305076425964  0.38655296174484688  0.39700422611708786  0.40770751171347769
  0.41832403572256349  0.42875779571125078  0.43917860841667361  0.44971590817614421
  0.46022197527776815  0.47074324267702183  0.48146208132489998  0.49234779085064584
  0.50302701510748427  0.51355311236390855  0.52401742842406163  0.53449352359496360
  0.54484135202242268  0.55516481158857445  0.56558622300861627  0.57619118109200151
  0.58680310242266065  0.59751329999890956  0.60827705812581578  0.61893440891094909
  0.62957638376420644  0.63991158819655469  0.65036753355569610  0.66089464044216339
  0.67172765819958646  0.68259919800604973  0.69321559915567099  0.70362376334861654
  0.71408429556218123  0.72456332627635822  0.73499570204093922  0.74538946623714208
  0.75598291602517775  0.76667546912733120  0.77719724159538139  0.78761646165569588
  0.79813158916994931  0.80874341164838381  0.81924521989090582  0.82951761315680550
  0.83979786721451044  0.85006652177666164  0.86054819666830751  0.87109435783716538
  0.88172040588809653  0.89236165150525382  0.90323193662699852  0.91413348226100588
  0.92496607927398566  0.93558653136062808  0.94648020840373837  0.95717484356689442
  0.96797825069280985  0.97856896790371029  0.98927866014176857  1.00000000000000000
 -0.00234823781792363  0.00965882599480458  0.01965844773619317  0.03024990404971473
  0.04059984753178061  0.05110017987582063  0.06146716781586734  0.07224763230960644
  0.08298360881586134  0.09382820942986138  0.10482921496446934  0.11557837559528737
  0.12610032903037813  0.13641872733093408  0.14670075695535162  0.15738334236441892
  0.16812335471576373  0.17901862980530348  0.18984084764574599  0.20071816437334677
  0.21126941645648953  0.22175610724868758  0.23215616526455815  0.24278685477566658
  0.25329636218342549  0.26381060023538577  0.27419965126240409  0.28439263470051296
  0.29474814154952828  0.30518748453155098  0.31572393285899736  0.32633862871787972
  0.33695236767072323  0.34776040195957525  0.35825064484581348  0.36867469346760939
  0.37896831084132515  0.38936754813766489  0.39971726328062673  0.41015115284743425
  0.42056910267720876  0.43113728480300362  0.44178629548517268  0.45239273288251358
  0.46293105447563732  0.47340806207798125  0.48380324236335104  0.49413405584171566
  0.50445562555555523  0.51498609849673371  0.52548580197704475  0.53604313997823938
  0.54647158697455311  0.55695779034695503  0.56732561784117508  0.57770189879672595
  0.58805599306201495  0.59844557264483189  0.60903377810924952  0.61969778008731013
  0.63028711011912730  0.64081214363480388  0.65143006942986426  0.66208334229030763
  0.67249880782209259  0.68291412352148284  0.69336450446040410  0.70374596697495273
  0.71400459826764284  0.72421970749513132  0.73487582308905819  0.74576374962555314
  0.75658488031186966  0.76732989043415767  0.77807748735485804  0.78893106542029723
  0.79948383378760801  0.80996228881193988  0.82063466665849383  0.83123102409523320
  0.84181480228994010  0.85229781326131204  0.86287059144640732  0.87331047833673192
  0.88380879995650752  0.89435561464404767  0.90502345450148736  0.91561494197876192
  0.92612919767066848  0.93676273782240504  0.94725696413111771  0.95777315944518160
  0.96815786025955308  0.97869441711119465  0.98930662195831198  1.00000000000000000
 -0.00251342443470945  0.00957008217386032  0.02006608207455938  0.03091778433427346
  0.04175311671696666  0.05235877388918227  0.06310699263852763  0.07354749809628032
  0.08395152872484948  0.09402120314161562  0.10420845581522993  0.11485624719264959
  0.12546430686438856  0.13627155172361016  0.14706882721291492  0.15806748219810507
  0.16901460444450883  0.18007120490260881  0.19086362242080981  0.20161060897991295
  0.21234788964805706  0.22327809029111487  0.23407957102109569  0.24480992941613305
  0.25540847319999360  0.26590937433312883  0.27632472023292604  0.28672717590438379
  0.29720156175292289  0.30757027572102857  0.31794465375460257  0.32842349185665709
  0.33896685196792170  0.34960106022560178  0.35994455495384686  0.37027521064461066
  0.38067449614621884  0.39106842432818700  0.40150207466176219  0.41198144494041705
  0.42257499822724170  0.43305679059205510  0.44357261566391692  0.45409550720996561
  0.46467851482468631  0.47514759932362755  0.48569243905061682  0.49609635060754309
  0.50668769429185356  0.51731241424401686  0.52806694867567605  0.53889143150256469
  0.54980692232882178  0.56071620861741733  0.57137227205590491  0.58196740485307041
  0.59270186731384256  0.60335965850567885  0.61390274735371042  0.62447211840211525
  0.63516445341707262  0.64577117925634453  0.65619416600126934  0.66664269513717245
  0.67720328405213104  0.68778048253798141  0.69823483851900636  0.70860205573212753
  0.71897982891110923  0.72936128359913965  0.73976530116169092  0.75009166443652142
  0.76043432493531393  0.77075104980478037  0.78108988748147312  0.79142567725959334
  0.80179858356556288  0.81220815090347531  0.82259844484177991  0.83309075970567292
  0.84349426294342345  0.85406301249343020  0.86447772248580479  0.87479954750546018
  0.88491676979818745  0.89511642354670518  0.90551372569289823  0.91595739929612430
  0.92623400360854091  0.93652652919944124  0.94697086446225609  0.95739926375979789
  0.96817878135403745  0.97877552567078785  0.98957198870220231  1.00000000000000000
  0.02411690168639168  0.03204075273353849  0.03753667342673628  0.04349942947878849
  0.05056682412626621  0.05745126167237125  0.06443491595987270  0.07150709828996608
  0.07860744086813898  0.08570858033246713  0.09289451744647889  0.10014049280202554
  0.10741910206172654  0.11471888983033243  0.12212406123995322  0.12965737862987550
  0.13724399850050595  0.14483766454311212  0.15249110970540680  0.16022351822137779
  0.16800033054178426  0.17582264464968234  0.18372130940636827  0.19169966298057722
  0.19977982529684640  0.20799668195282900  0.21630559071745531  0.22473347887137055
  0.23320660410874103  0.24159172731566245  0.25003870712578469  0.25849355155862996
  0.26695007295202627  0.27549488624456431  0.28422350030210208  0.29314947884656029
  0.30223581599160448  0.31131938922830243  0.32037377021348423  0.32943742347116095
  0.33858724871435036  0.34771567678815213  0.35694158473515986  0.36620706555174809
  0.37549378345978490  0.38477330355256145  0.39411312299815743  0.40353082495718989
  0.41313724475887498  0.42297850517875524  0.43309882713188314  0.44327851585151795
  0.45338565914738022  0.46340737676634508  0.47349687743974789  0.48355010755443723
  0.49347139007676460  0.50337993667362479  0.51336861494869024  0.52341800032395902
  0.53343749993225353  0.54354940090879800  0.55380991339011454  0.56406116071251666
  0.57426725905779741  0.58457711459140682  0.59498708597810468  0.60543399744856097
  0.61591880838082325  0.62645780009443930  0.63713471164391866  0.64779703864946681
  0.65849070912619445  0.66923231395740723  0.68006389112592136  0.69103417032764891
  0.70212236662223382  0.71341200267055116  0.72479593946914322  0.73622090203218249
  0.74772036418548948  0.75935337104715239  0.77113105617534272  0.78304682669201864
  0.79527186506415759  0.80792436131546741  0.82069824689016713  0.83360248367354706
  0.84684391055888641  0.86087195588277765  0.87593820587974691  0.89218258781795245
  0.90976395726214043  0.92965767477805150  0.95635946620736101  1.00000000000000000
 -0.02288732948406870  0.11215288977582437  0.14467839842833996  0.16539563948181235
  0.18226626051901623  0.19672145349710776  0.20967702125364368  0.22145773855713063
  0.23232716153995922  0.24243165580517526  0.25204158218687356  0.26117687939840067
  0.27000558086666909  0.27835574145873260  0.28641858392138458  0.29423710532034192
  0.30167881849356154  0.30899973999452901  0.31606884645820688  0.32293307829549867
  0.32967052850584305  0.33621455159635594  0.34263229673366546  0.34893577648859703
  0.35515736758466038  0.36126123780072117  0.36725986495972301  0.37316962758694833
  0.37900985235080603  0.38481277589542140  0.39058316383897373  0.39630699121237606
  0.40199164251092623  0.40764534051456741  0.41326767416215449  0.41887472711553181
  0.42448491324635318  0.43008598476811916  0.43566248272394709  0.44121845078951000
  0.44673678847871501  0.45221385969721989  0.45764640501638348  0.46304074899891168
  0.46838243086424036  0.47374816697323374  0.47916659519434296  0.48455399426990498
  0.48995864980667581  0.49535396799797976  0.50075747161628048  0.50616082455016742
  0.51156992283082547  0.51699641790077633  0.52245519217471870  0.52794482972210210
  0.53345089068742979  0.53897281837784894  0.54454140246207428  0.55017888361829759
  0.55588267292430826  0.56164555127197502  0.56740304196539648  0.57321016688858295
  0.57902959809833310  0.58492073309559500  0.59086879804191905  0.59689757676683786
  0.60298471067330339  0.60919788422015975  0.61550264908489216  0.62186491842201552
  0.62833287788283632  0.63495471904370482  0.64166135214592634  0.64860161261138261
  0.65575198656889555  0.66308518707507691  0.67060437442796716  0.67825572720217042
  0.68614297694238369  0.69435911257084548  0.70294825848191422  0.71188515316948142
  0.72122781794701118  0.73096096932099874  0.74134478881296295  0.75230699925207778
  0.76407454715932577  0.77664253504142000  0.79050335089237855  0.80601456662386151
  0.82434820619078852  0.84749146109269202  0.88446198707833779  1.00000000000000000
   2.7625936000596511E-006  -1.0000000000000000     
 F F F F F F F F F F F F F F F F
  <DiscreteSampler_grid>
  grouped_processes
  1 # 1 for a reference and 2 for a running grid.
  10 # Attribute 'min_bin_probing_points' of the grid.
  1 # Attribute 'grid_mode' of the grid. 1=='default',2=='initialization'
  0.0000000000000000 # Attribute 'small_contrib_threshold' of the grid.
  0.5000000000000000 # Attribute 'damping_power' of the grid.
 # binID   n_entries weight   weight_sqr   abs_weight
    13   10   1.660583578805313E+007   1.243046561878064E+015   1.660583578805313E+007
    14   10   1.660583578805313E+007   1.243046561878063E+015   1.660583578805313E+007
    16   10   1.660583578805313E+007   1.243046561878064E+015   1.660583578805313E+007
    17   10   1.660583578805312E+007   1.243046561878062E+015   1.660583578805312E+007
  </DiscreteSampler_grid>
