 -0.00246104721008733  0.00949493122798818  0.01965235243814640  0.03017198700580051
  0.04071811467966607  0.05126671702543206  0.06180697488789463  0.07234873838087200
  0.08289022407670553  0.09343364393041045  0.10397819320099838  0.11451870286309601
  0.12506666709461614  0.13560477185669415  0.14614544743499505  0.15667384196550443
  0.16721415434035775  0.17775502832129247  0.18830309014408078  0.19884247861116880
  0.20938154784763471  0.21992730226807625  0.23048211485295739  0.24103564683199755
  0.25158509650220084  0.26213531385066224  0.27268217183110754  0.28322924288334833
  0.29377166578421160  0.30431451833136669  0.31485896526449625  0.32540778159524686
  0.33594756777566886  0.34648395888793287  0.35701992436660712  0.36756733130503288
  0.37812001306684817  0.38867195642737873  0.39922375457666470  0.40977575125334104
  0.42032828026620789  0.43088273328101517  0.44143851640217396  0.45198520660480507
  0.46253406968167210  0.47306913103634407  0.48360367505492480  0.49413099326303078
  0.50465922899290450  0.51519572638025501  0.52573579113447499  0.53628633196833375
  0.54682959771279782  0.55737310821483954  0.56791531574970033  0.57846571884931186
  0.58901842688743267  0.59954922676616329  0.61007923847323664  0.62060046343034847
  0.63114679763655135  0.64167079323801712  0.65220486892562535  0.66272619076567418
  0.67325671681649302  0.68378441537793988  0.69432116188988768  0.70486674862747078
  0.71541160426868888  0.72595519702533873  0.73650119734293762  0.74703815320561828
  0.75757582992149397  0.76810776418772053  0.77865111461003589  0.78919410060710282
  0.79974642540259366  0.81028894112652106  0.82082751405318510  0.83136293461318622
  0.84190383391758272  0.85244491591643057  0.86298762229813553  0.87352308226352515
  0.88406295138606550  0.89460153714352064  0.90514744658115076  0.91568692418589470
  0.92622229788894550  0.93674928625565224  0.94728621481656106  0.95782302483682846
  0.96836269746186332  0.97890269032155108  0.98944711303168176  1.00000000000000000
 -0.00251369090267009  0.00950086590255607  0.01966371339814513  0.03018094089137772
  0.04072668053785301  0.05126394973221043  0.06179462663138528  0.07232884477675354
  0.08286092527190336  0.09340042110981091  0.10394256094776570  0.11448890958081831
  0.12503743556760885  0.13558585353687658  0.14613562857925905  0.15668487377503765
  0.16723435241820930  0.17778299327159860  0.18832521003217081  0.19886379315456901
  0.20940161364583762  0.21994493443899218  0.23048746059294387  0.24102220203464608
  0.25155262764655589  0.26208661083879081  0.27262078085616104  0.28314986123391428
  0.29367961735874359  0.30421845440475359  0.31476646922118279  0.32531435664815966
  0.33586301191480245  0.34640749016986788  0.35694376879775702  0.36748117784683032
  0.37802501703494384  0.38857175156855672  0.39911514780126695  0.40964878062554128
  0.42017897629708295  0.43071054754902172  0.44125308122323448  0.45178956031964634
  0.46232850349786725  0.47286456335128596  0.48340910847529961  0.49395137081395096
  0.50449310664476843  0.51503520615563525  0.52557566749265794  0.53611418656665399
  0.54665714495905471  0.55720318150513992  0.56775119777427485  0.57830078826221487
  0.58884633421296684  0.59939202107430478  0.60992824092420539  0.62046918834440645
  0.63101169168309501  0.64156405672435890  0.65210924978807994  0.66265307548819186
  0.67318702051116908  0.68372610959827873  0.69426642054945320  0.70481515492186120
  0.71535752066733083  0.72589996656553135  0.73644363805823454  0.74699542772181959
  0.75754698350395822  0.76809700607962184  0.77864391689521373  0.78918007109397326
  0.79971814424086840  0.81025906033969852  0.82081156105588682  0.83136523725968026
  0.84189995206849233  0.85242917644113803  0.86295747088914720  0.87350246321913416
  0.88404626485698812  0.89458932682084424  0.90513544130129253  0.91568078928909180
  0.92621911329383044  0.93675660113291670  0.94729217970868451  0.95782881027489875
  0.96836243519847109  0.97890463538306538  0.98945121831865968  1.00000000000000000
   1.2075142712135034E-009  -1.0000000000000000     
 T F
  <DiscreteSampler_grid>
  grouped_processes
  1 # 1 for a reference and 2 for a running grid.
  10 # Attribute 'min_bin_probing_points' of the grid.
  1 # Attribute 'grid_mode' of the grid. 1=='default',2=='initialization'
  0.0000000000000000 # Attribute 'small_contrib_threshold' of the grid.
  0.5000000000000000 # Attribute 'damping_power' of the grid.
 # binID   n_entries weight   weight_sqr   abs_weight
    10   10   1.946898240000001E+006   3.790412756915101E+012   1.946898240000001E+006
  </DiscreteSampler_grid>
