 -0.00262763234650144  0.00995171767111891  0.02037741357758157  0.03104587511537311
  0.04165747498393887  0.05229534743598998  0.06287556993809973  0.07342164961728746
  0.08393786065768440  0.09455306163284226  0.10508205740459016  0.11569658672772640
  0.12619197974652790  0.13672274875776250  0.14716044956085567  0.15746945137903912
  0.16774968957412037  0.17799718314375693  0.18830178178450080  0.19863120729943962
  0.20900028434265952  0.21953289857028896  0.23008124219154030  0.24081281979977551
  0.25147777275241068  0.26216986185079627  0.27267427768670327  0.28311641488747596
  0.29349244940153585  0.30393957125884513  0.31439447608585713  0.32498833795914078
  0.33550315364296057  0.34610777501272666  0.35651455842468549  0.36700938639918002
  0.37743322974516014  0.38804126279921775  0.39853309098123096  0.40904182619282042
  0.41944690812663499  0.43002516613002423  0.44053122492509994  0.45108115664104603
  0.46160772624375279  0.47222074113919033  0.48284994776453083  0.49341785619657608
  0.50393689912976936  0.51426229080969421  0.52464120245528267  0.53501414559765936
  0.54548793323956213  0.55602327011013797  0.56672939913807308  0.57755668010425432
  0.58828040069665921  0.59896295773284958  0.60969782611120005  0.62049786740419888
  0.63128920017727141  0.64205103929245677  0.65259927379682336  0.66310756953458927
  0.67351227572224370  0.68401842563440507  0.69449095971499597  0.70493427342045945
  0.71544424508035609  0.72584299411810060  0.73627963126014795  0.74656222301297070
  0.75693532960280330  0.76741782335192832  0.77787093628829207  0.78828215841622018
  0.79885748671573242  0.80964911226063196  0.82042802690145855  0.83102635519768453
  0.84159352462521375  0.85224891733227015  0.86284525793229838  0.87346886030100690
  0.88400152897919715  0.89467291703790974  0.90520247431102763  0.91566460503154390
  0.92603847033042308  0.93640393165417513  0.94681231044824943  0.95734176170248342
  0.96812714484830975  0.97883623802988418  0.98940686761062457  1.00000000000000000
 -0.00248361832727394  0.00962578320323210  0.01976276273061944  0.03001721113114666
  0.04042476486292901  0.05094199755400249  0.06154906395402739  0.07205092875341468
  0.08236195512871713  0.09257712334005826  0.10290476422312436  0.11324718408870567
  0.12370407938645053  0.13426596655864564  0.14478391016933806  0.15546168642368155
  0.16630453667298037  0.17717552785663959  0.18797752929304914  0.19856323678166224
  0.20925230350201088  0.21983825047964536  0.23051029950565591  0.24123072117950722
  0.25187963500310773  0.26244283575019783  0.27323145506091123  0.28388450715775776
  0.29462773151080046  0.30497079097154617  0.31551294641366107  0.32603713447378091
  0.33660795547742717  0.34724652284075852  0.35790554850870893  0.36874695297271892
  0.37953377758712986  0.39016950330913552  0.40090896209663818  0.41171988463541792
  0.42258264435913834  0.43325082692351580  0.44373831903941147  0.45416149315188387
  0.46455181762654052  0.47480832970176862  0.48518693671244806  0.49552439848772395
  0.50603737314933595  0.51650852090519939  0.52695630265182825  0.53745548875627736
  0.54790053874999134  0.55842367801828119  0.56898897838044860  0.57950870403468158
  0.58999765265776238  0.60045999463877686  0.61104866966128668  0.62174761285053548
  0.63238643705803210  0.64306735576972829  0.65366488319285665  0.66423982491759281
  0.67467857913779450  0.68517893299412957  0.69567410728375079  0.70634326448620599
  0.71693081596280439  0.72757723525303797  0.73806818040404687  0.74858186980420005
  0.75902101214654283  0.76956800686976523  0.78012441140400490  0.79071451998614872
  0.80130812401867413  0.81187837954492648  0.82251401881711850  0.83301903105142372
  0.84353779698849718  0.85407550109503327  0.86468752790713310  0.87532030695339746
  0.88558000120446645  0.89597826103137546  0.90627184615605383  0.91672339626355637
  0.92708462970130689  0.93740499665724253  0.94776833223881962  0.95810805370546137
  0.96861309979777999  0.97910089592887162  0.98955891703026766  1.00000000000000000
 -0.00212644268455143  0.00957861310616351  0.01945139262919251  0.02981468811226988
  0.04025882218129876  0.05069565253880835  0.06109968876275219  0.07146318645632072
  0.08183004577271133  0.09218508976473236  0.10252160509603549  0.11291398027761007
  0.12325952797169110  0.13375963639765015  0.14428905667778080  0.15484228553441537
  0.16528485560246883  0.17569528336126378  0.18614177748771499  0.19669402316638368
  0.20727430488097065  0.21794589006128032  0.22878897674169785  0.23961157189023374
  0.25049023109119989  0.26124437354259000  0.27213047119347428  0.28306903337624173
  0.29402802132187172  0.30486668891623864  0.31571491056584916  0.32649272217331404
  0.33735527362595036  0.34810934066391624  0.35890127528740767  0.36967565318825735
  0.38038808955799630  0.39103606731065554  0.40161510335029205  0.41224761635604196
  0.42283446742414610  0.43346822009107910  0.44384264838071968  0.45421879097882140
  0.46458281324778772  0.47493604790116462  0.48525192475218965  0.49566555478313512
  0.50629520902964353  0.51693464469579820  0.52744643528214907  0.53795262575720471
  0.54841605702464435  0.55876769008640403  0.56901353171812452  0.57919531022120618
  0.58935639545808083  0.59960259109250735  0.61002907722870636  0.62060571175350510
  0.63107733953740286  0.64156804771489118  0.65211872339199095  0.66286388607138946
  0.67356308561367984  0.68431634936518360  0.69494431800188827  0.70555561868557803
  0.71611171283564967  0.72663026275543163  0.73703242389282453  0.74738499422437166
  0.75783714228950849  0.76834840620478873  0.77889150954362052  0.78946352626880500
  0.80001032176989051  0.81061624012316336  0.82112199600220959  0.83170538807725014
  0.84216899634857145  0.85265303341944665  0.86320676622455828  0.87366384839305566
  0.88416752775773511  0.89453162189069901  0.90492173378732033  0.91534131825978959
  0.92590992946796458  0.93632627122523104  0.94671306008966338  0.95699581606284490
  0.96758017130625462  0.97827770568262273  0.98911709192785158  1.00000000000000000
 -0.01777443671775304  0.09940566936982152  0.13365333304733146  0.15526276923235643
  0.17313271832370783  0.18860181797267930  0.20249844113433660  0.21522110580599366
  0.22706007362659311  0.23813064547733140  0.24857523670308998  0.25845964969251717
  0.26791219508763514  0.27694436706600090  0.28562367737695826  0.29401721273906711
  0.30207457867934639  0.30997263860860802  0.31763225992605648  0.32508605758631826
  0.33243494594064893  0.33952522459150081  0.34650106019197779  0.35335510538426418
  0.36006854290896878  0.36668554170044448  0.37321635646829104  0.37964242310319007
  0.38597915439551722  0.39225780598686932  0.39846026547136454  0.40455407286082101
  0.41060835625216136  0.41662553676174113  0.42255643327199610  0.42845726830927050
  0.43433388158385555  0.44016725720426808  0.44595156110727885  0.45170947890956081
  0.45744395494123291  0.46315226627121858  0.46884043499290257  0.47451526738118954
  0.48017701544000879  0.48582562311865574  0.49146468204466465  0.49710016862456147
  0.50273690886398259  0.50837609045059240  0.51402046228462872  0.51967415024335561
  0.52533944245716402  0.53101329846471856  0.53669916461452183  0.54240920771046786
  0.54814985962461882  0.55391416894331624  0.55969992023830206  0.56552603933359991
  0.57139535142796571  0.57728688389847371  0.58322206430015988  0.58923959612729626
  0.59531108209908767  0.60141180688430773  0.60762368387170518  0.61390694770607301
  0.62024549329611456  0.62667125502453103  0.63320937861724735  0.63984441512348633
  0.64657762635391247  0.65344905238101836  0.66043735279994698  0.66754739438330601
  0.67491244601657929  0.68238964937765767  0.69006910792549758  0.69800067001968968
  0.70610233047844251  0.71453674462437256  0.72323371775668177  0.73227279679387780
  0.74173073014534840  0.75164370685451132  0.76211628134704090  0.77318840866998462
  0.78499897943430808  0.79771109646019966  0.81161673663084111  0.82707590067470538
  0.84496033047779018  0.86662790917916832  0.90071987346614224  1.00000000000000000
   1.8084536174994379E-005  -1.0000000000000000     
 F F F F F F F F
  <DiscreteSampler_grid>
  grouped_processes
  1 # 1 for a reference and 2 for a running grid.
  10 # Attribute 'min_bin_probing_points' of the grid.
  1 # Attribute 'grid_mode' of the grid. 1=='default',2=='initialization'
  0.0000000000000000 # Attribute 'small_contrib_threshold' of the grid.
  0.5000000000000000 # Attribute 'damping_power' of the grid.
 # binID   n_entries weight   weight_sqr   abs_weight
    10   10   1.674411167617332E+010   3.703007441262536E+020   1.674411167617332E+010
    11   10   1.674411167617332E+010   3.703007441262536E+020   1.674411167617332E+010
  </DiscreteSampler_grid>
