 -0.00194825481471097  0.00976274040263173  0.01989821405875235  0.03026017675250434
  0.04080600088931802  0.05164587607542670  0.06242533606820158  0.07281644132236730
  0.08324673832766295  0.09359763868647848  0.10404713091954688  0.11442579660439597
  0.12488598889411687  0.13528742406116612  0.14564311884500492  0.15617754976776940
  0.16676823892167331  0.17738537139316451  0.18779839575873125  0.19842434820853233
  0.20905794697991933  0.21974442356301307  0.23061383357308940  0.24092388088323183
  0.25150029347953012  0.26201401273079999  0.27265831300719934  0.28294016606803873
  0.29349786950908935  0.30452330724742899  0.31564439799688598  0.32626754742717157
  0.33688832599807095  0.34762749351467026  0.35861860676820945  0.36958325641550804
  0.38024995901404124  0.39087598718041361  0.40173832937465437  0.41250381994112656
  0.42301771230880414  0.43313040062255370  0.44328213013816986  0.45332783203286336
  0.46337336999481687  0.47353655983295417  0.48378110267380481  0.49427621755593609
  0.50482208899480907  0.51552676707233602  0.52639013892977271  0.53724550402633164
  0.54783459162384440  0.55827266761594285  0.56851381824217018  0.57878437215377909
  0.58897666498065071  0.59928037094580211  0.60963079448218793  0.62009319192456058
  0.63070507225327055  0.64148922039864154  0.65235902770645326  0.66299410528726743
  0.67344593742733139  0.68367774884648402  0.69398861346835361  0.70457317336212433
  0.71501083577921132  0.72522356268398214  0.73529125986611599  0.74562634790493920
  0.75597263906460765  0.76638807622835947  0.77688532127134846  0.78769625010731181
  0.79857311220939808  0.80937124902073243  0.82016458022035488  0.83104515418274094
  0.84176026121958392  0.85232616600131061  0.86265798014309691  0.87306008837890958
  0.88360521873138631  0.89417696621345766  0.90492794166916513  0.91553468403039007
  0.92671255094305682  0.93791670666057658  0.94849401381720944  0.95888210304346211
  0.96900153961206403  0.97938973110306216  0.98959977964391255  1.00000000000000000
 -0.00255034987031967  0.01003949855274879  0.02046919007802600  0.03111284987831556
  0.04169543475786223  0.05252073523051404  0.06328569926258661  0.07442203536382169
  0.08531349432934003  0.09621645893047948  0.10688070133798649  0.11751090718944937
  0.12816939102557751  0.13900588904365374  0.14983747612330370  0.16069885204822867
  0.17148404536356482  0.18226554400148934  0.19292716238478097  0.20342860298668547
  0.21394857238322801  0.22430147395218705  0.23460652445518956  0.24474801386608844
  0.25516150985845948  0.26568250366248519  0.27633824073513752  0.28707191321935754
  0.29790897828442037  0.30880756617957517  0.31946403408661156  0.32991981861473979
  0.34027483547262166  0.35048025155009604  0.36087851537111876  0.37146442325960627
  0.38221147518123483  0.39289213828366631  0.40367292401705707  0.41461261328901006
  0.42558501926244979  0.43646558146400388  0.44711246669523336  0.45760984560078233
  0.46787832679734120  0.47812137353417622  0.48844580465521154  0.49885552063337563
  0.50932272432440318  0.51992074721867876  0.53054131843512065  0.54108043658989768
  0.55157258663617847  0.56230066627845754  0.57315939330129206  0.58384309015038205
  0.59439276722494527  0.60485602541766192  0.61531896877450931  0.62559292793306920
  0.63576156406523165  0.64601301204605055  0.65636348030683245  0.66682663120928942
  0.67720269661642907  0.68745086473163575  0.69762363307950481  0.70781487206723903
  0.71820633070149620  0.72855727104636414  0.73890900377881741  0.74923150542388306
  0.75992801800724918  0.77073079314378679  0.78163775126158352  0.79224017486505505
  0.80293735640865049  0.81331473667888676  0.82364165721653393  0.83389423015928565
  0.84417331070857637  0.85470069949744032  0.86511885515638398  0.87556567392484363
  0.88594173912496554  0.89659144406009217  0.90760760523946404  0.91869857975435631
  0.92955366082270940  0.94002083564312255  0.95001077642632448  0.95994917713642514
  0.96993986651707098  0.97996052571774250  0.98995131425490668  1.00000000000000000
 -0.00222733763474427  0.00998197158858421  0.02012851824096966  0.03104404754815233
  0.04173862125488050  0.05252175577594656  0.06318557810978248  0.07383787604472904
  0.08452926479029664  0.09489331545741637  0.10530529438646924  0.11561890531665503
  0.12599570707287031  0.13633859108243090  0.14645278618413274  0.15660084720648096
  0.16693476578208030  0.17769611379502595  0.18834424034283576  0.19891514130623331
  0.20946766201649383  0.21997304622859251  0.23077624051550893  0.24136400679603295
  0.25195301836199302  0.26189702571530971  0.27199701562997780  0.28256842632592427
  0.29330714127710494  0.30386196885850991  0.31436333417735690  0.32493678834988043
  0.33542305450710419  0.34537199305462213  0.35544479143160934  0.36572515883395879
  0.37622906992138166  0.38663252465311909  0.39702093864490151  0.40760732951535117
  0.41818797700679178  0.42872676006185539  0.43929532775421654  0.45002966182317466
  0.46079222364528760  0.47109649473295107  0.48145945226060927  0.49194675283110761
  0.50245042649103566  0.51306725931225428  0.52360761026038039  0.53402370753144279
  0.54432122805044558  0.55446087666305388  0.56476409084750001  0.57497945251699911
  0.58530904601014233  0.59544919092603865  0.60548080124842740  0.61551907780990822
  0.62575907493752392  0.63611861981190443  0.64647376451267669  0.65692681779639372
  0.66765824365276538  0.67851180741986239  0.68945072349978442  0.70026683822647440
  0.71099875350733854  0.72168425169207762  0.73239213423902905  0.74308564594311277
  0.75363777975385737  0.76418353455650889  0.77488194147801126  0.78596863045652321
  0.79706432789409654  0.80797869336261330  0.81854580799622545  0.82893736111110228
  0.83919563894226612  0.84941969109972959  0.85967151033805789  0.87005909158801165
  0.88061678730286508  0.89132760608771922  0.90211034891841879  0.91308735556415122
  0.92407455813012340  0.93509945509033654  0.94602896880665965  0.95686945979340310
  0.96772402560597937  0.97852730851755043  0.98927863625137735  1.00000000000000000
 -0.01688258368098706  0.09982793127882103  0.13386664062890646  0.15541295696308083
  0.17324273624127032  0.18868315413546427  0.20259794891534949  0.21533707165338084
  0.22716543165352232  0.23818428035310019  0.24859423222201352  0.25841340446439931
  0.26782435830750850  0.27683653266726266  0.28555877586218831  0.29400170211464227
  0.30209264633608202  0.30999555425542319  0.31765146742297551  0.32509990794815391
  0.33244830760032223  0.33951988712411985  0.34648729991329708  0.35335182429540835
  0.36008795346408640  0.36672255037209028  0.37326240370591296  0.37969179071554782
  0.38602980062649872  0.39230575255323336  0.39848742104388046  0.40454696822532032
  0.41058081431742605  0.41658498446145009  0.42252332424253652  0.42841366214455912
  0.43427672513855603  0.44007842626632249  0.44584200871188889  0.45159668677690157
  0.45734497681142694  0.46307400582863190  0.46878712508365783  0.47448999209033860
  0.48017421925071890  0.48583436941947539  0.49147159772760479  0.49708962541868684
  0.50271240048554500  0.50835676059174362  0.51401016493232599  0.51966327534894641
  0.52531390292302760  0.53095774851000943  0.53661865874292292  0.54231995362250762
  0.54806972732550086  0.55384896559945640  0.55963108781057014  0.56544505127972222
  0.57128492389818564  0.57716576710360656  0.58310005468046711  0.58914206526879898
  0.59523138510497176  0.60133035823653258  0.60752456833336521  0.61379839081732546
  0.62014402271912528  0.62657820763322303  0.63310185394887064  0.63970044813431282
  0.64639326715624235  0.65323881976150622  0.66022671137651134  0.66731810183337603
  0.67465893635290641  0.68214189888680465  0.68982551887270327  0.69773879178240905
  0.70580499245971839  0.71419348051535525  0.72287945117070806  0.73190134073618385
  0.74132688090425869  0.75116695138044964  0.76154875028562763  0.77255919342075607
  0.78436071673776253  0.79704645824757236  0.81088403279755017  0.82626490694050525
  0.84404973008190487  0.86540150207757660  0.89883135568449846  1.00000000000000000
   8.6129361460759451E-005  -1.0000000000000000     
 F F F F F F F F
  <DiscreteSampler_grid>
  grouped_processes
  1 # 1 for a reference and 2 for a running grid.
  10 # Attribute 'min_bin_probing_points' of the grid.
  1 # Attribute 'grid_mode' of the grid. 1=='default',2=='initialization'
  0.0000000000000000 # Attribute 'small_contrib_threshold' of the grid.
  0.5000000000000000 # Attribute 'damping_power' of the grid.
 # binID   n_entries weight   weight_sqr   abs_weight
    10   10   1.194934446377606E+010   2.006375606396983E+020   1.194934446377606E+010
    11   10   1.194934446377606E+010   2.006375606396983E+020   1.194934446377606E+010
  </DiscreteSampler_grid>
