 -0.00250564822679194  0.00941312332298661  0.01958881094361527  0.03008492382841459
  0.04062130490847154  0.05098430692693873  0.06136673193707329  0.07190837254266980
  0.08247429840271643  0.09309563575937732  0.10367853047575759  0.11443665937859854
  0.12536757660035955  0.13613949332622979  0.14673411756617186  0.15714665840561873
  0.16751289157207122  0.17776186329453914  0.18792046414954694  0.19823317177550973
  0.20866666575290285  0.21905514773344709  0.22936171334964675  0.23972164494658954
  0.25023591175985149  0.26065220269232264  0.27115741362214058  0.28169445537593968
  0.29224036383543917  0.30276571997964308  0.31337486397475084  0.32402938283222110
  0.33471513597914626  0.34540823711359847  0.35596798072742247  0.36644315230128827
  0.37673778868937086  0.38706357373088895  0.39735462779593667  0.40774175704824989
  0.41824619195938700  0.42889081199322232  0.43950456108907882  0.45012671347854993
  0.46060801012370922  0.47111550256505585  0.48172823648276214  0.49255026332058888
  0.50326243163311957  0.51383759922583261  0.52428414734436857  0.53484846164820987
  0.54539050749055851  0.55615325309647323  0.56690627085952849  0.57774699489991810
  0.58846734146574076  0.59914583494214302  0.60975955496820256  0.62019428608460847
  0.63065892296202586  0.64105584247031511  0.65162965134542206  0.66219512780774914
  0.67272586246588928  0.68321990432899093  0.69367557624833975  0.70424240948253469
  0.71488308448860638  0.72569120660291242  0.73644773989537204  0.74709628368264269
  0.75758182730335044  0.76806727489960280  0.77847684305860665  0.78885151285650401
  0.79912053722113685  0.80942041353126803  0.81983053749490375  0.83037796145489839
  0.84087733312236845  0.85137209355455623  0.86186219277493914  0.87237721010688574
  0.88300009826824344  0.89364934542806651  0.90436160253650322  0.91497501566830552
  0.92561259296029486  0.93618696189636075  0.94670628842375015  0.95724837990122413
  0.96805110013682882  0.97876860884756256  0.98943145490229056  1.00000000000000000
 -0.00244089719510855  0.00933579342795381  0.01953215595794343  0.02985494720327114
  0.04038549597109702  0.05077658022162455  0.06124575852854643  0.07167974140085381
  0.08205556110478225  0.09236725015114851  0.10248795417054206  0.11275596030070385
  0.12296280423569202  0.13335285686485912  0.14380058637882559  0.15463417906069327
  0.16531890461811516  0.17620587019502307  0.18701687625015823  0.19794458499933298
  0.20886102800440084  0.21963379392082941  0.23031794089043628  0.24072775798696541
  0.25105949389821847  0.26145332548640493  0.27195323280586631  0.28260369462753804
  0.29331968759252897  0.30395907557598695  0.31451101549048166  0.32500897384696242
  0.33556841185530445  0.34636216262782038  0.35710711666360739  0.36779687964428837
  0.37824164146682876  0.38867844693188047  0.39919059563199621  0.40977922987435395
  0.42029451335537038  0.43079028959720500  0.44127186692617826  0.45180243446458263
  0.46231975250865309  0.47285341140698423  0.48343411610442844  0.49400781420555140
  0.50470265789318414  0.51551840913566382  0.52635926424478663  0.53716925138690630
  0.54778331804435743  0.55837303689976736  0.56892644058937614  0.57949276159089480
  0.58996450521205512  0.60040092087867913  0.61087302295777923  0.62143079882038665
  0.63200303369534927  0.64259492472472490  0.65318481363883574  0.66373441051528359
  0.67433520836564165  0.68482677071008058  0.69533437087182037  0.70577680722206282
  0.71643469854874930  0.72688911451028670  0.73741283916432521  0.74791140165956782
  0.75855823673866141  0.76923296957235765  0.77989640548177586  0.79051110271128600
  0.80098753300651981  0.81140263387843925  0.82194845697722230  0.83247461024429770
  0.84276421659457124  0.85310791918415529  0.86354330391060508  0.87410048754969805
  0.88451703349537092  0.89509650439904931  0.90570421769017717  0.91630009587949979
  0.92669157220154330  0.93717922550440169  0.94759963576256900  0.95790598377848490
  0.96831804410670030  0.97868741980648166  0.98934175030179761  1.00000000000000000
 -0.00237709400464132  0.00919524375193153  0.01893795597448732  0.02914355529786239
  0.03937904182584583  0.04985113510870418  0.06036294846403757  0.07069903022696654
  0.08098194087223416  0.09135777731623999  0.10180933262075381  0.11241049805076699
  0.12293575597474533  0.13370191148080654  0.14452807342694327  0.15519525595171535
  0.16600231350759084  0.17658978200717115  0.18711648231376993  0.19759716472288308
  0.20810969896538620  0.21873006455282676  0.22939295291325038  0.24000223510933436
  0.25059360314078710  0.26101574348551826  0.27146570713073281  0.28196883400913197
  0.29253017196687925  0.30326331070231366  0.31405327265781996  0.32471389043117349
  0.33534904434860968  0.34587912103162877  0.35646091262561608  0.36706606426490956
  0.37758816420257346  0.38818058338623013  0.39871819232316780  0.40930002411457228
  0.41978312638162041  0.43019482357707295  0.44066303257334383  0.45109468097273547
  0.46157390114187730  0.47218687983397323  0.48278263114318809  0.49328384243865947
  0.50364217952773649  0.51407651126490439  0.52457547228807400  0.53517670818232144
  0.54561897518179003  0.55604140634454258  0.56641098430345194  0.57686200878479854
  0.58732239752659832  0.59778033364884520  0.60827899251364281  0.61880831898877009
  0.62942329658819296  0.64009284067975369  0.65063902218872383  0.66108072028993925
  0.67166155826437735  0.68227404330585195  0.69293811483863987  0.70349403638793562
  0.71422977235587648  0.72490858190260732  0.73571191546374770  0.74635142024131396
  0.75700714391216017  0.76748570617049949  0.77804758191237544  0.78867219712863090
  0.79933982629856670  0.80995727341864321  0.82054797054250705  0.83102435828120069
  0.84153660622790749  0.85194757289928902  0.86244413380353946  0.87300901642278061
  0.88352362095839554  0.89401027940244104  0.90451054837456402  0.91490127914986652
  0.92530821728483315  0.93579055654836774  0.94644382081086020  0.95699594833280854
  0.96768603027384337  0.97833852552513556  0.98921870521462230  1.00000000000000000
 -0.01785994977156436  0.09987205357483561  0.13387478837977221  0.15541989632447106
  0.17332853150450162  0.18880031260118454  0.20270412502234900  0.21541948639621764
  0.22724154131333091  0.23831571810271293  0.24877890804775235  0.25867962115416610
  0.26814278623779736  0.27719273830419550  0.28591836929717279  0.29434746676611223
  0.30244081125264255  0.31034725053699219  0.31800372275208000  0.32546331093050540
  0.33280261297176039  0.33990090736808559  0.34688693652235869  0.35375351572382407
  0.36046771818202916  0.36707707609148671  0.37359126969280665  0.37999900693565830
  0.38632604551461935  0.39259701735124869  0.39879233324529473  0.40488408801437026
  0.41094503266701771  0.41695486856899860  0.42288081544419848  0.42876737941150056
  0.43463098189556865  0.44045174619937438  0.44622211925138250  0.45197531315148837
  0.45770851098277088  0.46341789201163691  0.46910859650969411  0.47478123821740525
  0.48043573376600612  0.48607793758204804  0.49170768568145873  0.49733423023197793
  0.50295557057876694  0.50858344940863487  0.51421744258930757  0.51986510067176994
  0.52553270200351232  0.53121481913674440  0.53690698369753731  0.54261513754005719
  0.54834806389834945  0.55410279449430322  0.55987763197901430  0.56570140869078289
  0.57156974193624477  0.57746995181713390  0.58341742665475815  0.58944431528479502
  0.59550057225742692  0.60157521371436184  0.60775443413414687  0.61401381586114345
  0.62034384104094109  0.62676822442983449  0.63329925605769466  0.63991692614126838
  0.64662987777934477  0.65348379418200386  0.66045035012368003  0.66753615677313605
  0.67488038620731206  0.68235588712737927  0.69003822744233623  0.69796234531500234
  0.70604358463258132  0.71445475754529930  0.72313181535710402  0.73215247580503628
  0.74158234413222335  0.75145573204970317  0.76189003527486243  0.77293988678855674
  0.78476569203434576  0.79749432777696394  0.81140407602872611  0.82687813286193035
  0.84475609254750839  0.86650525498332098  0.90068926708133279  1.00000000000000000
   1.8038461472569849E-005  -1.0000000000000000     
 F F F F F F F F
  <DiscreteSampler_grid>
  grouped_processes
  1 # 1 for a reference and 2 for a running grid.
  10 # Attribute 'min_bin_probing_points' of the grid.
  1 # Attribute 'grid_mode' of the grid. 1=='default',2=='initialization'
  0.0000000000000000 # Attribute 'small_contrib_threshold' of the grid.
  0.5000000000000000 # Attribute 'damping_power' of the grid.
 # binID   n_entries weight   weight_sqr   abs_weight
    10   10   1.315068042145365E+010   2.949630646620651E+020   1.315068042145365E+010
    11   10   1.315068042145365E+010   2.949630646620651E+020   1.315068042145365E+010
  </DiscreteSampler_grid>
