 -0.00244288269134260  0.00959005865167269  0.01976421656267368  0.03028107847807121
  0.04082722969541012  0.05136625597816661  0.06190503918785342  0.07244386390817965
  0.08299431638303269  0.09354536588853661  0.10408760119031028  0.11462754388232428
  0.12516493573597873  0.13571118623635267  0.14626020256037076  0.15681186505787159
  0.16736177580209238  0.17790865333677100  0.18845219718494627  0.19898942548452003
  0.20952447144853067  0.22006027391825994  0.23060234193663348  0.24114511729357191
  0.25168876400744267  0.26222727173005861  0.27277018080606286  0.28331447335566406
  0.29386595934200826  0.30441668308204584  0.31496643503991051  0.32551009297417699
  0.33605514310585805  0.34659279410845972  0.35713624552354251  0.36767588549884550
  0.37821452888811768  0.38875323428087571  0.39928982533550761  0.40983585976791870
  0.42037989335994991  0.43092666472950458  0.44146615198208927  0.45200538097310111
  0.46254648679581417  0.47309363282435773  0.48363317447414012  0.49417000169636943
  0.50470809080617363  0.51525566012313995  0.52580382385462610  0.53634981941596815
  0.54689333389831385  0.55743200862762310  0.56797146056741310  0.57851371483713021
  0.58906275525166407  0.59960088560758817  0.61012798190895368  0.62065409918166736
  0.63118813795938711  0.64172713723705288  0.65226483417120673  0.66279905309306708
  0.67333815460875701  0.68387570168892120  0.69441433357769333  0.70495468944024764
  0.71549576257988989  0.72603769856872624  0.73657515331372303  0.74710999620741236
  0.75764464431243206  0.76817943720473947  0.77871078837603558  0.78924159785269687
  0.79976457034178361  0.81029831006193587  0.82083144291849464  0.83137416647197793
  0.84191373388254187  0.85246123084055547  0.86300501159344167  0.87354899420869025
  0.88409020715384079  0.89463617329958389  0.90517579015373084  0.91571171914097360
  0.92624795798200976  0.93679042392235856  0.94733204031693552  0.95785579087706407
  0.96838299436292830  0.97891258222749478  0.98945869294414956  1.00000000000000000
 -0.00252833521857350  0.00950797980297066  0.01967729483572015  0.03019592290915076
  0.04074777884597472  0.05128968751255314  0.06183221651013361  0.07236937966786949
  0.08291245505947401  0.09345010681887501  0.10398994475523199  0.11453103411896833
  0.12507892238712459  0.13562984495917182  0.14617694440181370  0.15671760130802492
  0.16725204562247337  0.17778732124750590  0.18832088269746017  0.19886034617100082
  0.20940088745315330  0.21994820812250673  0.23049485205867221  0.24102978660779401
  0.25156723350331406  0.26209412573368446  0.27263465418259991  0.28317065608877556
  0.29371943791957617  0.30426767606812888  0.31481020804391591  0.32534671955759020
  0.33588367504382610  0.34642794427698259  0.35697695540840452  0.36752194245985320
  0.37806387049390017  0.38860236982452373  0.39914391028233825  0.40968141886451587
  0.42022375595407796  0.43076734292516383  0.44131788616223167  0.45186816181078449
  0.46241813398178894  0.47296997424550402  0.48351717153122276  0.49405641187763122
  0.50459460843501391  0.51513728777949253  0.52567002877508628  0.53620053210700591
  0.54673271631040032  0.55727702966666248  0.56782373659644680  0.57836316854339798
  0.58890662325403798  0.59945099852411077  0.60999860122062166  0.62054593871829566
  0.63109212295958583  0.64163514151920442  0.65217891841501630  0.66272013513562900
  0.67326762135049023  0.68381302743344674  0.69435322240489761  0.70488367997673174
  0.71540395896257425  0.72592751440881187  0.73645428017394188  0.74698686857720964
  0.75751973055430688  0.76805901894612238  0.77860405977698566  0.78915494588874890
  0.79970148239642336  0.81024822726186130  0.82079466972688120  0.83134132461494548
  0.84188472697691052  0.85241682178180778  0.86295278579767232  0.87348852303078039
  0.88402638923553012  0.89456524723051167  0.90510865870156842  0.91565495308036715
  0.92619975534003518  0.93674139034028869  0.94728665805449541  0.95783078155539980
  0.96837950992248600  0.97892152854569503  0.98946375971412448  1.00000000000000000
   1.2071727502853901E-009  -1.0000000000000000     
 T F
  <DiscreteSampler_grid>
  grouped_processes
  1 # 1 for a reference and 2 for a running grid.
  10 # Attribute 'min_bin_probing_points' of the grid.
  1 # Attribute 'grid_mode' of the grid. 1=='default',2=='initialization'
  0.0000000000000000 # Attribute 'small_contrib_threshold' of the grid.
  0.5000000000000000 # Attribute 'damping_power' of the grid.
 # binID   n_entries weight   weight_sqr   abs_weight
    10   10   1.946898240000001E+006   3.790412756915101E+012   1.946898240000001E+006
  </DiscreteSampler_grid>
