  0.00289891819254112  0.01217717311389853  0.02206635886743758  0.03298021957140573
  0.04377917199451967  0.05420855235464163  0.06405087270483253  0.07373176084971390
  0.08357907375946508  0.09363105451964072  0.10368211054127761  0.11381027652942265
  0.12402080455721652  0.13416595827642311  0.14459402382469005  0.15505157145990497
  0.16509193509183481  0.17486392693270450  0.18486727193165417  0.19535061458214423
  0.20594635747906823  0.21639493424496123  0.22686346348442957  0.23746569996884195
  0.24808169063491090  0.25915054253597480  0.27036682255163008  0.28130787624040626
  0.29161026684507496  0.30110295497374889  0.31069899224913505  0.32121425522114283
  0.33238361188017435  0.34348108446062708  0.35419638779896534  0.36478291404394836
  0.37539721427215250  0.38507067227665465  0.39517963870432798  0.40563601801649635
  0.41634627469284585  0.42654032186857127  0.43646330472322337  0.44632427499875682
  0.45640634794624518  0.46678906244269075  0.47724023036584007  0.48790570367771163
  0.49837945679914847  0.50957731745535984  0.52095502587345066  0.53219755737282781
  0.54365988268150234  0.55471156299542146  0.56570693140113049  0.57642503531113110
  0.58771422589011535  0.59880872896610049  0.60979263083099267  0.62018978891933985
  0.63032316769486263  0.64013960124259317  0.65018972673050768  0.66057718965517365
  0.67110727726886055  0.68196027293273787  0.69262991951839870  0.70310651683186975
  0.71320976348907728  0.72294668948859642  0.73288406784831861  0.74281889995197303
  0.75287970531693238  0.76320591865100951  0.77331074158735236  0.78335750453038555
  0.79341981563533681  0.80345082732617645  0.81373349785368887  0.82397390315074936
  0.83431016677271930  0.84456339780417578  0.85464631430057725  0.86476301052621996
  0.87476237802581780  0.88517792375041604  0.89552546560186752  0.90603549707618980
  0.91637597257539893  0.92728926582443039  0.93855065999119480  0.94988659654331387
  0.96106025588864319  0.97173293724672583  0.98280381210266110  1.00000000000000000
  0.00938280038383860  0.01661465319543230  0.02614177761780037  0.03691589841262027
  0.04734636318234738  0.05807993711850795  0.06856787285828421  0.07885067554590830
  0.08890249589505800  0.09914671963819774  0.10940056945632497  0.11942140462304136
  0.12934302969859390  0.13904222032681862  0.14910443090408576  0.15918663124833257
  0.16922255422144666  0.17892524042221994  0.18857166159309555  0.19852695422979635
  0.20891339517727400  0.21934970443928098  0.22962627372127237  0.23966989836886343
  0.24970216724559058  0.25969370711272066  0.26972414495838698  0.28014677283293477
  0.29088893248102876  0.30188271933291161  0.31305482587591404  0.32440708022727927
  0.33566777615758697  0.34659509308778885  0.35789575811077773  0.36943945000619893
  0.38079024850000703  0.39159674290517854  0.40217199100574685  0.41282940916541444
  0.42349955426756669  0.43414846390075401  0.44431252236517760  0.45418335986351166
  0.46411922448019832  0.47433624859623275  0.48451791729663940  0.49432745495234870
  0.50426982700709855  0.51547594472726554  0.52656473572731755  0.53786841616229963
  0.54819349046417376  0.55854530552758130  0.56900045069261052  0.57916747773136801
  0.58991048396611290  0.60059469842923296  0.61155182723703116  0.62232160344610332
  0.63340382676388951  0.64463237642457560  0.65538755563478679  0.66578546021014084
  0.67598454738902525  0.68646018965398603  0.69687531457094998  0.70759745329992807
  0.71794942194786426  0.72798885778025602  0.73798326480594245  0.74813888561668651
  0.75833343413345267  0.76819276752923826  0.77817431786476321  0.78849464651753576
  0.79903525667818609  0.80966721995726110  0.82019142628661890  0.83070980948169393
  0.84139541414237662  0.85201736358702596  0.86247705345195746  0.87322908278255373
  0.88413799905168022  0.89530447938306301  0.90615835399885636  0.91669914285519993
  0.92742107728578649  0.93813707621228748  0.94888551776874008  0.95984925723576475
  0.97101978101163300  0.98156266493006539  0.99119060800310688  1.00000000000000000
  0.00000042562821640  0.00000352555685771  0.00000857055380291  0.00001311345544068
  0.00001738739017436  0.00002166025173991  0.00002652929359543  0.00003197589849715
  0.00003800585333285  0.00004471794063318  0.00005235297359293  0.00006077494164449
  0.00006996741981999  0.00007979610323866  0.00009008643714999  0.00010089973836814
  0.00011235193274748  0.00012421373787043  0.00013635389205706  0.00014899724296089
  0.00016218721153504  0.00017632680534805  0.00019146970277381  0.00020741104766463
  0.00022453530760791  0.00024257093634017  0.00026102680459396  0.00028020748788531
  0.00030023896133341  0.00032080134732974  0.00034168603258783  0.00036269137588140
  0.00038401666400334  0.00040566696963734  0.00042835386287659  0.00045133037061279
  0.00047498458927471  0.00050053513898905  0.00052694276253006  0.00055534965567081
  0.00058419290262610  0.00061386557481085  0.00064574564104864  0.00067870186222041
  0.00071435334158489  0.00075239994547607  0.00078947451419331  0.00082547554286880
  0.00085924981429705  0.00089285537385618  0.00092859742686995  0.00096639376091703
  0.00100695377626472  0.00105107622217937  0.00109782013003842  0.00114909532428692
  0.00120995557741388  0.00127375648727902  0.00133767467686063  0.00140263791086106
  0.00146678580501740  0.00153051011865639  0.00160084567481471  0.00166413918872229
  0.00173704961145659  0.00180963551925301  0.00188854343867537  0.00197502478067622
  0.00205994225843074  0.00214378352586783  0.00223010627050218  0.00232856564055624
  0.00242657205811879  0.00254137854794385  0.00266912436986003  0.00279989107301708
  0.00293287674136393  0.00307472853622085  0.00320219735487362  0.00332128617863571
  0.00344379862343067  0.00357090784616086  0.00370091435301605  0.00388674683647839
  0.00406048343847588  0.00421540416496282  0.00437242650299303  0.00455275304550575
  0.00470963760720208  0.00492044160252659  0.00534332392388233  0.00616322842929545
  0.00775867265144595  0.01009036973238963  0.07844075825025876  1.00000000000000000
 -0.00267479398050754  0.01068940568227240  0.02165655552914048  0.03239832985750428
  0.04298689612448863  0.05373692496912578  0.06456727106192610  0.07501723007525321
  0.08535107979086642  0.09567725308229183  0.10596796970237050  0.11620833907380820
  0.12634726299184579  0.13683737979955385  0.14778921728492497  0.15837114177652445
  0.16895279888756662  0.17927778263559158  0.18964814384131690  0.19959313347886332
  0.20939301920327524  0.21973445197033234  0.23048829715545815  0.24128787380599701
  0.25184752675129141  0.26272761143939488  0.27361918391123691  0.28465386396552950
  0.29556256489918575  0.30652794880351303  0.31721522526710461  0.32783243207550328
  0.33855136271902730  0.34925444699752750  0.36020034942244217  0.37089718855694576
  0.38169320547972335  0.39282479541447374  0.40420522171340917  0.41545775322599920
  0.42640962802038196  0.43731805738687846  0.44830318064037983  0.45933049031919843
  0.47037146518169237  0.48123761998471287  0.49176433113239376  0.50258942243505011
  0.51403738278126954  0.52588311756591344  0.53745749563422196  0.54868907171303238
  0.55970667093023174  0.57054616392239610  0.58158681210271046  0.59270527345741930
  0.60373935314290705  0.61466409720398896  0.62512889403458682  0.63522975137539106
  0.64544339946963025  0.65598747200305563  0.66644699161812171  0.67621679617630559
  0.68616754126333357  0.69668866930517370  0.70730331875643782  0.71758899217840455
  0.72775957983281403  0.73802965959317413  0.74822424330904636  0.75805168544895007
  0.76768097582367112  0.77763897786360281  0.78768812539530297  0.79750598216050284
  0.80744794194359581  0.81767831226861998  0.82858105206894961  0.83929106835322953
  0.85004421599419988  0.86038773075557073  0.87035128900182435  0.87996114590826269
  0.88944593172232522  0.89942689900924366  0.90895944338266488  0.91876534120149622
  0.92857616755602512  0.93849880793319285  0.94806572593755734  0.95802060265730382
  0.96819579588955795  0.97914763270100913  0.98953690588428800  1.00000000000000000
 -0.00224525998507946  0.01087856908488115  0.02162388671413917  0.03223774349602275
  0.04255862917175314  0.05369144994845887  0.06450447218818703  0.07471752071150550
  0.08492274184578540  0.09539627969394272  0.10572581576487348  0.11545517283766424
  0.12515772166981631  0.13549490023377420  0.14576591776150144  0.15647617228742666
  0.16709615234157779  0.17831997174936037  0.18955584407315343  0.20046418510137429
  0.21115031135470136  0.22179151313830187  0.23221282999549556  0.24312349253350060
  0.25369193675663676  0.26456595295171864  0.27527222825138947  0.28582815633363767
  0.29625868395425431  0.30641141858776144  0.31728595277922828  0.32841859721123523
  0.33965843379249538  0.35056922761183806  0.36131200705618688  0.37235508202283363
  0.38226115719873888  0.39222940287401120  0.40286373004143555  0.41396887524186909
  0.42462010333118855  0.43498437651553501  0.44548796536736418  0.45637904064733598
  0.46671679691058521  0.47722531601982848  0.48793036626071834  0.49824679892864776
  0.50812287176948268  0.51786414097367162  0.52837271646886197  0.53970044209805779
  0.55126835893211368  0.56251410532990476  0.57327185607678544  0.58375568233858133
  0.59420210584289701  0.60518831449864385  0.61625566639554508  0.62719685057845653
  0.63778226394510873  0.64836471525327721  0.65873092730303284  0.66885149215631445
  0.67923546138061786  0.68986345770414403  0.70051188626835814  0.71119560096904055
  0.72176102049743984  0.73196982620400497  0.74154771881524295  0.75108392252550638
  0.76109771793968228  0.77144145632518812  0.78209705329895962  0.79245658783289830
  0.80286948765479038  0.81329501165477402  0.82388030199236140  0.83467642322547486
  0.84482437316363568  0.85494683922278758  0.86451773416407907  0.87399381359111639
  0.88368794580854804  0.89336175425280662  0.90343711757100198  0.91363157939748152
  0.92393132169688530  0.93448695438030394  0.94515118345391880  0.95582365861735485
  0.96669635857394964  0.97740498532429521  0.98874349200473677  1.00000000000000000
 -0.00220869875280177  0.00966735128777315  0.01948006736486283  0.02961593560915493
  0.03949783326923256  0.05011262210447932  0.06147294597997634  0.07249861871481243
  0.08355298851523284  0.09456155909009355  0.10558171738344306  0.11624371763955853
  0.12719254986905990  0.13788395703772904  0.14793160213404424  0.15723453210383381
  0.16645855189530795  0.17618413223059218  0.18639351711240343  0.19734222639098001
  0.20858141170858699  0.22004568730319229  0.23142815362955788  0.24240127055538002
  0.25341387070781995  0.26391108271091546  0.27441729045592955  0.28477646542579360
  0.29521803929292190  0.30580955717230529  0.31660687560853334  0.32761280652123848
  0.33844692483007566  0.34908200490787755  0.35975108696794528  0.37065430398499827
  0.38198217897296832  0.39320147696214891  0.40409061173999883  0.41527330421359926
  0.42657372843227714  0.43748055305912897  0.44739755939096110  0.45729859008666529
  0.46732262517833240  0.47712296174618285  0.48735251109098332  0.49741726294861527
  0.50845389176942901  0.51933177748399495  0.53073108311189521  0.54153796258189502
  0.55192341132589262  0.56261314788422523  0.57395013979382015  0.58577993732654388
  0.59676546427233224  0.60706615998458180  0.61743229766068952  0.62810760433833390
  0.63945865104898203  0.65019463841601488  0.66060621754655602  0.67038017149671314
  0.68039323116422334  0.69049743164421917  0.70068828356784862  0.71106754547002082
  0.72169536576746462  0.73251460351572173  0.74320863232538836  0.75348628662951067
  0.76339263387873169  0.77321183878711919  0.78288384791915444  0.79291585254036367
  0.80321294848014968  0.81376818284500241  0.82443324156634024  0.83508791899548362
  0.84560873668853564  0.85653642945243624  0.86750544420944409  0.87811828504693201
  0.88822180182958521  0.89837145167379417  0.90872462119264352  0.91868164209407943
  0.92796255759158064  0.93700114069909068  0.94689324492723026  0.95717117593078660
  0.96773344623858670  0.97796966776703431  0.98887050509566621  1.00000000000000000
 -0.00225572850258629  0.00862613401647576  0.01830443400006879  0.02880633728499644
  0.03968071575745599  0.05064382264793148  0.06131848903317531  0.07208087554738331
  0.08273241477472550  0.09290182403527018  0.10312131039103771  0.11347321646995319
  0.12343755012122583  0.13342014435042457  0.14314235293197661  0.15309585715960389
  0.16289599440843677  0.17282304371460944  0.18319463983124054  0.19353001870232167
  0.20383016962467312  0.21414142744481837  0.22495825493185767  0.23568530218811851
  0.24611668200144754  0.25682668007692377  0.26788551234176811  0.27898070323802793
  0.28968771186769038  0.30013557950084324  0.31027815855406171  0.32032950494575257
  0.33029817239297898  0.34077335327848157  0.35148287927579425  0.36200046730231267
  0.37251779367028226  0.38311975901687628  0.39395334343627381  0.40478008940749372
  0.41530406111365237  0.42621423376961454  0.43751466176338294  0.44918321247235188
  0.46029512411707624  0.47089206148538093  0.48141863507566585  0.49235174285914762
  0.50287494184840476  0.51303163308220445  0.52335951780022361  0.53453085966483438
  0.54627574806814017  0.55786629736755466  0.56952519174304750  0.58096325658284964
  0.59195400928176534  0.60255461919875275  0.61304598447234415  0.62371191769002543
  0.63458956961083746  0.64528298058524702  0.65561312653810366  0.66551204657133967
  0.67520653419144672  0.68487403924492596  0.69491793299951365  0.70505254541383400
  0.71547759626793805  0.72582944754452872  0.73634686032879004  0.74723068435073459
  0.75864233864736974  0.77048845074771821  0.78214266959227030  0.79304128848322453
  0.80322020595437582  0.81282482679313761  0.82215377986896065  0.83150407441071339
  0.84149320660333216  0.85148317171681420  0.86154132229599734  0.87145308286165468
  0.88162340368123215  0.89185036761690784  0.90209106632203728  0.91250901008753238
  0.92276544533410576  0.93286564270027739  0.94357992779704947  0.95468774703618475
  0.96573178705698737  0.97648760265150003  0.98817857187610958  1.00000000000000000
 -0.00224240706862460  0.00937047826135644  0.01980428292216928  0.02992558321311031
  0.04046194891125632  0.05051557684324988  0.06074880365267829  0.07090886783914951
  0.08088901087058022  0.09117266819990791  0.10195217423555052  0.11312812460211752
  0.12449389402054660  0.13541865335277936  0.14634853488183963  0.15684835490299451
  0.16728573278385589  0.17737434679796363  0.18762313282962187  0.19778451743576286
  0.20805763713585884  0.21846742541157604  0.22938868710296551  0.24022521775515465
  0.25124130027401909  0.26181348998743470  0.27172179310944267  0.28098160705070352
  0.29039122402844980  0.30024409620505338  0.31024638278011463  0.32013695089549671
  0.32992776081604069  0.34050148963981069  0.35178680793371264  0.36238650711008974
  0.37256798204670982  0.38291210260643832  0.39316417368862289  0.40351740171915751
  0.41423234949406434  0.42586402097074477  0.43744201032258911  0.44874243558933191
  0.46005158764300891  0.47147489944051313  0.48277746934845850  0.49393785370066362
  0.50481093721398462  0.51569868375753691  0.52642300763697547  0.53726650175612023
  0.54823582836888463  0.55902650995712733  0.56965617359278131  0.57984456115447969
  0.59082315673577446  0.60187254831075054  0.61274147955107761  0.62328337569108949
  0.63393003081636301  0.64436194828053028  0.65445464953345489  0.66448974231156699
  0.67478873815146301  0.68518071378912071  0.69536728126231384  0.70563905743269850
  0.71623947320041514  0.72698352488230722  0.73768832126383854  0.74861718508136366
  0.75890541596570971  0.76966080459572972  0.78012039956365919  0.79047285504226361
  0.80047836199160882  0.81050599543353485  0.82167074611538782  0.83309672917865862
  0.84407425469471953  0.85449405376775367  0.86475447282481943  0.87507786043220692
  0.88575661494393620  0.89629535710571195  0.90649346089521110  0.91641829522316942
  0.92632471417195228  0.93663255819763336  0.94704532034547706  0.95774978214290785
  0.96826075950953716  0.97899382016388614  0.98936856628499203  1.00000000000000000
  0.21420880920094890  0.24902575804502788  0.26734553525415072  0.28469781253140375
  0.30294900921488888  0.32397728995336128  0.34381061949766484  0.36092242531773455
  0.37626404573307537  0.38999570804361994  0.40268617310636429  0.41464525016434250
  0.42582167232680151  0.43661348947132816  0.44715135236127990  0.45728996555644608
  0.46703664759770713  0.47672662638127250  0.48641269667334947  0.49585271168514550
  0.50477461048649952  0.51342209409729678  0.52186894181384258  0.52993686926972128
  0.53789150361518390  0.54600539447482488  0.55414618460951492  0.56213709833422454
  0.56992504080291173  0.57763633613103815  0.58514903888818104  0.59237554122346547
  0.59945669121386935  0.60642437135229010  0.61331249406208366  0.62031287103783139
  0.62751840598415631  0.63470641993978549  0.64163324820778445  0.64826410174189808
  0.65463998221043118  0.66119905941594914  0.66748147464746543  0.67360049560854862
  0.67983656075190335  0.68610325923753668  0.69231254270575848  0.69835831549205207
  0.70443581911378939  0.71068256257216245  0.71700879233756476  0.72331759454545175
  0.72950115774191526  0.73562598951669089  0.74161390734034716  0.74734628791836966
  0.75300508552228873  0.75864102344710704  0.76438767493238702  0.77011643493414750
  0.77573178682645183  0.78133605437786180  0.78718171009246074  0.79310152756499719
  0.79905100899734027  0.80500713293695236  0.81092827166201364  0.81671388732903505
  0.82229694564731870  0.82775479163658183  0.83323600132335585  0.83880050813217588
  0.84435948654050841  0.84996987178446226  0.85543769082222965  0.86109089245550852
  0.86678386581088407  0.87252017947710903  0.87811054022504054  0.88356721775136271
  0.88906366040263130  0.89462381211681796  0.90019351143104509  0.90571352273269312
  0.91125042186477023  0.91686498510403391  0.92262684822944996  0.92853839138823335
  0.93441908230930038  0.94084912973712864  0.94810736721647659  0.95558422477258786
  0.96348028226798654  0.97223915628809543  0.98352348861217620  1.00000000000000000
 -0.01980082471265887  0.11118475718760754  0.14688618431608505  0.17033924112382567
  0.18841206658876286  0.20361478810980144  0.21681854355104296  0.22860361603374249
  0.23919668762439730  0.24901099358898834  0.25823084611533403  0.26719399324720233
  0.27565413501064112  0.28367771040709255  0.29180438109452289  0.30018901614907101
  0.30836659233035391  0.31612372992553173  0.32337892187036560  0.33056155883458183
  0.33781482691509485  0.34525292832556770  0.35283680381909788  0.35976011810424641
  0.36643068230812570  0.37284662575220218  0.37917440112101281  0.38545092530274455
  0.39171654049039428  0.39782434340592399  0.40389754090671692  0.40997793532557486
  0.41594569836251694  0.42204738118304685  0.42799863657502557  0.43406691888824656
  0.43978090138176279  0.44521612552715573  0.45053859407072150  0.45605570533701484
  0.46183836904019587  0.46779622148078703  0.47363063829966834  0.47915594285624513
  0.48443263857716523  0.48966866550238547  0.49493184246128641  0.50014040920626213
  0.50531502100041858  0.51036554807428591  0.51551112000263088  0.52037573286380467
  0.52533095213793934  0.53033061576890494  0.53543966499016016  0.54075776374595663
  0.54610243785561474  0.55143655336491548  0.55673219638872984  0.56205528600420585
  0.56750575767527811  0.57301735499449091  0.57853801251417358  0.58416434261968542
  0.58983089895091712  0.59558240781184568  0.60166307164524468  0.60800054823993288
  0.61467311588631612  0.62113143071119070  0.62744007485204112  0.63362993932806511
  0.63979391883701919  0.64600978287431943  0.65284453944507270  0.65986093812943092
  0.66690116034966174  0.67411691376910776  0.68151881231249944  0.68920996365129972
  0.69709612435442192  0.70509500630290556  0.71336833685183842  0.72199300710537329
  0.73110837619030411  0.74087422180778950  0.75129112729880676  0.76250434804981126
  0.77446655811133758  0.78717025690626674  0.80074573773328761  0.81562236026412926
  0.83267864606136310  0.85437695813669368  0.88836335632656038  1.00000000000000000
   4.1656094906026797E-010  -1.0000000000000000     
 F F F F F F F F F F F F F F F F F F F F F F F F F F F F F F F F
  <DiscreteSampler_grid>
  grouped_processes
  1 # 1 for a reference and 2 for a running grid.
  10 # Attribute 'min_bin_probing_points' of the grid.
  1 # Attribute 'grid_mode' of the grid. 1=='default',2=='initialization'
  0.0000000000000000 # Attribute 'small_contrib_threshold' of the grid.
  0.5000000000000000 # Attribute 'damping_power' of the grid.
 # binID   n_entries weight   weight_sqr   abs_weight
    10   10   1.957316836565682E+003   8.282930215001553E+006   1.957316836565682E+003
    11   10   1.957316836565682E+003   8.282930215001558E+006   1.957316836565682E+003
  </DiscreteSampler_grid>
