 -0.00244750345853439  0.00932025786030914  0.01918112555421499  0.02961416851744567
  0.04013496046563343  0.05066189777845831  0.06118861755169242  0.07178445450460443
  0.08239664050510814  0.09294998823952559  0.10338960247221171  0.11385331300315819
  0.12422836090682490  0.13462904520414518  0.14498152583635085  0.15545229067137634
  0.16600558960407147  0.17670661604621465  0.18740330177312550  0.19810951696990445
  0.20884546213410182  0.21940814823384544  0.22998733595930707  0.24037169255541749
  0.25085962945109191  0.26121381085190587  0.27162084860729346  0.28207316777674490
  0.29252352674934834  0.30293603509270745  0.31335851211566385  0.32383228298311667
  0.33432023073341943  0.34467379335680104  0.35506252628543650  0.36544297362371253
  0.37590081796001057  0.38634793893005126  0.39695303881734106  0.40751535821864043
  0.41814087714652448  0.42855586867368078  0.43894451322741757  0.44931694003707384
  0.45969593784787299  0.47023351629818877  0.48091754261121783  0.49175534075722455
  0.50243418979963328  0.51282985322185859  0.52325700225570071  0.53391270586442519
  0.54457724738644242  0.55530846274771672  0.56596069231403923  0.57661981871809764
  0.58731345571824889  0.59791672442493671  0.60853712892988654  0.61910305484575123
  0.62967674893870096  0.64028512294363005  0.65083115948773784  0.66135710329516173
  0.67188292410009176  0.68232295980697999  0.69279269440541491  0.70317969143189230
  0.71353037777712680  0.72397863389702199  0.73445664437470470  0.74516511475913882
  0.75593590413756029  0.76668846175434469  0.77735693453203669  0.78783210038054263
  0.79838035144409525  0.80896080351095534  0.81966612238728176  0.83040432340028181
  0.84114413160023804  0.85192137989791172  0.86252587471120290  0.87311378982727328
  0.88367577435532341  0.89417791400884372  0.90473279831453557  0.91517991366911822
  0.92577240990158616  0.93641752413689783  0.94708530684581926  0.95792025561052796
  0.96839623512347439  0.97903406545403004  0.98945381994511272  1.00000000000000000
 -0.00266260834702673  0.00980322735147270  0.02038635311628445  0.03114893152862382
  0.04200487940973689  0.05264457763275414  0.06326798873087879  0.07375914860476418
  0.08440001388681936  0.09510507440370365  0.10585201683303767  0.11639734496555068
  0.12693719274337292  0.13733308642096598  0.14775851280472238  0.15806598026912044
  0.16839599761714191  0.17877498307910492  0.18906691556371905  0.19925249320280836
  0.20946398397491334  0.21966524127326695  0.22987322014119241  0.24002215003456323
  0.25020767813449746  0.26052795811544743  0.27088650258450292  0.28142072929545409
  0.29205463803314802  0.30252442142834896  0.31298004787242445  0.32345426116608245
  0.33389055798170192  0.34443776563800399  0.35504039968622547  0.36578927819434398
  0.37644358459651189  0.38712234205515783  0.39777532315801084  0.40829006391186151
  0.41873022301752322  0.42922498947883075  0.43979662414541615  0.45048684795052041
  0.46123095564192679  0.47187665782694843  0.48239945247703658  0.49284035154826317
  0.50325132438256959  0.51366718804508360  0.52423205375340043  0.53487875276305918
  0.54551821619415453  0.55604288055367002  0.56654108316198792  0.57698001051876158
  0.58743431699669002  0.59787475978553151  0.60834830930232930  0.61887154812474987
  0.62945222482896990  0.64015259202355623  0.65084390517262991  0.66149517206469011
  0.67220363246038883  0.68300468089239630  0.69379375657050124  0.70446973655208966
  0.71491382352580746  0.72531193480877787  0.73584418650261596  0.74647313436485596
  0.75715447340003594  0.76781123376127669  0.77848762380977787  0.78928916785950132
  0.80007712274812315  0.81094082041189053  0.82166501723412588  0.83240159001119129
  0.84291058784211481  0.85318984011637999  0.86354197991139436  0.87388217757316933
  0.88437007859973160  0.89476565404149777  0.90530822159227842  0.91583539578954754
  0.92631882792101738  0.93678535216794412  0.94733094329629974  0.95783102509018980
  0.96844033049253875  0.97898607103360102  0.98955328517404206  1.00000000000000000
 -0.00215476457405243  0.00949192012137422  0.01962151747593236  0.03010125569690633
  0.04061791279204099  0.05108064575190158  0.06161680175532463  0.07197871049480579
  0.08234298855383126  0.09265636675218099  0.10297766787818478  0.11327711236186368
  0.12367389936422366  0.13418388188286343  0.14471951778891992  0.15516775364963961
  0.16550456936613581  0.17597539687481875  0.18646559333023266  0.19687979316705853
  0.20727766037653067  0.21760078711900313  0.22797420102490087  0.23842359579217037
  0.24893998497041830  0.25944509058417597  0.27002365809122897  0.28080567303945220
  0.29165537082979537  0.30239807969508881  0.31316488950996196  0.32401768754609406
  0.33479220824739542  0.34528107318367146  0.35567581390246800  0.36622866397013487
  0.37694905440343379  0.38785110665536382  0.39868478077504360  0.40947672420375192
  0.42028477424664001  0.43093319580540790  0.44163342924901394  0.45218394818623819
  0.46286576193743639  0.47353080428272559  0.48424285238345943  0.49487785578965510
  0.50539047590245523  0.51592804306273787  0.52636877351816413  0.53684534701953213
  0.54739150962602490  0.55799061759317270  0.56847502714104792  0.57870630993663563
  0.58895716427311740  0.59929866297341772  0.60965372530867512  0.62008754998696514
  0.63068540032911524  0.64138519214051437  0.65207713645635212  0.66280341099087092
  0.67340687639684926  0.68397083703620509  0.69444870814744819  0.70502644552241578
  0.71560775623566975  0.72615330110080778  0.73679401385367527  0.74731056986742472
  0.75755597802285213  0.76784167279515103  0.77825354433694993  0.78883656351118503
  0.79933678642929462  0.80966177855710364  0.82003432867987780  0.83054584587406399
  0.84111165421653566  0.85181939175476973  0.86230182973298941  0.87270756587504339
  0.88320312171684190  0.89382501190135377  0.90462231546323935  0.91528091452171934
  0.92598097346646702  0.93655262647210280  0.94699000001548173  0.95750418064612874
  0.96825885845489379  0.97901811274508088  0.98953638379481423  1.00000000000000000
 -0.01720222020695498  0.10023791497012410  0.13411200379490965  0.15558858765447620
  0.17343597712740036  0.18889379247987537  0.20278766146748423  0.21550326042060622
  0.22732424934143003  0.23838283449786826  0.24883121365350527  0.25870814966357708
  0.26813293588834253  0.27714210005652656  0.28582779802317343  0.29424731477990629
  0.30233023516386037  0.31023689595282433  0.31788807353554388  0.32534086116171146
  0.33268943596850475  0.33978066576067439  0.34675249373679701  0.35360616937978445
  0.36031467485840779  0.36693066137942160  0.37345680209744253  0.37987288584105272
  0.38620545540362489  0.39248349859319775  0.39868606775129128  0.40478430184476266
  0.41086214529270298  0.41689982850979995  0.42285276326568000  0.42875819312613533
  0.43462643451902117  0.44044885793436983  0.44623076757460189  0.45199070191296731
  0.45772622868271995  0.46342920099818269  0.46910742814937545  0.47477218863872445
  0.48042329218240976  0.48606059663595375  0.49169039004670595  0.49732000730124143
  0.50296164086714290  0.50860635335585225  0.51424639361433888  0.51988373926247600
  0.52552599651084275  0.53117562801456553  0.53684138470596099  0.54253941714052489
  0.54827696394053949  0.55404231928744274  0.55982583219689486  0.56564690334861645
  0.57151005957485879  0.57740327820906079  0.58333892340082372  0.58935178122235288
  0.59540733432171478  0.60149661481020233  0.60769353226206713  0.61396718838721054
  0.62029568346204922  0.62671024730777625  0.63323325975661049  0.63984723179632041
  0.64656039709621260  0.65341809906237247  0.66039528297005323  0.66748914324102282
  0.67482997830686064  0.68227437832018811  0.68990645171275833  0.69777930603022598
  0.70583948334984048  0.71426600664264805  0.72299564915891779  0.73206782530415948
  0.74154262714504915  0.75142253589573693  0.76183696874223295  0.77285352328546697
  0.78464793394102750  0.79733643596387882  0.81119808611508937  0.82662451461519437
  0.84446420621842866  0.86593742145218833  0.89993166639298172  1.00000000000000000
   1.7808480992178635E-005  -1.0000000000000000     
 F F F F F F F F
  <DiscreteSampler_grid>
  grouped_processes
  1 # 1 for a reference and 2 for a running grid.
  10 # Attribute 'min_bin_probing_points' of the grid.
  1 # Attribute 'grid_mode' of the grid. 1=='default',2=='initialization'
  0.0000000000000000 # Attribute 'small_contrib_threshold' of the grid.
  0.5000000000000000 # Attribute 'damping_power' of the grid.
 # binID   n_entries weight   weight_sqr   abs_weight
    10   10   1.259776514934378E+010   3.126375424616612E+020   1.259776514934378E+010
    11   10   1.259776514934378E+010   3.126375424616612E+020   1.259776514934378E+010
  </DiscreteSampler_grid>
