 -0.00232340915081936  0.00997697846874037  0.02021833196440125  0.03061587076996129
  0.04112537379871423  0.05163735833127994  0.06216199314748289  0.07269416496864607
  0.08322519098638169  0.09394530875961235  0.10475890580078695  0.11539724666464836
  0.12581468768946033  0.13628476699632835  0.14694450969843204  0.15754380450027108
  0.16796994714644481  0.17834006645860712  0.18862976414362437  0.19894353608936080
  0.20927524521802884  0.21938837574461045  0.22965296183545164  0.24014266376670879
  0.25055443943798061  0.26089250179200291  0.27116763536483041  0.28164921336757309
  0.29238593076067115  0.30315440037893027  0.31397662670559778  0.32480812680155724
  0.33578630189006042  0.34700867104391936  0.35806458312332290  0.36888559613351107
  0.37943868229414979  0.38990336828304806  0.40058698858193764  0.41148377624384369
  0.42255273733545284  0.43353275319892914  0.44435678184462851  0.45499651484053893
  0.46565401019158636  0.47639723339381046  0.48710649529151517  0.49789664544574974
  0.50887514069085338  0.51981932599713121  0.53043720558755625  0.54082658606600775
  0.55119171409214307  0.56152223065224205  0.57190625665535810  0.58232859813288196
  0.59276283057619683  0.60327163563699737  0.61366481034444076  0.62411755378962142
  0.63431578154928780  0.64461135631773014  0.65514739337601868  0.66575515440544086
  0.67619267376055447  0.68668489462783333  0.69743704999949030  0.70821056584989750
  0.71855478251145044  0.72912416181885142  0.73953253995262103  0.75034785414425531
  0.76063638088553920  0.77129309628503573  0.78161074552505150  0.79184965612711666
  0.80217999926557937  0.81258331469943346  0.82313394965384101  0.83353471259844314
  0.84399837041427106  0.85450010570640833  0.86494532884562947  0.87536118352376424
  0.88571513179336592  0.89611158867336105  0.90665669327497511  0.91702521067267462
  0.92761574710861128  0.93802895511009132  0.94881703726651778  0.95941616856293177
  0.96958787525978063  0.97987255002475881  0.98998072792029923  1.00000000000000000
 -0.00260608450759824  0.00976373710572269  0.02009723702136661  0.03085307586244058
  0.04144275874203663  0.05184340157546598  0.06211420820149954  0.07256349068407889
  0.08298010036787173  0.09338580534149914  0.10384534983904103  0.11425006117843746
  0.12477609566961388  0.13510026325255503  0.14546385750089191  0.15572716950433188
  0.16605607171006809  0.17655715830274049  0.18714281385960610  0.19803822976254595
  0.20879350698647470  0.21988945223465098  0.23117581286140912  0.24247727079899350
  0.25367491433369466  0.26476930669128540  0.27545893523921150  0.28605289486695462
  0.29671816274642820  0.30757560743009121  0.31813433726255236  0.32834943624524798
  0.33867163174950327  0.34904104040227474  0.35959961079380204  0.37021282484241985
  0.38131843333277166  0.39248306230146429  0.40374538361951695  0.41491799734001439
  0.42589068477758801  0.43678483570524773  0.44764827570005716  0.45850992272240632
  0.46922234435303223  0.47964960727971462  0.49001162649695607  0.50030737167742645
  0.51057213835109050  0.52089445701077619  0.53125539358233154  0.54162037125779994
  0.55197271154589955  0.56238847982885476  0.57282200417568030  0.58316841315515222
  0.59347831980212884  0.60373422823232581  0.61423837110782886  0.62480655803086482
  0.63560849105556294  0.64628669651540072  0.65733936648252667  0.66805066292869109
  0.67855156911071113  0.68883661226529924  0.69896432738479819  0.70909166843416205
  0.71911376705010122  0.72923530100602196  0.73972450187101368  0.75007017789188379
  0.76030694549527367  0.77060998381853940  0.78104124881811055  0.79142372168701580
  0.80132441611852645  0.81118203303726111  0.82135371823650638  0.83155215011061157
  0.84191985238565503  0.85236422134893797  0.86278467251004043  0.87321565745695673
  0.88357356863159131  0.89411128227716563  0.90462909726049345  0.91497973202143279
  0.92554688013699238  0.93614888913937688  0.94687346874526457  0.95760264942180784
  0.96839429011717992  0.97933267234108723  0.98979109568866264  1.00000000000000000
 -0.00235023686404677  0.00969946581083972  0.01963868670565228  0.03032995086447175
  0.04079939530118491  0.05118409449961610  0.06169673756865884  0.07229312848679241
  0.08317720672697092  0.09376529537376496  0.10429909930560756  0.11526611556498140
  0.12634292956740389  0.13754532236257636  0.14879004103386728  0.16004433089561992
  0.17113311676564300  0.18224301794957087  0.19320472951419837  0.20414521485631842
  0.21486838651047235  0.22558388995819231  0.23628772257299419  0.24694352214470819
  0.25729608205026594  0.26747211571438023  0.27747800497255759  0.28767053342350263
  0.29769454793912037  0.30760820005686923  0.31741802522897600  0.32725980669563015
  0.33724571887486954  0.34740129265396635  0.35769770393011319  0.36815360934958563
  0.37851929469353784  0.38886679709486971  0.39926850962624488  0.41003014502298113
  0.42077345294044688  0.43156079867936564  0.44226829494268810  0.45301421584383472
  0.46378704727045156  0.47451711537229974  0.48536892819908006  0.49594290264153584
  0.50657443679900027  0.51715107538502636  0.52784723927878208  0.53863244829429258
  0.54965297615123698  0.56075127973022276  0.57156443433711224  0.58226997412077797
  0.59261110189389399  0.60301252959351392  0.61350347644061765  0.62403161236019444
  0.63460461748795827  0.64519101386954647  0.65589551430207182  0.66670806764758139
  0.67774571423216645  0.68868669565903151  0.69923952377664333  0.70959595494501970
  0.71985520117807722  0.73011407655322436  0.74021553290679321  0.75042827187608208
  0.76081967739295053  0.77121714625139559  0.78187977849610335  0.79248911229046448
  0.80324883119942858  0.81398771745475684  0.82469829688188834  0.83520482500527227
  0.84538515169183892  0.85544345721965720  0.86555863929222743  0.87568052246888084
  0.88608441625692103  0.89623733846576770  0.90683987910309416  0.91723954962390009
  0.92781851211298916  0.93843388272230455  0.94878057950369898  0.95922769997078172
  0.96961622418763560  0.98002106108392051  0.99007926888156861  1.00000000000000000
 -0.01889561502293762  0.11686518621438874  0.15961758591147965  0.18681779656234207
  0.20866007434771891  0.22750874104222998  0.24414183002324302  0.25922923160485994
  0.27327257696258106  0.28649972678451230  0.29906189060088006  0.31103543249262450
  0.32252516507106466  0.33359590000459843  0.34431958426671516  0.35475302945638271
  0.36491552489127388  0.37481701276330148  0.38446263807585335  0.39388109060256765
  0.40306629949029704  0.41209012593858352  0.42096402060804938  0.42971463094772877
  0.43830992808948788  0.44674986561416724  0.45507029337909438  0.46328051295467465
  0.47140123680957552  0.47942072242151673  0.48729490175473900  0.49505015823442688
  0.50270241779083757  0.51026381740913895  0.51775484977709929  0.52513223093567063
  0.53239981123087665  0.53960022434682176  0.54669679436963758  0.55372674729587101
  0.56070815517803196  0.56763041571283968  0.57447437483242692  0.58125927884696860
  0.58791430740477824  0.59447361368618334  0.60103897892918701  0.60753320029880276
  0.61396361696337465  0.62033495370508440  0.62662375213984656  0.63284154653252023
  0.63901288843399384  0.64513732762319231  0.65119422778038649  0.65718847759009136
  0.66315281623663769  0.66907238295293958  0.67494868137316977  0.68080570119167916
  0.68663711355183821  0.69242173438462684  0.69815464029220753  0.70386485404603116
  0.70954988345259240  0.71521929372981385  0.72088346752544230  0.72653925913348705
  0.73217701281665315  0.73779768139220137  0.74341247775684227  0.74900635329856613
  0.75466842442183224  0.76034206975663254  0.76602375543827717  0.77173690823283181
  0.77751974036633542  0.78335244376956559  0.78924534453104056  0.79526644940104441
  0.80141258129122350  0.80763375739613996  0.81400206502915562  0.82056543762814960
  0.82731250640268816  0.83430087342590065  0.84167558669583020  0.84931190314023175
  0.85733555859489718  0.86617052002727402  0.87540098419848600  0.88642228380871857
  0.89885061515964515  0.91542946395475389  0.94023136333977975  1.00000000000000000
   4.5873746462792170E-009  -1.0000000000000000     
 F F F F F F F F
  <DiscreteSampler_grid>
  grouped_processes
  1 # 1 for a reference and 2 for a running grid.
  10 # Attribute 'min_bin_probing_points' of the grid.
  1 # Attribute 'grid_mode' of the grid. 1=='default',2=='initialization'
  0.0000000000000000 # Attribute 'small_contrib_threshold' of the grid.
  0.5000000000000000 # Attribute 'damping_power' of the grid.
 # binID   n_entries weight   weight_sqr   abs_weight
    10   10   3.377058123245980E+005   1.355739450165600E+011   3.377058123245980E+005
    11   10   3.377058123245980E+005   1.355739450165600E+011   3.377058123245980E+005
  </DiscreteSampler_grid>
