 -0.00231044578200837  0.00992708823860809  0.02012896487564686  0.03053945382674330
  0.04105048852730155  0.05159650792237077  0.06215172836662852  0.07269062108040218
  0.08323471693292434  0.09394221997575170  0.10474889927156232  0.11537399772758247
  0.12578885694683725  0.13627092610781710  0.14693914137710498  0.15754627640295604
  0.16798530280307500  0.17836516199397165  0.18866375386695083  0.19897486511440446
  0.20931073719153126  0.21947112935582760  0.22976099739796108  0.24024332468492107
  0.25063855027677451  0.26098960281012995  0.27129247441881033  0.28180153303716088
  0.29256122928581768  0.30333284920995696  0.31414186352478368  0.32494596066995252
  0.33589247965627150  0.34705290600521810  0.35806588849547283  0.36890364504805662
  0.37947382958764692  0.38994524192771635  0.40060062092830162  0.41146185338352276
  0.42246908529615640  0.43340715607994845  0.44422242928348121  0.45489401424412212
  0.46558530662009812  0.47634389011450312  0.48705063096908613  0.49782323052026356
  0.50875930069999453  0.51967700701420638  0.53028848135919981  0.54068324082692465
  0.55106171028276574  0.56141764558602825  0.57182974103088924  0.58227011515092475
  0.59268844545007915  0.60316757831374512  0.61352735584282703  0.62393953168178617
  0.63413495533709008  0.64441283170859398  0.65490719614037118  0.66547348533495421
  0.67591018577592099  0.68640237917848468  0.69712491124211762  0.70785012664222258
  0.71823371921142032  0.72877848166041670  0.73920070989077347  0.74999038856877764
  0.76030886183474700  0.77094389202283442  0.78126608959448274  0.79151642686452539
  0.80182513742020833  0.81222200218517615  0.82276158342085182  0.83318450774195518
  0.84366524453428837  0.85416946877462030  0.86465662310199298  0.87508591769449795
  0.88546301091063606  0.89586532336507818  0.90640452789128734  0.91680330134899590
  0.92740504541731517  0.93783930379681979  0.94862377257794184  0.95926239733227314
  0.96948614431998903  0.97981927461832541  0.98995157520158128  1.00000000000000000
 -0.00262007583158764  0.00977448778528915  0.02015195266860489  0.03087915371693839
  0.04146062785400790  0.05185527834538406  0.06212541298059424  0.07254133317976606
  0.08290434675905659  0.09332836436449631  0.10379994030668152  0.11422854894177281
  0.12477344015075455  0.13512643406365729  0.14551652648178259  0.15581457351856082
  0.16617194360884616  0.17669160632849490  0.18727445419939001  0.19813541754831956
  0.20885444595126770  0.21988424489442882  0.23111123839866329  0.24236203818848107
  0.25352389206169690  0.26458984248837070  0.27528860982213149  0.28591145078238395
  0.29659202291057968  0.30745951275860173  0.31802765745927075  0.32826018787263228
  0.33856619013583089  0.34892462712532896  0.35946467394142739  0.37005956918556449
  0.38113437225632640  0.39225661803184186  0.40348143732266761  0.41461839572981762
  0.42557880479691412  0.43647351323219541  0.44733055015146317  0.45818769728365111
  0.46889892786867465  0.47932903033854402  0.48966822932688842  0.49992323986863763
  0.51015291658267492  0.52044524659586666  0.53079051952957768  0.54113781923336257
  0.55150951322632447  0.56192754791790622  0.57238211847114695  0.58275231819616924
  0.59310637783884712  0.60337125504053502  0.61391353972374052  0.62450395931558489
  0.63534584938683614  0.64605742856322468  0.65714078211840921  0.66789660539182039
  0.67841940452351512  0.68873768655148082  0.69888601185427301  0.70902620192265375
  0.71905703430911139  0.72919620893207615  0.73970381280641762  0.75007769654555578
  0.76032839962693710  0.77063901656390366  0.78105224858198874  0.79144272735118604
  0.80136109014409207  0.81124155432908429  0.82140650765898349  0.83160160524963778
  0.84196339528010944  0.85239537239284469  0.86281240928091552  0.87325615813910762
  0.88361562200151578  0.89413597680229018  0.90462889862430618  0.91497587216157505
  0.92554709774859534  0.93615162281137798  0.94686481276731027  0.95757422906309575
  0.96835834324633663  0.97929844601047511  0.98977168959542994  1.00000000000000000
 -0.00235810056727552  0.00969977560828047  0.01965497997646095  0.03034002198571735
  0.04083840049908373  0.05126126367247402  0.06180755987980772  0.07243160243120572
  0.08335583697610567  0.09397074284676152  0.10457348824741884  0.11553105686096020
  0.12660941245265731  0.13779531076236382  0.14902458147929137  0.16027566627816303
  0.17136131724100151  0.18247598635458462  0.19342897486924318  0.20436274512057967
  0.21507331352253700  0.22578357760093959  0.23648140895028083  0.24712438037464310
  0.25748967848856141  0.26768280195153710  0.27772077012513696  0.28794426975691534
  0.29798900647281701  0.30793519167736993  0.31778321028776507  0.32765593407257193
  0.33766928497443094  0.34782907865934676  0.35814396544216093  0.36859794207146845
  0.37899325353638968  0.38938164298949851  0.39984472003275540  0.41059200281738628
  0.42130551671093280  0.43206656727745596  0.44272741243288682  0.45342950836965723
  0.46415474540296348  0.47485968433228121  0.48568192351473777  0.49625469034468100
  0.50687699182329415  0.51744607981625268  0.52811209419708116  0.53887038446472124
  0.54986606963907814  0.56092941975178801  0.57172785482366195  0.58240182368418147
  0.59274611531422561  0.60314435572241198  0.61362064958934870  0.62412413354634322
  0.63469658003696794  0.64528632464437374  0.65600935491985402  0.66682868022506092
  0.67785537735194890  0.68876933345242408  0.69930014330934787  0.70964064991177622
  0.71988394302460512  0.73013463264214917  0.74025786627863799  0.75048636322158435
  0.76089118109416098  0.77128663959076726  0.78193362176886461  0.79252957106061994
  0.80325054789604788  0.81395559548917085  0.82466375350219079  0.83517408459373832
  0.84537375942078985  0.85543686960167908  0.86555602888041727  0.87568497038772342
  0.88607403535996077  0.89624965429630610  0.90686138436802577  0.91727747889383904
  0.92783570897530332  0.93843327007128741  0.94877260258470675  0.95921218434349043
  0.96957782334567133  0.97998231706039596  0.99005650488002128  1.00000000000000000
 -0.01818865808023983  0.10991729496473539  0.15069996885292744  0.17686969282373793
  0.19780302072041775  0.21596551319594726  0.23218798580340719  0.24708781454873449
  0.26079185319075560  0.27384837097061476  0.28616927985441837  0.29802383932046161
  0.30939366700005272  0.32042233184503743  0.33112888198246426  0.34158020342037260
  0.35178802703065876  0.36177013891047921  0.37152860240721802  0.38109144249891486
  0.39045664217305431  0.39965771920015902  0.40872518059818902  0.41769069850939994
  0.42653276715841076  0.43525497730538243  0.44386226052219463  0.45237265190486609
  0.46082014216322209  0.46917859471673340  0.47743634444718297  0.48556778563264874
  0.49359816560561731  0.50157003040897863  0.50944966075795162  0.51725846795579522
  0.52497436402374797  0.53260964484401196  0.54017508826763794  0.54766775784172894
  0.55509005984553728  0.56249987998589701  0.56983057532323689  0.57708966224256453
  0.58425192662985048  0.59128089682238671  0.59830961166330643  0.60529502533707769
  0.61220539830031351  0.61904946243123138  0.62580753552080803  0.63248652472052402
  0.63911028625587962  0.64567719397056655  0.65216625359632108  0.65858990035805742
  0.66497261128606411  0.67129020121605332  0.67756390598193239  0.68381315755233263
  0.69000780753418778  0.69613188976504436  0.70220567475668128  0.70824416895250464
  0.71422042382049045  0.72017902475102824  0.72612675822780981  0.73204125112829666
  0.73791410764157905  0.74375975642779435  0.74958645432035154  0.75539534830503297
  0.76122577659963031  0.76705242076279434  0.77288252395589774  0.77872584118044219
  0.78459383409283823  0.79051213903193529  0.79651384896339583  0.80258702136616844
  0.80870346293462003  0.81494389263485290  0.82134296993800993  0.82784106775653699
  0.83452735009340384  0.84148124779215994  0.84865301393856785  0.85612151465460562
  0.86408027170573343  0.87247956792200443  0.88168372791809235  0.89208232338963500
  0.90427528491958331  0.91989201307480539  0.94363967215320810  1.00000000000000000
   8.0818072030700914E-009  -1.0000000000000000     
 F F F F F F F F
  <DiscreteSampler_grid>
  grouped_processes
  1 # 1 for a reference and 2 for a running grid.
  10 # Attribute 'min_bin_probing_points' of the grid.
  1 # Attribute 'grid_mode' of the grid. 1=='default',2=='initialization'
  0.0000000000000000 # Attribute 'small_contrib_threshold' of the grid.
  0.5000000000000000 # Attribute 'damping_power' of the grid.
 # binID   n_entries weight   weight_sqr   abs_weight
    10   10   3.377058116779178E+005   1.355739446536685E+011   3.377058116779178E+005
    11   10   3.377058116779178E+005   1.355739446536685E+011   3.377058116779178E+005
  </DiscreteSampler_grid>
